Season,PLAYER_ID,PLAYER_NAME,TEAM_ID,TEAM_ABBREVIATION,GP,W,L,MIN,PULL_UP_FGM,PULL_UP_FGA,PULL_UP_FG_PCT,PULL_UP_PTS,PULL_UP_FG3M,PULL_UP_FG3A,PULL_UP_FG3_PCT,PULL_UP_EFG_PCT
2025-26,1630639,A.J. Lawson,1610612761,TOR,24,12,12,9.4,0.0,0.0,1.0,0.1,0.0,0.0,1.0,1.5
2025-26,1631260,AJ Green,1610612749,MIL,78,31,47,29.1,0.9,2.2,0.425,2.7,0.8,1.8,0.424,0.595
2025-26,1642358,AJ Johnson,1610612742,DAL,48,9,39,9.4,0.1,0.5,0.24,0.4,0.1,0.4,0.286,0.36
2025-26,203932,Aaron Gordon,1610612743,DEN,36,27,9,27.9,1.0,2.8,0.364,2.4,0.4,1.3,0.311,0.434
2025-26,1628988,Aaron Holiday,1610612745,HOU,57,38,19,13.7,0.2,0.9,0.241,0.6,0.1,0.4,0.24,0.296
2025-26,1630174,Aaron Nesmith,1610612754,IND,45,10,35,29.7,1.0,2.8,0.352,2.2,0.3,1.1,0.255,0.404
2025-26,1630598,Aaron Wiggins,1610612760,OKC,65,50,15,21.8,0.6,1.6,0.359,1.4,0.3,1.0,0.323,0.456
2025-26,1642846,Ace Bailey,1610612762,UTA,72,19,53,27.6,1.8,4.3,0.416,4.2,0.6,1.4,0.413,0.485
2025-26,1642380,Adama Bal,1610612763,MEM,8,1,7,30.2,0.8,2.0,0.375,2.3,0.8,1.6,0.462,0.563
2025-26,1641737,Adem Bona,1610612755,PHI,71,41,30,17.4,0.0,0.0,,0.0,0.0,0.0,,
2025-26,1642876,Adou Thiero,1610612747,LAL,25,15,10,6.0,0.0,0.0,,0.0,0.0,0.0,,
2025-26,1642349,Ajay Mitchell,1610612760,OKC,57,50,7,25.8,1.2,2.5,0.472,2.7,0.3,0.9,0.373,0.538
2025-26,201143,Al Horford,1610612744,GSW,45,22,23,21.5,0.1,0.3,0.429,0.3,0.0,0.1,0.25,0.464
2025-26,1630828,Alex Antetokounmpo,1610612749,MIL,6,2,4,3.4,0.2,0.2,1.0,0.3,0.0,0.0,,1.0
2025-26,1627936,Alex Caruso,1610612760,OKC,56,47,9,18.2,0.1,0.5,0.267,0.3,0.1,0.4,0.15,0.317
2025-26,1631457,Alex Morales,1610612753,ORL,4,3,1,5.9,0.3,0.3,1.0,0.5,0.0,0.0,,1.0
2025-26,1642259,Alex Sarr,1610612764,WAS,48,11,37,27.2,0.6,1.6,0.342,1.2,0.1,0.4,0.278,0.373
2025-26,1642918,Alijah Martin,1610612761,TOR,23,10,13,6.3,0.0,0.5,0.083,0.1,0.0,0.2,0.0,0.083
2025-26,1631214,Alondes Williams,1610612764,WAS,4,2,2,25.2,0.0,0.8,0.0,0.0,0.0,0.5,0.0,0.0
2025-26,1630578,Alperen Sengun,1610612745,HOU,72,46,26,33.3,0.9,2.8,0.338,2.0,0.1,0.4,0.346,0.361
2025-26,1642873,Amari Williams,1610612738,BOS,22,15,7,6.6,0.0,0.0,,0.0,,,,
2025-26,1641708,Amen Thompson,1610612745,HOU,79,49,30,37.4,0.6,2.1,0.301,1.3,0.0,0.2,0.105,0.307
2025-26,1629599,Amir Coffey,1610612756,PHX,46,20,26,10.7,0.3,0.7,0.484,0.7,0.0,0.1,0.333,0.5
2025-26,1643158,Andersson Garcia,1610612762,UTA,5,1,4,33.7,0.0,0.2,0.0,0.0,0.0,0.2,0.0,0.0
2025-26,203083,Andre Drummond,1610612755,PHI,63,33,30,19.5,0.0,0.1,0.4,0.1,0.0,0.0,0.667,0.6
2025-26,1641748,Andre Jackson Jr.,1610612749,MIL,48,12,36,8.5,0.1,0.6,0.25,0.4,0.1,0.4,0.316,0.357
2025-26,1629614,Andrew Nembhard,1610612754,IND,57,13,44,31.3,2.7,7.0,0.382,6.2,0.9,2.7,0.32,0.443
2025-26,203952,Andrew Wiggins,1610612748,MIA,68,35,33,30.3,1.1,2.6,0.412,2.5,0.3,0.7,0.44,0.475
2025-26,1629014,Anfernee Simons,1610612741,CHI,55,31,24,24.9,2.3,5.8,0.394,5.7,1.1,3.3,0.337,0.491
2025-26,1641710,Anthony Black,1610612753,ORL,64,36,28,29.8,1.0,3.2,0.319,2.6,0.5,1.7,0.318,0.403
2025-26,203076,Anthony Davis,1610612764,WAS,20,10,10,31.3,1.6,4.1,0.383,3.2,0.1,0.3,0.333,0.395
2025-26,1630162,Anthony Edwards,1610612750,MIN,61,37,24,35.0,4.6,11.2,0.407,11.2,2.1,6.0,0.353,0.501
2025-26,1630264,Anthony Gill,1610612764,WAS,55,6,49,17.3,0.1,0.2,0.4,0.1,0.0,0.0,0.0,0.4
2025-26,1641810,Antonio Reeves,1610612766,CHA,10,4,6,6.8,0.2,0.4,0.5,0.6,0.2,0.3,0.667,0.75
2025-26,1630574,Ariel Hukporti,1610612752,NYK,54,35,19,9.2,0.0,0.0,0.5,0.0,0.0,0.0,,0.5
2025-26,1642854,Asa Newell,1610612737,ATL,44,23,21,11.4,0.0,0.1,0.25,0.0,0.0,0.0,0.0,0.25
2025-26,1641709,Ausar Thompson,1610612765,DET,73,53,20,26.0,0.4,1.1,0.358,0.8,0.0,0.0,0.667,0.37
2025-26,1630559,Austin Reaves,1610612747,LAL,51,36,15,34.5,2.2,6.0,0.366,5.5,1.1,3.4,0.322,0.458
2025-26,1630245,Ayo Dosunmu,1610612750,MIN,69,36,33,27.3,0.7,1.4,0.505,1.8,0.3,0.7,0.479,0.621
2025-26,1628389,Bam Adebayo,1610612748,MIA,73,37,36,32.4,1.3,3.8,0.347,2.9,0.3,0.8,0.323,0.383
2025-26,1631248,Baylor Scheierman,1610612738,BOS,77,54,23,18.6,0.5,1.2,0.451,1.4,0.3,0.7,0.442,0.577
2025-26,1642879,Ben Saraf,1610612751,BKN,44,10,34,20.8,0.1,0.8,0.171,0.4,0.1,0.5,0.2,0.229
2025-26,1641767,Ben Sheppard,1610612754,IND,65,16,49,21.4,0.2,0.7,0.292,0.5,0.1,0.4,0.269,0.365
2025-26,1631097,Bennedict Mathurin,1610612746,LAC,54,22,32,30.0,1.8,4.9,0.357,4.2,0.7,2.3,0.29,0.425
2025-26,1643016,Bez Mbeng,1610612762,UTA,15,2,13,32.8,0.2,0.8,0.25,0.5,0.1,0.6,0.222,0.333
2025-26,1641731,Bilal Coulibaly,1610612764,WAS,56,14,42,26.2,0.5,1.6,0.295,1.0,0.1,0.6,0.176,0.33
2025-26,202687,Bismack Biyombo,1610612759,SAS,25,20,5,5.7,0.0,0.0,,0.0,,,,
2025-26,1642396,Blake Hinson,1610612762,UTA,14,4,10,20.4,0.4,1.1,0.333,0.9,0.1,0.6,0.222,0.4
2025-26,1631104,Blake Wesley,1610612757,POR,31,20,11,11.6,0.1,0.7,0.19,0.3,0.0,0.2,0.0,0.19
2025-26,1626171,Bobby Portis,1610612749,MIL,67,26,41,24.2,1.3,2.7,0.459,2.6,0.1,0.3,0.45,0.484
2025-26,1641752,Bobi Klintman,1610612765,DET,12,8,4,5.9,0.1,0.2,0.5,0.2,0.0,0.0,,0.5
2025-26,203992,Bogdan Bogdanović,1610612746,LAC,23,8,15,19.7,1.3,3.0,0.435,3.3,0.7,1.9,0.395,0.558
2025-26,1630538,Bones Hyland,1610612750,MIN,71,42,29,16.6,1.0,2.4,0.408,2.6,0.7,1.9,0.361,0.55
2025-26,203078,Bradley Beal,1610612746,LAC,6,2,4,20.2,0.7,3.0,0.222,1.3,0.0,0.8,0.0,0.222
2025-26,1642382,Branden Carlson,1610612760,OKC,42,32,10,11.6,0.0,0.1,0.167,0.1,0.0,0.1,0.333,0.25
2025-26,1641764,Brandin Podziemski,1610612744,GSW,82,37,45,28.4,1.5,4.0,0.361,3.6,0.6,1.9,0.335,0.44
2025-26,1629634,Brandon Clarke,1610612763,MEM,2,1,1,10.2,0.0,0.5,0.0,0.0,,,,0.0
2025-26,1627742,Brandon Ingram,1610612761,TOR,77,43,34,33.8,3.8,8.2,0.464,7.9,0.3,1.0,0.291,0.483
2025-26,1641706,Brandon Miller,1610612766,CHA,65,41,24,30.3,2.3,5.9,0.389,5.5,0.9,2.6,0.361,0.467
2025-26,1630314,Brandon Williams,1610612742,DAL,66,23,43,22.2,0.9,2.2,0.424,2.0,0.1,0.6,0.231,0.455
2025-26,1641729,Brice Sensabaugh,1610612762,UTA,75,18,57,23.5,1.5,3.7,0.398,3.5,0.6,1.6,0.361,0.477
2025-26,1642355,Bronny James,1610612747,LAL,42,24,18,8.9,0.5,1.4,0.317,1.1,0.2,0.7,0.357,0.4
2025-26,201572,Brook Lopez,1610612746,LAC,75,41,34,21.8,0.4,1.0,0.397,0.9,0.1,0.3,0.391,0.455
2025-26,1642964,Brooks Barnhizer,1610612760,OKC,40,29,11,8.7,0.1,0.5,0.25,0.3,0.0,0.1,0.25,0.275
2025-26,1628971,Bruce Brown,1610612743,DEN,82,54,28,24.4,0.3,0.9,0.314,0.6,0.0,0.1,0.375,0.336
2025-26,1631121,Bryce McGowens,1610612740,NOP,42,14,28,21.0,0.4,1.0,0.425,0.9,0.1,0.3,0.417,0.488
2025-26,1642267,Bub Carrington,1610612764,WAS,82,17,65,27.7,2.4,5.3,0.452,5.9,1.1,2.7,0.407,0.555
2025-26,1631205,Buddy Boeheim,1610612760,OKC,4,2,2,3.8,0.0,0.5,0.0,0.0,0.0,0.5,0.0,0.0
2025-26,1627741,Buddy Hield,1610612737,ATL,51,25,26,16.1,0.4,1.7,0.259,1.2,0.3,1.2,0.246,0.347
2025-26,1643047,CJ Huntley,1610612756,PHX,4,3,1,10.1,0.0,0.0,,0.0,0.0,0.0,,
2025-26,203468,CJ McCollum,1610612737,ATL,76,37,39,29.8,3.2,7.3,0.435,7.7,1.3,3.4,0.386,0.525
2025-26,1630595,Cade Cunningham,1610612765,DET,64,47,17,33.9,3.1,7.6,0.411,7.5,1.2,3.4,0.359,0.493
2025-26,1631216,Caleb Houstan,1610612737,ATL,18,12,6,4.2,0.0,0.1,0.0,0.0,0.0,0.1,0.0,0.0
2025-26,1631126,Caleb Love,1610612757,POR,49,24,25,20.7,1.0,2.9,0.326,2.4,0.5,1.9,0.247,0.406
2025-26,1628997,Caleb Martin,1610612742,DAL,58,20,38,14.8,0.1,0.5,0.258,0.3,0.0,0.1,0.2,0.274
2025-26,1642353,Cam Christie,1610612746,LAC,55,26,29,8.7,0.1,0.5,0.276,0.3,0.0,0.2,0.083,0.293
2025-26,1642285,Cam Spencer,1610612763,MEM,72,23,49,23.8,2.0,4.3,0.46,5.1,1.1,2.4,0.44,0.583
2025-26,1630560,Cam Thomas,1610612749,MIL,42,12,30,21.0,2.3,6.2,0.373,5.4,0.7,2.6,0.282,0.433
2025-26,1641715,Cam Whitmore,1610612764,WAS,21,3,18,16.9,0.7,2.6,0.259,1.8,0.5,1.9,0.25,0.352
2025-26,1629661,Cameron Johnson,1610612743,DEN,54,37,17,30.5,0.7,1.7,0.407,1.7,0.3,0.7,0.459,0.5
2025-26,1626166,Cameron Payne,1610612755,PHI,22,12,10,17.0,1.2,3.2,0.38,3.3,0.8,2.5,0.333,0.507
2025-26,1627747,Caris LeVert,1610612765,DET,60,44,16,19.2,0.8,2.2,0.348,1.9,0.4,1.2,0.319,0.436
2025-26,1642868,Carter Bryant,1610612759,SAS,71,56,15,11.5,0.1,0.4,0.231,0.2,0.0,0.2,0.167,0.269
2025-26,1641717,Cason Wallace,1610612760,OKC,77,61,16,26.6,0.4,1.1,0.354,0.9,0.2,0.6,0.319,0.445
2025-26,1642907,Cedric Coward,1610612763,MEM,62,20,42,25.8,0.9,2.4,0.371,2.2,0.4,1.1,0.377,0.457
2025-26,1643052,Chaney Johnson,1610612751,BKN,17,4,13,20.4,0.5,0.7,0.667,1.1,0.1,0.3,0.4,0.75
2025-26,1629646,Charles Bassey,1610612744,GSW,13,4,9,11.7,0.1,0.1,1.0,0.2,,,,1.0
2025-26,1642404,Chaz Lanier,1610612765,DET,34,28,6,7.7,0.2,0.6,0.3,0.4,0.0,0.1,0.0,0.3
2025-26,1631096,Chet Holmgren,1610612760,OKC,69,56,13,28.9,0.9,2.1,0.441,2.0,0.1,0.5,0.281,0.472
2025-26,1628449,Chris Boucher,1610612738,BOS,9,4,5,10.5,0.0,0.2,0.0,0.0,0.0,0.1,0.0,0.0
2025-26,1641753,Chris Livingston,1610612739,CLE,3,2,1,5.8,0.0,0.0,,0.0,0.0,0.0,,
2025-26,1643024,Chris Mañon,1610612747,LAL,9,4,5,5.1,0.0,0.1,0.0,0.0,0.0,0.0,,0.0
2025-26,101108,Chris Paul,1610612746,LAC,16,4,12,14.2,0.7,2.4,0.289,1.8,0.4,1.2,0.368,0.382
2025-26,1642959,Chris Youngblood,1610612757,POR,34,29,5,5.4,0.1,0.2,0.286,0.1,0.0,0.1,0.25,0.357
2025-26,1631128,Christian Braun,1610612743,DEN,44,29,15,31.8,0.2,0.8,0.235,0.5,0.1,0.4,0.211,0.294
2025-26,1631132,Christian Koloko,1610612737,ATL,27,16,11,13.2,0.0,0.0,1.0,0.1,0.0,0.0,,1.0
2025-26,1642935,Chucky Hepburn,1610612761,TOR,2,0,2,6.6,0.0,1.0,0.0,0.0,0.0,0.5,0.0,0.0
2025-26,203991,Clint Capela,1610612745,HOU,75,47,28,12.3,0.0,0.0,0.0,0.0,0.0,0.0,,0.0
2025-26,1629632,Coby White,1610612766,CHA,50,29,21,25.0,1.5,4.3,0.341,3.8,0.8,2.7,0.311,0.439
2025-26,1628998,Cody Martin,1610612754,IND,4,0,4,13.8,0.0,0.5,0.0,0.0,0.0,0.3,0.0,0.0
2025-26,1642262,Cody Williams,1610612762,UTA,67,16,51,24.3,0.6,1.6,0.396,1.3,0.0,0.2,0.0,0.396
2025-26,1641732,Colby Jones,1610612765,DET,1,0,1,6.8,0.0,0.0,,0.0,0.0,0.0,,
2025-26,1630175,Cole Anthony,1610612749,MIL,35,12,23,15.0,1.2,2.9,0.41,2.6,0.2,0.8,0.296,0.45
2025-26,1630658,Colin Castleton,1610612753,ORL,4,3,1,5.3,0.0,0.0,,0.0,,,,
2025-26,1631221,Collin Gillespie,1610612756,PHX,80,43,37,28.5,2.1,5.4,0.382,5.3,1.2,3.5,0.348,0.497
2025-26,1642867,Collin Murray-Boyles,1610612761,TOR,57,31,26,21.9,0.0,0.1,0.286,0.1,0.0,0.0,1.0,0.357
2025-26,1629012,Collin Sexton,1610612741,CHI,68,25,43,23.7,1.0,2.9,0.362,2.6,0.5,1.5,0.34,0.449
2025-26,1642843,Cooper Flagg,1610612742,DAL,70,22,48,33.5,2.4,6.6,0.361,5.4,0.6,2.0,0.307,0.407
2025-26,1630557,Corey Kispert,1610612737,ATL,58,27,31,18.6,0.3,0.8,0.354,0.8,0.2,0.6,0.333,0.479
2025-26,1642504,Cormac Ryan,1610612749,MIL,11,2,9,24.6,0.5,1.5,0.353,1.5,0.4,0.9,0.4,0.471
2025-26,1641854,Craig Porter Jr.,1610612739,CLE,64,43,21,17.9,0.5,1.5,0.372,1.4,0.3,0.8,0.347,0.463
2025-26,1642938,Curtis Jones,1610612743,DEN,10,8,2,8.8,0.5,1.1,0.455,1.3,0.3,0.9,0.333,0.591
2025-26,1626156,D'Angelo Russell,1610612764,WAS,26,9,17,19.0,1.7,4.5,0.373,4.0,0.6,2.1,0.278,0.436
2025-26,1629610,DaQuan Jeffries,1610612758,SAC,3,0,3,20.0,0.3,1.0,0.333,1.0,0.3,1.0,0.333,0.5
2025-26,1641747,DaRon Holmes II,1610612743,DEN,25,17,8,8.4,0.0,0.0,1.0,0.1,0.0,0.0,1.0,1.5
2025-26,1631342,Daeqwon Plowden,1610612758,SAC,32,9,23,26.4,0.3,0.6,0.444,0.6,0.1,0.4,0.308,0.556
2025-26,1630625,Dalano Banton,1610612738,BOS,6,4,2,10.3,0.2,0.2,1.0,0.3,0.0,0.0,,1.0
2025-26,1631207,Dalen Terry,1610612755,PHI,48,22,26,11.5,0.1,0.3,0.375,0.3,0.1,0.2,0.4,0.5
2025-26,1642261,Dalton Knecht,1610612747,LAL,54,34,20,10.2,0.4,0.9,0.438,0.9,0.1,0.4,0.263,0.49
2025-26,1629655,Daniel Gafford,1610612742,DAL,55,12,43,21.7,0.0,0.1,0.4,0.1,,,,0.4
2025-26,1642450,Daniss Jenkins,1610612765,DET,72,54,18,20.2,1.0,2.8,0.345,2.2,0.3,1.1,0.266,0.397
2025-26,1642874,Danny Wolf,1610612751,BKN,57,14,43,20.8,0.3,0.9,0.278,0.7,0.2,0.6,0.303,0.37
2025-26,203967,Dario Saric,1610612758,SAC,5,1,4,8.2,0.0,0.2,0.0,0.0,0.0,0.0,,0.0
2025-26,1641727,Dariq Whitehead,1610612763,MEM,6,0,6,30.5,1.3,4.2,0.32,3.7,1.0,3.3,0.3,0.44
2025-26,1642468,Darius Brown,1610612739,CLE,1,1,0,2.7,0.0,1.0,0.0,0.0,,,,0.0
2025-26,1629636,Darius Garland,1610612746,LAC,45,26,19,29.9,2.7,6.7,0.399,6.9,1.5,3.9,0.386,0.512
2025-26,1642357,David Jones Garcia,1610612759,SAS,11,7,4,6.2,0.2,0.3,0.667,0.5,0.2,0.3,0.667,1.0
2025-26,1631223,David Roddy,1610612743,DEN,5,4,1,14.6,0.6,1.2,0.5,1.6,0.4,1.0,0.4,0.667
2025-26,1630558,Davion Mitchell,1610612748,MIA,70,37,33,28.6,0.7,1.5,0.449,1.7,0.3,0.7,0.44,0.551
2025-26,1630549,Day'Ron Sharpe,1610612751,BKN,62,17,45,18.7,0.0,0.1,0.143,0.0,0.0,0.1,0.2,0.214
2025-26,1628368,De'Aaron Fox,1610612759,SAS,72,55,17,31.0,2.5,6.1,0.405,5.7,0.8,2.7,0.283,0.466
2025-26,1629631,De'Andre Hunter,1610612758,SAC,45,24,21,26.1,1.3,3.4,0.397,3.0,0.3,1.3,0.237,0.444
2025-26,1629001,De'Anthony Melton,1610612744,GSW,49,22,27,23.0,0.5,2.1,0.248,1.3,0.2,1.4,0.164,0.3
2025-26,201599,DeAndre Jordan,1610612740,NOP,12,6,6,16.6,0.0,0.0,,0.0,,,,
2025-26,1630610,DeJon Jarreau,1610612763,MEM,11,2,9,21.0,0.4,1.5,0.25,0.7,0.0,0.5,0.0,0.25
2025-26,201942,DeMar DeRozan,1610612758,SAC,77,20,57,31.2,3.3,7.3,0.455,6.7,0.1,0.5,0.222,0.463
2025-26,1629731,Dean Wade,1610612739,CLE,59,36,23,22.3,0.1,0.3,0.333,0.2,0.1,0.1,0.429,0.433
2025-26,1629028,Deandre Ayton,1610612747,LAL,72,46,26,27.2,0.1,0.3,0.273,0.2,,,,0.273
2025-26,1627749,Dejounte Murray,1610612740,NOP,14,5,9,27.8,2.7,5.6,0.481,6.0,0.6,2.1,0.267,0.532
2025-26,1630166,Deni Avdija,1610612757,POR,66,35,31,33.3,1.2,3.7,0.321,2.9,0.6,2.2,0.25,0.397
2025-26,203471,Dennis Schröder,1610612739,CLE,70,29,41,24.2,1.1,2.9,0.361,2.3,0.2,0.9,0.25,0.398
2025-26,1641726,Dereck Lively II,1610612742,DAL,7,3,4,16.5,0.0,0.0,,0.0,,,,
2025-26,1642852,Derik Queen,1610612740,NOP,81,26,55,25.0,0.5,1.6,0.336,1.1,0.0,0.1,0.273,0.347
2025-26,1627884,Derrick Jones Jr.,1610612746,LAC,50,26,24,27.0,0.1,0.5,0.222,0.3,0.0,0.2,0.2,0.259
2025-26,1628401,Derrick White,1610612738,BOS,77,52,25,34.1,2.5,7.0,0.365,6.4,1.3,4.0,0.321,0.456
2025-26,1630217,Desmond Bane,1610612753,ORL,82,45,37,33.6,1.8,4.7,0.39,4.5,0.8,2.4,0.345,0.478
2025-26,1626164,Devin Booker,1610612756,PHX,64,37,27,33.5,4.6,10.9,0.419,10.3,1.1,3.7,0.301,0.471
2025-26,1642269,Devin Carter,1610612758,SAC,38,8,30,18.4,0.5,1.7,0.297,1.4,0.4,1.1,0.357,0.414
2025-26,1630170,Devin Vassell,1610612759,SAS,67,52,15,30.5,1.6,3.6,0.432,3.4,0.3,0.8,0.315,0.467
2025-26,1628415,Dillon Brooks,1610612756,PHX,56,32,24,30.4,3.8,9.1,0.424,8.5,0.8,2.6,0.318,0.47
2025-26,1641794,Dillon Jones,1610612752,NYK,7,5,2,5.6,0.0,0.6,0.0,0.0,0.0,0.3,0.0,0.0
2025-26,1627734,Domantas Sabonis,1610612758,SAC,19,3,16,29.7,0.1,0.1,0.5,0.1,0.0,0.0,,0.5
2025-26,1631230,Dominick Barlow,1610612755,PHI,71,40,31,23.8,0.0,0.3,0.105,0.1,0.0,0.0,,0.105
2025-26,1642270,Donovan Clingan,1610612757,POR,77,41,36,27.2,0.0,0.2,0.188,0.1,0.0,0.2,0.143,0.25
2025-26,1628378,Donovan Mitchell,1610612739,CLE,70,45,25,33.5,3.6,9.1,0.399,9.1,1.8,5.4,0.337,0.498
2025-26,1628978,Donte DiVincenzo,1610612750,MIN,82,49,33,30.4,0.8,2.1,0.366,2.1,0.6,1.7,0.345,0.503
2025-26,1627827,Dorian Finney-Smith,1610612745,HOU,37,23,14,16.8,0.0,0.2,0.167,0.1,0.0,0.1,0.2,0.25
2025-26,203926,Doug McDermott,1610612758,SAC,29,8,21,15.1,0.2,0.6,0.313,0.5,0.1,0.4,0.364,0.438
2025-26,1642962,Drake Powell,1610612751,BKN,63,16,47,20.9,0.6,1.5,0.368,1.2,0.1,0.5,0.25,0.411
2025-26,203110,Draymond Green,1610612744,GSW,68,31,37,27.5,0.1,0.2,0.267,0.1,0.0,0.0,0.0,0.267
2025-26,1629234,Drew Eubanks,1610612758,SAC,42,10,32,13.1,0.2,0.3,0.667,0.4,0.0,0.0,0.0,0.667
2025-26,1641809,Drew Peterson,1610612766,CHA,6,1,5,10.7,0.0,0.2,0.0,0.0,0.0,0.0,,0.0
2025-26,1631166,Drew Timme,1610612747,LAL,27,18,9,8.7,0.1,0.3,0.444,0.3,0.0,0.1,0.5,0.5
2025-26,1630696,Dru Smith,1610612748,MIA,70,38,32,16.3,0.2,0.6,0.385,0.5,0.1,0.3,0.25,0.449
2025-26,1629130,Duncan Robinson,1610612765,DET,77,58,19,27.4,0.7,1.9,0.399,2.1,0.6,1.6,0.367,0.552
2025-26,1641871,Duop Reath,1610612757,POR,32,16,16,8.1,0.0,0.0,,0.0,0.0,0.0,,
2025-26,203939,Dwight Powell,1610612742,DAL,63,19,44,14.4,0.0,0.0,,0.0,0.0,0.0,,
2025-26,1642928,Dylan Cardwell,1610612758,SAC,44,13,31,20.6,0.0,0.1,0.25,0.0,0.0,0.0,,0.25
2025-26,1642844,Dylan Harper,1610612759,SAS,69,53,16,22.6,0.7,1.9,0.389,1.6,0.1,0.6,0.171,0.416
2025-26,1630700,Dyson Daniels,1610612737,ATL,76,44,32,33.2,0.3,0.7,0.471,0.6,0.0,0.1,0.1,0.48
2025-26,1630604,E.J. Liddell,1610612751,BKN,26,5,21,13.4,0.2,0.5,0.385,0.4,0.0,0.1,0.333,0.423
2025-26,1642856,Egor Dëmin,1610612751,BKN,52,14,38,25.2,1.0,2.9,0.329,2.7,0.8,2.3,0.35,0.464
2025-26,1641989,Elijah Harkless,1610612762,UTA,26,5,21,21.0,0.3,1.2,0.258,0.7,0.1,0.6,0.188,0.306
2025-26,1641801,Emanuel Miller,1610612759,SAS,5,0,5,6.6,0.0,0.0,,0.0,0.0,0.0,,
2025-26,1642402,Enrique Freeman,1610612750,MIN,4,3,1,9.3,0.0,0.3,0.0,0.0,0.0,0.3,0.0,0.0
2025-26,201569,Eric Gordon,1610612755,PHI,6,3,3,12.3,0.0,0.2,0.0,0.0,0.0,0.2,0.0,0.0
2025-26,1630679,Ethan Thompson,1610612754,IND,32,8,24,20.4,0.4,1.2,0.342,1.1,0.3,0.6,0.444,0.447
2025-26,1630596,Evan Mobley,1610612739,CLE,65,40,25,31.9,0.5,1.5,0.351,1.2,0.2,0.6,0.263,0.402
2025-26,1630532,Franz Wagner,1610612753,ORL,34,20,14,30.0,1.6,4.0,0.412,3.9,0.6,1.9,0.317,0.485
2025-26,1641713,GG Jackson,1610612763,MEM,55,16,39,21.4,0.6,1.7,0.337,1.5,0.3,1.1,0.306,0.44
2025-26,1629216,Gabe Vincent,1610612737,ATL,53,36,17,16.6,0.4,1.4,0.306,1.2,0.3,1.0,0.321,0.424
2025-26,202066,Garrett Temple,1610612761,TOR,22,10,12,3.3,0.0,0.1,0.333,0.1,0.0,0.1,0.0,0.333
2025-26,1629726,Garrison Mathews,1610612754,IND,15,4,11,13.1,0.1,0.4,0.167,0.1,0.0,0.3,0.0,0.167
2025-26,203914,Gary Harris,1610612749,MIL,48,15,33,13.8,0.1,0.3,0.188,0.1,0.0,0.2,0.125,0.219
2025-26,1627780,Gary Payton II,1610612744,GSW,73,33,40,15.6,0.1,0.2,0.385,0.2,0.1,0.1,0.444,0.538
2025-26,1629018,Gary Trent Jr.,1610612749,MIL,65,24,41,21.2,0.9,2.5,0.366,2.2,0.4,1.4,0.286,0.447
2025-26,203507,Giannis Antetokounmpo,1610612749,MIL,36,17,19,28.9,0.8,3.1,0.265,1.8,0.1,0.7,0.208,0.288
2025-26,1629048,Goga Bitadze,1610612753,ORL,64,34,30,15.2,0.0,0.0,0.0,0.0,0.0,0.0,,0.0
2025-26,1641711,Gradey Dick,1610612761,TOR,76,43,33,14.0,0.4,1.0,0.355,0.8,0.1,0.3,0.32,0.408
2025-26,1641761,Grant Nelson,1610612751,BKN,4,0,4,8.8,0.0,0.0,,0.0,,,,
2025-26,1629684,Grant Williams,1610612766,CHA,36,25,11,19.8,0.3,0.9,0.353,0.8,0.2,0.5,0.353,0.441
2025-26,1628960,Grayson Allen,1610612756,PHX,51,26,25,28.8,1.4,4.3,0.321,3.9,1.2,3.7,0.312,0.456
2025-26,1627824,Guerschon Yabusele,1610612741,CHI,67,32,35,15.0,0.1,0.2,0.357,0.2,0.0,0.1,0.429,0.464
2025-26,1630611,Gui Santos,1610612744,GSW,68,29,39,20.5,0.0,0.3,0.15,0.1,0.0,0.3,0.118,0.2
2025-26,203084,Harrison Barnes,1610612759,SAS,77,57,20,25.8,0.3,0.9,0.338,0.8,0.2,0.5,0.35,0.437
2025-26,1631127,Harrison Ingram,1610612759,SAS,7,6,1,3.7,0.0,0.0,,0.0,0.0,0.0,,
2025-26,1643060,Hayden Gray,1610612762,UTA,1,0,1,24.8,1.0,2.0,0.5,2.0,0.0,1.0,0.0,0.5
2025-26,1629312,Haywood Highsmith,1610612756,PHX,7,4,3,13.0,0.3,0.6,0.5,0.7,0.1,0.3,0.5,0.625
2025-26,1630529,Herbert Jones,1610612740,NOP,56,22,34,28.4,0.5,1.4,0.325,1.1,0.2,0.8,0.267,0.4
2025-26,1642864,Hugo González,1610612738,BOS,74,51,23,14.6,0.1,0.2,0.25,0.1,0.0,0.1,0.1,0.281
2025-26,1630621,Hunter Dickinson,1610612740,NOP,5,1,4,8.5,0.0,0.0,,0.0,0.0,0.0,,
2025-26,1642282,Hunter Sallis,1610612755,PHI,7,3,4,3.7,0.0,0.1,0.0,0.0,,,,0.0
2025-26,1641816,Hunter Tyson,1610612743,DEN,21,15,6,7.7,0.0,0.3,0.167,0.1,0.0,0.2,0.25,0.25
2025-26,1630193,Immanuel Quickley,1610612761,TOR,70,41,29,31.9,1.7,4.5,0.378,3.9,0.5,2.0,0.275,0.438
2025-26,1642403,Isaac Jones,1610612765,DET,7,5,2,5.1,0.0,0.0,,0.0,0.0,0.0,,
2025-26,1630171,Isaac Okoro,1610612741,CHI,63,26,37,26.9,0.1,0.4,0.346,0.4,0.1,0.4,0.32,0.5
2025-26,1642268,Isaiah Collier,1610612762,UTA,59,16,43,25.7,0.7,1.9,0.375,1.6,0.2,0.6,0.333,0.429
2025-26,1642384,Isaiah Crawford,1610612745,HOU,14,8,6,6.6,0.1,0.2,0.333,0.1,0.0,0.1,0.0,0.333
2025-26,1628392,Isaiah Hartenstein,1610612760,OKC,47,39,8,24.2,0.1,0.3,0.467,0.3,0.0,0.0,,0.467
2025-26,1630543,Isaiah Jackson,1610612746,LAC,55,20,35,16.5,0.0,0.1,0.25,0.1,0.0,0.0,0.0,0.25
2025-26,1630198,Isaiah Joe,1610612760,OKC,71,56,15,21.2,0.7,1.6,0.451,1.8,0.4,1.0,0.38,0.571
2025-26,1630587,Isaiah Livers,1610612756,PHX,36,21,15,9.6,0.1,0.3,0.2,0.1,0.0,0.2,0.143,0.25
2025-26,1641815,Isaiah Stevens,1610612758,SAC,3,0,3,14.3,0.0,0.3,0.0,0.0,0.0,0.0,,0.0
2025-26,1630191,Isaiah Stewart,1610612765,DET,58,42,16,22.7,0.0,0.1,0.167,0.1,0.0,0.1,0.2,0.25
2025-26,1627826,Ivica Zubac,1610612754,IND,48,17,31,30.1,0.0,0.2,0.125,0.0,,,,0.125
2025-26,1631120,JD Davison,1610612745,HOU,28,23,5,7.8,0.3,0.8,0.348,0.6,0.1,0.4,0.2,0.391
2025-26,1629630,Ja Morant,1610612763,MEM,20,7,13,28.4,2.3,6.9,0.326,5.0,0.5,2.5,0.204,0.362
2025-26,1642266,Ja'Kobe Walter,1610612761,TOR,72,41,31,20.5,0.1,0.4,0.185,0.2,0.0,0.2,0.154,0.222
2025-26,1631095,Jabari Smith Jr.,1610612745,HOU,77,48,29,35.1,1.6,3.6,0.445,3.5,0.3,0.8,0.355,0.485
2025-26,1631133,Jabari Walker,1610612755,PHI,64,36,28,11.9,0.0,0.1,0.2,0.0,0.0,0.0,0.0,0.2
2025-26,1631210,Jacob Toppin,1610612737,ATL,5,3,2,3.4,0.2,0.4,0.5,0.4,,,,0.5
2025-26,1630702,Jaden Hardy,1610612764,WAS,57,13,44,15.8,0.9,2.3,0.395,2.2,0.4,1.2,0.379,0.492
2025-26,1631093,Jaden Ivey,1610612741,CHI,37,23,14,18.1,0.8,1.8,0.433,1.8,0.3,0.8,0.333,0.507
2025-26,1630183,Jaden McDaniels,1610612750,MIN,73,44,29,31.7,1.6,3.6,0.436,3.6,0.4,1.1,0.354,0.491
2025-26,1630256,Jae'Sean Tate,1610612745,HOU,46,33,13,8.8,0.0,0.2,0.222,0.1,0.0,0.1,0.333,0.278
2025-26,1642942,Jahmai Mashack,1610612763,MEM,31,10,21,21.7,0.2,0.9,0.185,0.4,0.1,0.5,0.143,0.222
2025-26,1642443,Jahmir Young,1610612748,MIA,14,10,4,4.2,0.1,0.4,0.2,0.1,0.0,0.1,0.0,0.2
2025-26,1643141,Jahmyl Telfort,1610612746,LAC,8,2,6,4.0,0.0,0.0,,0.0,0.0,0.0,,
2025-26,1631170,Jaime Jaquez Jr.,1610612748,MIA,75,41,34,28.3,0.7,1.9,0.376,1.5,0.1,0.3,0.273,0.397
2025-26,1631222,Jake LaRavia,1610612747,LAL,82,53,29,25.1,0.2,0.7,0.333,0.6,0.1,0.4,0.324,0.425
2025-26,1627751,Jakob Poeltl,1610612761,TOR,46,26,20,25.0,0.0,0.0,0.0,0.0,,,,0.0
2025-26,1628973,Jalen Brunson,1610612752,NYK,74,50,24,35.0,4.8,10.9,0.439,11.0,1.4,4.1,0.343,0.504
2025-26,1631105,Jalen Duren,1610612765,DET,70,50,20,28.2,0.2,0.5,0.459,0.5,,,,0.459
2025-26,1630224,Jalen Green,1610612756,PHX,32,17,15,25.9,2.7,6.8,0.394,6.4,1.1,3.6,0.298,0.472
2025-26,1630552,Jalen Johnson,1610612737,ATL,72,42,30,35.2,1.8,4.7,0.391,4.1,0.4,1.5,0.296,0.438
2025-26,1629618,Jalen Pickett,1610612743,DEN,50,34,16,16.1,0.6,1.6,0.363,1.5,0.3,0.9,0.341,0.456
2025-26,1641771,Jalen Slawson,1610612754,IND,13,3,10,23.9,0.2,0.3,0.5,0.4,0.1,0.2,0.5,0.625
2025-26,1630188,Jalen Smith,1610612741,CHI,53,26,27,20.7,0.0,0.2,0.25,0.1,0.0,0.1,0.143,0.313
2025-26,1630591,Jalen Suggs,1610612753,ORL,57,34,23,27.6,1.5,4.4,0.339,3.6,0.6,2.4,0.259,0.41
2025-26,1631114,Jalen Williams,1610612760,OKC,33,25,8,28.4,1.8,4.8,0.382,3.8,0.2,0.8,0.222,0.401
2025-26,1630592,Jalen Wilson,1610612751,BKN,54,10,44,15.9,0.2,0.5,0.414,0.5,0.1,0.2,0.5,0.5
2025-26,1631288,Jamal Cain,1610612753,ORL,40,22,18,12.1,0.3,0.6,0.542,0.8,0.2,0.3,0.545,0.667
2025-26,1627750,Jamal Murray,1610612743,DEN,75,48,27,35.4,4.1,9.4,0.438,10.2,2.0,4.7,0.423,0.542
2025-26,1642347,Jamal Shead,1610612761,TOR,82,46,36,22.6,0.5,1.5,0.328,1.2,0.3,0.7,0.362,0.414
2025-26,1631123,Jamaree Bouyea,1610612756,PHX,46,23,23,14.0,0.7,2.0,0.323,1.6,0.3,0.8,0.324,0.387
2025-26,201935,James Harden,1610612739,CLE,70,40,30,34.8,3.2,8.1,0.389,8.5,2.2,6.0,0.368,0.526
2025-26,1630164,James Wiseman,1610612754,IND,4,0,4,14.6,0.0,0.0,,0.0,,,,
2025-26,1642364,Jamir Watkins,1610612764,WAS,50,10,40,20.6,0.2,0.5,0.296,0.4,0.1,0.4,0.333,0.407
2025-26,1642419,Jamison Battle,1610612761,TOR,61,35,26,8.5,0.1,0.3,0.35,0.3,0.1,0.2,0.364,0.45
2025-26,1641716,Jarace Walker,1610612754,IND,76,16,60,25.7,0.9,2.6,0.338,2.1,0.3,1.1,0.291,0.403
2025-26,1642272,Jared McCain,1610612760,OKC,67,46,21,17.3,1.1,2.7,0.42,2.7,0.5,1.4,0.352,0.508
2025-26,1628991,Jaren Jackson Jr.,1610612762,UTA,48,19,29,30.3,1.1,3.0,0.385,2.4,0.1,0.6,0.222,0.406
2025-26,1629020,Jarred Vanderbilt,1610612747,LAL,65,39,26,17.3,0.0,0.0,,0.0,0.0,0.0,,
2025-26,1628386,Jarrett Allen,1610612739,CLE,56,37,19,27.1,0.1,0.2,0.308,0.1,0.0,0.0,0.0,0.308
2025-26,1642859,Jase Richardson,1610612753,ORL,54,26,28,10.9,0.3,0.9,0.375,0.8,0.1,0.5,0.24,0.438
2025-26,1642914,Javon Small,1610612763,MEM,41,13,28,20.2,1.3,3.2,0.405,3.6,1.0,2.5,0.416,0.565
2025-26,1631451,Javonte Cooke,1610612757,POR,19,6,13,4.9,0.1,0.4,0.143,0.2,0.1,0.3,0.167,0.214
2025-26,1629750,Javonte Green,1610612765,DET,82,60,22,17.6,0.0,0.2,0.188,0.1,0.0,0.1,0.2,0.25
2025-26,1629637,Jaxson Hayes,1610612747,LAL,66,43,23,18.3,0.0,0.0,,0.0,0.0,0.0,,
2025-26,1630643,Jay Huff,1610612754,IND,82,19,63,21.0,0.1,0.2,0.5,0.3,0.1,0.2,0.462,0.65
2025-26,1627759,Jaylen Brown,1610612738,BOS,71,47,24,34.4,4.2,10.0,0.421,9.5,1.1,3.0,0.349,0.474
2025-26,1641740,Jaylen Clark,1610612750,MIN,68,40,28,13.1,0.1,0.3,0.263,0.2,0.0,0.1,0.375,0.342
2025-26,1642377,Jaylen Wells,1610612763,MEM,69,24,45,26.4,1.2,2.8,0.419,2.6,0.3,1.1,0.276,0.474
2025-26,1631119,Jaylin Williams,1610612760,OKC,65,54,11,19.7,0.1,0.4,0.292,0.2,0.0,0.1,0.0,0.292
2025-26,1642281,Jaylon Tyson,1610612739,CLE,66,41,25,26.9,0.3,0.7,0.488,0.7,0.1,0.2,0.4,0.558
2025-26,1643257,Jayson Kent,1610612757,POR,5,4,1,4.5,0.0,0.0,,0.0,0.0,0.0,,
2025-26,1628369,Jayson Tatum,1610612738,BOS,16,13,3,32.6,3.4,9.8,0.346,9.0,2.3,6.8,0.33,0.462
2025-26,201145,Jeff Green,1610612745,HOU,30,22,8,5.8,0.1,0.4,0.333,0.3,0.0,0.1,0.25,0.375
2025-26,203924,Jerami Grant,1610612757,POR,57,27,30,29.7,0.5,1.5,0.352,1.3,0.2,0.5,0.5,0.432
2025-26,1642847,Jeremiah Fears,1610612740,NOP,82,26,56,25.8,1.3,3.6,0.357,3.0,0.5,1.4,0.331,0.423
2025-26,1630526,Jeremiah Robinson-Earl,1610612742,DAL,22,8,14,16.4,0.0,0.2,0.2,0.1,0.0,0.0,,0.2
2025-26,1631110,Jeremy Sochan,1610612752,NYK,44,30,14,10.6,0.0,0.0,0.0,0.0,0.0,0.0,,0.0
2025-26,1630579,Jericho Sims,1610612749,MIL,67,25,42,19.7,0.0,0.0,0.0,0.0,,,,0.0
2025-26,1641724,Jett Howard,1610612753,ORL,55,28,27,12.6,0.3,0.9,0.333,0.8,0.2,0.5,0.357,0.438
2025-26,1628975,Jevon Carter,1610612753,ORL,53,26,27,16.4,1.1,2.5,0.424,2.6,0.5,1.4,0.351,0.523
2025-26,202710,Jimmy Butler III,1610612744,GSW,38,23,15,31.1,0.8,2.5,0.313,1.8,0.2,0.7,0.32,0.354
2025-26,1642866,Joan Beringer,1610612750,MIN,40,22,18,7.9,0.0,0.0,,0.0,,,,
2025-26,1629111,Jock Landale,1610612737,ATL,68,36,32,22.1,0.0,0.1,0.125,0.0,0.0,0.0,0.5,0.188
2025-26,204060,Joe Ingles,1610612750,MIN,27,13,14,5.7,0.2,0.4,0.5,0.5,0.1,0.3,0.5,0.7
2025-26,203954,Joel Embiid,1610612755,PHI,38,24,14,31.6,2.6,5.8,0.45,5.5,0.2,0.8,0.258,0.468
2025-26,1628381,John Collins,1610612746,LAC,69,32,37,27.1,0.4,0.9,0.422,0.8,0.0,0.1,0.143,0.43
2025-26,1629723,John Konchar,1610612762,UTA,56,18,38,19.9,0.1,0.2,0.462,0.3,0.0,0.1,0.4,0.538
2025-26,1642967,John Poulakidas,1610612742,DAL,13,3,10,19.5,1.0,2.4,0.419,2.6,0.6,1.6,0.381,0.548
2025-26,1642910,John Tonje,1610612738,BOS,6,5,1,7.0,0.2,0.2,1.0,0.5,0.2,0.2,1.0,1.5
2025-26,1641780,Johni Broome,1610612755,PHI,11,5,6,5.0,0.0,0.1,0.0,0.0,0.0,0.0,,0.0
2025-26,1642277,Johnny Furphy,1610612754,IND,35,10,25,18.4,0.0,0.2,0.167,0.1,0.0,0.1,0.25,0.25
2025-26,1630548,Johnny Juzang,1610612750,MIN,21,13,8,4.2,0.3,0.6,0.462,0.7,0.1,0.3,0.286,0.538
2025-26,202685,Jonas Valančiūnas,1610612743,DEN,65,42,23,13.4,0.2,0.4,0.462,0.4,0.0,0.0,0.0,0.462
2025-26,1628371,Jonathan Isaac,1610612753,ORL,52,29,23,10.0,0.0,0.1,0.0,0.0,0.0,0.0,,0.0
2025-26,1630228,Jonathan Kuminga,1610612737,ATL,36,22,14,23.1,0.8,2.0,0.375,1.7,0.2,0.5,0.333,0.417
2025-26,1642367,Jonathan Mogbo,1610612761,TOR,40,20,20,6.2,0.0,0.1,0.5,0.1,0.0,0.0,,0.5
2025-26,203903,Jordan Clarkson,1610612752,NYK,72,45,27,17.8,0.6,1.7,0.336,1.3,0.1,0.6,0.227,0.378
2025-26,1630692,Jordan Goodwin,1610612756,PHX,70,39,31,22.5,0.5,1.5,0.305,1.2,0.3,0.8,0.333,0.395
2025-26,1641722,Jordan Hawkins,1610612740,NOP,51,13,38,13.6,0.7,2.3,0.296,1.5,0.2,0.8,0.25,0.339
2025-26,1629162,Jordan McLaughlin,1610612759,SAS,44,37,7,6.4,0.1,0.4,0.294,0.3,0.1,0.2,0.444,0.412
2025-26,1641757,Jordan Miller,1610612746,LAC,60,36,24,22.1,0.4,0.9,0.415,0.8,0.0,0.2,0.154,0.434
2025-26,1629673,Jordan Poole,1610612740,NOP,39,16,23,23.9,1.4,4.3,0.323,3.8,1.1,3.4,0.321,0.449
2025-26,1641775,Jordan Walsh,1610612738,BOS,68,46,22,17.8,0.0,0.1,0.0,0.0,0.0,0.1,0.0,0.0
2025-26,1630631,Jose Alvarado,1610612752,NYK,69,28,41,19.9,0.7,2.2,0.316,1.9,0.5,1.6,0.304,0.426
2025-26,1630581,Josh Giddey,1610612741,CHI,54,21,33,32.1,1.1,3.4,0.337,2.8,0.5,1.6,0.326,0.414
2025-26,1630182,Josh Green,1610612766,CHA,58,37,21,15.7,0.0,0.1,0.125,0.0,0.0,0.1,0.0,0.125
2025-26,1628404,Josh Hart,1610612752,NYK,66,44,22,30.2,1.2,2.5,0.47,2.9,0.5,1.1,0.466,0.572
2025-26,1631169,Josh Minott,1610612751,BKN,49,23,26,17.0,0.1,0.4,0.3,0.3,0.1,0.3,0.333,0.425
2025-26,1642490,Josh Oduro,1610612740,NOP,3,1,2,27.3,0.0,0.3,0.0,0.0,0.0,0.0,,0.0
2025-26,1629006,Josh Okogie,1610612745,HOU,78,49,29,17.4,0.1,0.1,0.5,0.2,0.0,0.0,0.667,0.6
2025-26,201950,Jrue Holiday,1610612757,POR,53,28,25,29.4,2.4,6.3,0.375,6.3,1.5,4.4,0.353,0.498
2025-26,1630577,Julian Champagnie,1610612759,SAS,82,62,20,27.6,0.2,0.8,0.294,0.7,0.2,0.6,0.292,0.397
2025-26,1641763,Julian Phillips,1610612750,MIN,48,19,29,8.9,0.0,0.1,0.333,0.0,0.0,0.0,0.0,0.333
2025-26,1642882,Julian Reese,1610612764,WAS,13,1,12,30.9,0.3,0.8,0.4,0.6,,,,0.4
2025-26,1631124,Julian Strawther,1610612743,DEN,57,38,19,15.1,0.6,1.6,0.393,1.4,0.1,0.6,0.235,0.438
2025-26,203944,Julius Randle,1610612750,MIN,79,47,32,33.0,1.9,4.9,0.395,4.3,0.4,1.5,0.289,0.441
2025-26,1630551,Justin Champagnie,1610612764,WAS,69,13,56,20.0,0.1,0.4,0.269,0.3,0.1,0.3,0.333,0.404
2025-26,1642348,Justin Edwards,1610612755,PHI,64,37,27,15.3,0.4,1.1,0.375,1.0,0.1,0.4,0.348,0.431
2025-26,203994,Jusuf Nurkić,1610612762,UTA,41,14,27,26.4,0.1,0.3,0.25,0.2,0.0,0.1,0.167,0.292
2025-26,1642354,KJ Simpson,1610612743,DEN,20,10,10,12.9,0.4,1.4,0.286,1.0,0.2,0.5,0.3,0.339
2025-26,1642955,Kadary Richmond,1610612764,WAS,3,2,1,22.3,0.0,0.0,,0.0,0.0,0.0,,
2025-26,1642880,Kam Jones,1610612754,IND,37,6,31,16.7,0.2,0.5,0.4,0.6,0.2,0.4,0.438,0.575
2025-26,1626157,Karl-Anthony Towns,1610612752,NYK,75,49,26,31.0,0.4,1.2,0.345,1.0,0.2,0.5,0.324,0.414
2025-26,1631255,Karlo Matković,1610612740,NOP,62,24,38,14.7,0.0,0.0,0.333,0.0,0.0,0.0,0.5,0.5
2025-26,1642857,Kasparas Jakučionis,1610612748,MIA,53,28,25,17.8,0.1,0.6,0.094,0.2,0.1,0.5,0.125,0.141
2025-26,202695,Kawhi Leonard,1610612746,LAC,65,37,28,32.1,4.7,10.4,0.455,10.9,1.4,3.9,0.37,0.525
2025-26,1630811,Keaton Wallace,1610612737,ATL,53,31,22,10.1,0.5,1.5,0.372,1.3,0.2,0.6,0.303,0.436
2025-26,1631099,Keegan Murray,1610612758,SAC,23,5,18,34.5,1.6,4.6,0.352,3.3,0.1,0.9,0.143,0.367
2025-26,1642276,Kel'el Ware,1610612748,MIA,77,39,38,22.1,0.1,0.4,0.185,0.2,0.0,0.2,0.231,0.241
2025-26,1629640,Keldon Johnson,1610612759,SAS,82,62,20,23.3,0.2,0.4,0.438,0.5,0.1,0.3,0.429,0.578
2025-26,203482,Kelly Olynyk,1610612759,SAS,42,33,9,8.6,0.0,0.2,0.143,0.0,0.0,0.0,0.0,0.143
2025-26,1626162,Kelly Oubre Jr.,1610612755,PHI,50,27,23,31.5,0.4,1.3,0.318,1.0,0.1,0.6,0.25,0.371
2025-26,1631113,Kennedy Chandler,1610612762,UTA,11,1,10,32.3,1.3,3.1,0.412,3.0,0.5,0.8,0.556,0.485
2025-26,1629026,Kenrich Williams,1610612760,OKC,56,41,15,15.3,0.5,1.2,0.418,1.1,0.1,0.4,0.286,0.463
2025-26,203484,Kentavious Caldwell-Pope,1610612763,MEM,51,20,31,21.3,1.1,2.8,0.379,2.5,0.3,1.1,0.315,0.438
2025-26,1631165,Keon Ellis,1610612739,CLE,72,31,41,20.5,0.5,1.2,0.386,1.2,0.3,0.8,0.382,0.506
2025-26,1642352,Keshad Johnson,1610612748,MIA,32,16,16,8.7,0.0,0.2,0.2,0.1,0.0,0.1,0.0,0.2
2025-26,1642933,Keshon Gilbert,1610612737,ATL,4,0,4,18.4,0.3,1.0,0.25,0.5,0.0,0.5,0.0,0.25
2025-26,201142,Kevin Durant,1610612745,HOU,78,48,30,36.4,4.7,9.5,0.501,10.3,0.8,1.9,0.401,0.542
2025-26,1628989,Kevin Huerter,1610612765,DET,69,40,29,22.5,0.5,1.4,0.327,1.2,0.2,0.8,0.304,0.413
2025-26,201567,Kevin Love,1610612762,UTA,37,10,27,16.6,0.2,0.6,0.333,0.5,0.1,0.5,0.278,0.452
2025-26,1641755,Kevin McCullar Jr.,1610612752,NYK,21,11,10,7.4,0.2,0.8,0.313,0.6,0.1,0.5,0.3,0.406
2025-26,1629645,Kevin Porter Jr.,1610612749,MIL,38,18,20,33.2,2.3,5.7,0.412,5.2,0.5,2.0,0.25,0.456
2025-26,1626172,Kevon Looney,1610612740,NOP,21,3,18,14.6,0.0,0.3,0.167,0.1,0.0,0.1,0.0,0.167
2025-26,1641718,Keyonte George,1610612762,UTA,54,16,38,33.1,2.4,6.8,0.356,5.8,1.0,3.2,0.309,0.43
2025-26,1642863,Khaman Maluach,1610612756,PHX,46,22,24,8.9,0.0,0.0,0.0,0.0,0.0,0.0,,0.0
2025-26,203114,Khris Middleton,1610612742,DAL,63,18,45,22.8,1.6,4.2,0.385,3.5,0.3,1.0,0.281,0.42
2025-26,1630165,Killian Hayes,1610612758,SAC,23,10,13,17.6,1.0,3.0,0.333,2.3,0.3,1.2,0.296,0.391
2025-26,202691,Klay Thompson,1610612742,DAL,69,21,48,21.7,1.3,3.5,0.364,3.2,0.7,1.9,0.371,0.467
2025-26,1641738,Kobe Brown,1610612754,IND,61,17,44,15.8,0.1,0.4,0.304,0.3,0.1,0.3,0.375,0.435
2025-26,1641723,Kobe Bufkin,1610612747,LAL,16,10,6,7.5,0.2,1.1,0.167,0.4,0.1,0.5,0.125,0.194
2025-26,1642920,Kobe Sanders,1610612746,LAC,68,36,32,19.9,0.5,1.3,0.409,1.1,0.0,0.1,0.125,0.415
2025-26,1642886,Koby Brea,1610612756,PHX,12,5,7,7.0,0.4,1.3,0.333,1.3,0.4,1.0,0.417,0.5
2025-26,1642851,Kon Knueppel,1610612766,CHA,81,44,37,31.5,1.5,3.3,0.446,3.7,0.8,1.8,0.43,0.566
2025-26,1627739,Kris Dunn,1610612746,LAC,82,42,40,27.2,0.2,0.5,0.35,0.4,0.0,0.1,0.4,0.4
2025-26,1631200,Kris Murray,1610612757,POR,57,28,29,23.4,0.0,0.1,0.0,0.0,0.0,0.1,0.0,0.0
2025-26,204001,Kristaps Porziņģis,1610612744,GSW,32,13,19,24.0,1.3,2.9,0.457,2.8,0.1,0.4,0.333,0.478
2025-26,203937,Kyle Anderson,1610612750,MIN,43,15,28,19.8,0.4,0.7,0.548,0.9,0.1,0.1,1.0,0.597
2025-26,1642271,Kyle Filipowski,1610612762,UTA,77,21,56,23.4,0.1,0.5,0.297,0.3,0.1,0.2,0.235,0.351
2025-26,1628398,Kyle Kuzma,1610612749,MIL,69,31,38,26.2,0.4,1.1,0.333,0.9,0.2,0.5,0.351,0.42
2025-26,200768,Kyle Lowry,1610612755,PHI,14,9,5,8.4,0.1,0.3,0.25,0.2,0.1,0.3,0.25,0.375
2025-26,1642273,Kyshawn George,1610612764,WAS,48,10,38,29.0,1.8,5.0,0.367,4.4,0.7,2.2,0.318,0.438
2025-26,1643018,LJ Cryer,1610612744,GSW,18,6,12,16.2,1.1,2.7,0.388,2.8,0.7,1.9,0.371,0.52
2025-26,1630163,LaMelo Ball,1610612766,CHA,72,41,31,28.0,2.9,7.8,0.368,7.8,2.1,5.6,0.369,0.5
2025-26,1642950,Lachlan Olbrich,1610612741,CHI,37,9,28,9.3,0.0,0.1,0.5,0.1,0.0,0.1,0.5,0.75
2025-26,1629013,Landry Shamet,1610612752,NYK,51,35,16,23.0,0.6,1.9,0.333,1.7,0.4,1.4,0.319,0.448
2025-26,1626204,Larry Nance Jr.,1610612739,CLE,35,25,10,12.8,0.0,0.0,1.0,0.1,0.0,0.0,,1.0
2025-26,1628374,Lauri Markkanen,1610612762,UTA,42,17,25,34.3,0.9,3.0,0.304,2.0,0.2,0.7,0.226,0.332
2025-26,1643133,Lawson Lovering,1610612763,MEM,2,1,1,24.6,0.0,0.0,,0.0,,,,
2025-26,2544,LeBron James,1610612747,LAL,60,39,21,33.2,1.9,5.0,0.377,4.3,0.6,1.9,0.313,0.436
2025-26,1641778,Leaky Black,1610612764,WAS,15,1,14,28.9,0.9,1.9,0.448,1.8,0.1,0.3,0.25,0.466
2025-26,1631159,Leonard Miller,1610612741,CHI,46,18,28,15.6,0.1,0.3,0.4,0.3,0.0,0.2,0.25,0.467
2025-26,1642862,Liam McNeeley,1610612766,CHA,31,12,19,11.9,0.1,0.2,0.5,0.3,0.1,0.1,0.667,0.667
2025-26,1630322,Lindy Waters III,1610612759,SAS,40,31,9,7.1,0.2,0.5,0.4,0.5,0.1,0.4,0.294,0.525
2025-26,1628366,Lonzo Ball,1610612739,CLE,35,19,16,20.8,0.4,1.3,0.326,1.2,0.4,1.1,0.325,0.467
2025-26,1631351,Lucas Williamson,1610612763,MEM,7,0,7,32.0,0.3,1.6,0.182,0.9,0.3,1.4,0.2,0.273
2025-26,1629652,Luguentz Dort,1610612760,OKC,69,53,16,26.8,0.6,1.4,0.388,1.2,0.1,0.5,0.265,0.434
2025-26,1629029,Luka Dončić,1610612747,LAL,64,43,21,35.8,6.2,14.4,0.433,15.3,2.8,7.9,0.358,0.532
2025-26,1630568,Luka Garza,1610612738,BOS,69,47,22,16.2,0.0,0.0,0.333,0.0,0.0,0.0,1.0,0.5
2025-26,1628379,Luke Kennard,1610612747,LAL,78,45,33,21.5,1.0,1.8,0.555,2.2,0.2,0.6,0.395,0.617
2025-26,1628436,Luke Kornet,1610612759,SAS,68,52,16,21.0,0.0,0.0,,0.0,,,,
2025-26,1631247,Luke Travers,1610612739,CLE,12,6,6,8.6,0.0,0.1,0.0,0.0,0.0,0.0,,0.0
2025-26,1630644,Mac McClung,1610612741,CHI,11,2,9,12.3,0.3,0.7,0.375,0.8,0.3,0.5,0.5,0.563
2025-26,1641869,Malachi Smith,1610612751,BKN,15,3,12,23.9,0.5,1.4,0.333,1.2,0.3,0.9,0.286,0.429
2025-26,1631103,Malaki Branham,1610612764,WAS,28,7,21,9.8,0.1,0.5,0.267,0.4,0.1,0.4,0.167,0.333
2025-26,1642502,Malevy Leons,1610612744,GSW,25,7,18,11.1,0.0,0.2,0.0,0.0,0.0,0.1,0.0,0.0
2025-26,1628370,Malik Monk,1610612758,SAC,62,18,44,22.0,1.6,4.3,0.365,3.9,0.8,2.3,0.331,0.455
2025-26,1630699,MarJon Beauchamp,1610612755,PHI,14,7,7,14.0,0.5,1.4,0.368,1.4,0.4,0.9,0.385,0.5
2025-26,1631204,Marcus Sasser,1610612765,DET,38,28,10,12.0,0.6,2.1,0.284,1.6,0.4,1.3,0.333,0.383
2025-26,203935,Marcus Smart,1610612747,LAL,62,41,21,28.5,0.6,1.3,0.427,1.3,0.2,0.5,0.324,0.494
2025-26,1641813,Mark Sears,1610612749,MIL,7,1,6,3.7,0.3,0.9,0.333,0.7,0.1,0.6,0.25,0.417
2025-26,1631109,Mark Williams,1610612756,PHX,60,34,26,23.6,0.1,0.1,0.667,0.1,0.0,0.0,,0.667
2025-26,1628365,Markelle Fultz,1610612761,TOR,5,3,2,7.2,0.2,1.2,0.167,0.4,,,,0.167
2025-26,1628963,Marvin Bagley III,1610612742,DAL,60,16,44,20.0,0.1,0.2,0.5,0.2,0.0,0.1,0.333,0.55
2025-26,203486,Mason Plumlee,1610612759,SAS,20,10,10,8.6,0.0,0.0,,0.0,,,,
2025-26,1641824,Matas Buzelis,1610612741,CHI,77,28,49,29.2,0.5,1.7,0.313,1.4,0.4,1.3,0.297,0.43
2025-26,1629680,Matisse Thybulle,1610612757,POR,30,17,13,16.0,0.2,0.4,0.417,0.5,0.2,0.3,0.5,0.625
2025-26,1631108,Max Christie,1610612742,DAL,77,24,53,29.1,1.0,2.9,0.353,2.6,0.6,1.8,0.326,0.455
2025-26,1642917,Max Shulga,1610612738,BOS,11,8,3,3.3,0.0,0.3,0.0,0.0,0.0,0.0,,0.0
2025-26,1629622,Max Strus,1610612739,CLE,12,9,3,24.0,0.3,1.0,0.25,0.8,0.3,0.9,0.273,0.375
2025-26,1628467,Maxi Kleber,1610612747,LAL,43,20,23,10.7,0.0,0.1,0.4,0.1,0.0,0.0,,0.4
2025-26,1642875,Maxime Raynaud,1610612758,SAC,74,21,53,26.5,0.1,0.3,0.32,0.2,0.0,0.0,0.0,0.32
2025-26,1642877,Micah Peavy,1610612740,NOP,61,17,44,15.0,0.2,0.6,0.27,0.4,0.0,0.1,0.286,0.297
2025-26,1630695,Micah Potter,1610612754,IND,47,11,36,19.3,0.0,0.0,0.5,0.0,0.0,0.0,0.0,0.5
2025-26,1629008,Michael Porter Jr.,1610612751,BKN,52,14,38,32.5,1.9,5.4,0.35,4.8,1.0,2.9,0.331,0.438
2025-26,1628969,Mikal Bridges,1610612752,NYK,82,53,29,32.8,1.5,3.3,0.457,3.1,0.1,0.4,0.323,0.476
2025-26,201144,Mike Conley,1610612750,MIN,54,33,21,18.4,0.4,1.5,0.288,1.1,0.3,1.1,0.241,0.375
2025-26,1628970,Miles Bridges,1610612766,CHA,77,42,35,31.0,0.6,2.3,0.273,1.6,0.4,1.6,0.24,0.355
2025-26,1642939,Miles Kelly,1610612742,DAL,14,7,7,9.6,0.1,0.1,1.0,0.3,0.0,0.0,,1.0
2025-26,1630540,Miles McBride,1610612752,NYK,41,25,16,26.3,1.7,4.0,0.433,4.4,1.0,2.1,0.448,0.552
2025-26,1629011,Mitchell Robinson,1610612752,NYK,60,40,20,19.6,0.0,0.0,,0.0,,,,
2025-26,1628964,Mo Bamba,1610612762,UTA,4,3,1,11.0,0.0,0.0,,0.0,,,,
2025-26,1642885,Mohamed Diawara,1610612752,NYK,69,42,27,9.2,0.1,0.4,0.296,0.3,0.1,0.3,0.263,0.389
2025-26,1628420,Monte Morris,1610612754,IND,6,0,6,10.8,0.3,0.7,0.5,0.8,0.2,0.3,0.5,0.625
2025-26,1629021,Moritz Wagner,1610612753,ORL,36,21,15,11.8,0.1,0.1,0.4,0.1,0.0,0.1,0.333,0.5
2025-26,1630541,Moses Moody,1610612744,GSW,60,30,30,25.7,0.4,1.4,0.298,1.0,0.2,0.7,0.238,0.357
2025-26,1631338,Mouhamadou Gueye,1610612741,CHI,2,0,2,22.7,0.0,0.0,,0.0,0.0,0.0,,
2025-26,1631243,Mouhamed Gueye,1610612737,ATL,77,44,33,15.3,0.1,0.2,0.267,0.1,0.0,0.0,0.333,0.3
2025-26,1630619,Moussa Cisse,1610612742,DAL,38,11,27,13.9,0.0,0.0,,0.0,,,,
2025-26,1631217,Moussa Diabaté,1610612766,CHA,73,40,33,26.0,0.0,0.1,0.143,0.0,0.0,0.0,0.0,0.143
2025-26,1626167,Myles Turner,1610612749,MIL,71,30,41,26.9,0.3,1.1,0.304,0.8,0.2,0.6,0.3,0.38
2025-26,1642066,Myron Gardner,1610612748,MIA,45,24,21,9.1,0.1,0.2,0.364,0.2,0.1,0.1,0.6,0.5
2025-26,1642368,N'Faly Dante,1610612737,ATL,4,3,1,3.9,0.0,0.0,,0.0,,,,
2025-26,1641772,Nae'Qwan Tomlin,1610612739,CLE,64,42,22,15.7,0.0,0.1,0.167,0.0,0.0,0.1,0.167,0.25
2025-26,1630230,Naji Marshall,1610612742,DAL,74,25,49,29.5,1.0,2.2,0.44,2.1,0.1,0.4,0.207,0.458
2025-26,1631466,Nate Williams,1610612744,GSW,14,2,12,17.1,0.0,0.1,0.0,0.0,0.0,0.1,0.0,0.0
2025-26,1629675,Naz Reid,1610612750,MIN,77,46,31,26.1,0.8,2.3,0.344,2.0,0.4,1.2,0.302,0.425
2025-26,1629674,Neemias Queta,1610612738,BOS,76,52,24,25.3,0.0,0.2,0.0,0.0,0.0,0.0,0.0,0.0
2025-26,1629651,Nic Claxton,1610612751,BKN,69,17,52,27.8,0.1,0.4,0.28,0.2,0.0,0.1,0.0,0.28
2025-26,1630208,Nick Richards,1610612741,CHI,48,20,28,14.6,0.0,0.1,0.143,0.0,0.0,0.0,0.0,0.143
2025-26,1641733,Nick Smith Jr.,1610612747,LAL,30,15,15,12.5,1.2,2.9,0.43,2.8,0.4,1.1,0.333,0.494
2025-26,1629638,Nickeil Alexander-Walker,1610612737,ATL,78,43,35,33.4,1.7,4.4,0.38,4.1,0.8,2.3,0.331,0.466
2025-26,201587,Nicolas Batum,1610612746,LAC,74,39,35,17.5,0.1,0.2,0.333,0.2,0.1,0.2,0.333,0.5
2025-26,1628502,Nigel Hayes-Davis,1610612756,PHX,27,15,12,7.2,0.2,0.5,0.357,0.4,0.0,0.0,0.0,0.357
2025-26,203999,Nikola Jokić,1610612743,DEN,65,43,22,34.8,1.1,2.4,0.462,2.5,0.3,0.9,0.328,0.526
2025-26,1631107,Nikola Jović,1610612748,MIA,47,24,23,17.2,0.1,0.5,0.261,0.4,0.1,0.3,0.385,0.37
2025-26,1642260,Nikola Topić,1610612760,OKC,10,6,4,16.0,0.3,0.8,0.375,0.8,0.2,0.6,0.333,0.5
2025-26,202696,Nikola Vučević,1610612738,BOS,64,35,29,28.4,0.4,0.9,0.466,0.8,0.0,0.0,0.0,0.466
2025-26,1642363,Nique Clifford,1610612758,SAC,75,21,54,25.1,0.9,2.5,0.356,2.1,0.3,0.9,0.3,0.411
2025-26,1642855,Noa Essengue,1610612741,CHI,2,1,1,3.0,0.0,0.0,,0.0,0.0,0.0,,
2025-26,1641730,Noah Clowney,1610612751,BKN,66,17,49,27.0,0.3,1.0,0.286,0.7,0.1,0.4,0.241,0.341
2025-26,1642869,Noah Penda,1610612753,ORL,59,30,29,12.8,0.2,0.5,0.345,0.4,0.1,0.3,0.353,0.448
2025-26,1642849,Nolan Traore,1610612751,BKN,56,14,42,22.2,0.5,1.8,0.293,1.3,0.2,0.8,0.302,0.359
2025-26,1641807,Norchad Omier,1610612746,LAC,6,5,1,3.9,0.0,0.0,,0.0,0.0,0.0,,
2025-26,1626181,Norman Powell,1610612748,MIA,58,29,29,29.6,2.0,5.1,0.396,5.0,1.0,2.9,0.349,0.497
2025-26,1628384,OG Anunoby,1610612752,NYK,67,45,22,33.2,0.6,2.1,0.277,1.4,0.3,1.1,0.239,0.337
2025-26,1630167,Obi Toppin,1610612754,IND,24,4,20,17.7,0.2,1.1,0.148,0.3,0.0,0.6,0.0,0.148
2025-26,1630534,Ochai Agbaji,1610612751,BKN,62,28,34,15.7,0.2,0.5,0.429,0.5,0.1,0.3,0.313,0.518
2025-26,1630846,Olivier Sarr,1610612739,CLE,4,3,1,9.8,0.0,0.0,,0.0,0.0,0.0,,
2025-26,1641765,Olivier-Maxence Prosper,1610612763,MEM,53,16,37,18.6,0.2,0.5,0.4,0.5,0.2,0.2,0.667,0.56
2025-26,1630209,Omer Yurtseven,1610612744,GSW,9,3,6,11.6,0.0,0.0,,0.0,0.0,0.0,,
2025-26,1630168,Onyeka Okongwu,1610612737,ATL,74,41,33,31.0,0.2,0.6,0.341,0.4,0.0,0.1,0.2,0.366
2025-26,1631115,Orlando Robinson,1610612753,ORL,4,2,2,6.2,0.0,0.0,,0.0,0.0,0.0,,
2025-26,1631131,Oscar Tshiebwe,1610612762,UTA,27,3,24,16.6,0.0,0.1,0.0,0.0,,,,0.0
2025-26,1642345,Oso Ighodaro,1610612756,PHX,82,45,37,22.1,0.1,0.2,0.5,0.2,0.0,0.0,,0.5
2025-26,1631172,Ousmane Dieng,1610612749,MIL,57,33,24,19.3,1.1,3.2,0.351,2.7,0.4,1.4,0.272,0.411
2025-26,1629023,P.J. Washington,1610612742,DAL,56,16,40,31.0,0.3,1.1,0.297,0.8,0.1,0.5,0.172,0.336
2025-26,1641790,PJ Hall,1610612766,CHA,19,7,12,11.2,0.0,0.0,,0.0,0.0,0.0,,
2025-26,1642359,Pacôme Dadiet,1610612752,NYK,29,18,11,4.7,0.1,0.3,0.222,0.2,0.0,0.2,0.2,0.278
2025-26,1631094,Paolo Banchero,1610612753,ORL,72,38,34,34.7,1.6,5.3,0.299,3.6,0.4,1.9,0.223,0.34
2025-26,1627783,Pascal Siakam,1610612754,IND,62,17,45,33.2,2.5,5.8,0.423,5.3,0.4,1.0,0.387,0.456
2025-26,1626192,Pat Connaughton,1610612766,CHA,42,25,17,7.1,0.0,0.1,0.5,0.1,0.0,0.0,1.0,0.625
2025-26,1630311,Pat Spencer,1610612744,GSW,66,30,36,18.6,1.0,2.8,0.372,2.4,0.4,1.2,0.329,0.44
2025-26,1631116,Patrick Baldwin Jr.,1610612758,SAC,9,3,6,11.4,0.2,0.2,1.0,0.6,0.1,0.1,1.0,1.25
2025-26,1630172,Patrick Williams,1610612741,CHI,72,24,48,20.5,0.5,1.2,0.391,1.1,0.2,0.6,0.311,0.471
2025-26,202331,Paul George,1610612755,PHI,37,22,15,30.7,2.3,5.8,0.404,5.4,0.8,2.2,0.337,0.469
2025-26,1630194,Paul Reed,1610612765,DET,65,47,18,13.9,0.1,0.3,0.389,0.2,0.0,0.0,0.0,0.389
2025-26,1630202,Payton Pritchard,1610612738,BOS,79,54,25,32.3,2.8,6.4,0.432,6.5,1.0,3.0,0.322,0.508
2025-26,1642362,Payton Sandfort,1610612760,OKC,4,2,2,15.8,0.3,1.0,0.25,0.5,0.0,0.8,0.0,0.25
2025-26,1641796,Pelle Larsson,1610612748,MIA,70,38,32,26.4,0.2,0.6,0.3,0.4,0.0,0.2,0.176,0.338
2025-26,1631250,Pete Nance,1610612749,MIL,47,14,33,15.7,0.0,0.3,0.167,0.1,0.0,0.2,0.25,0.25
2025-26,1631212,Peyton Watson,1610612743,DEN,54,36,18,29.6,0.9,2.5,0.353,1.9,0.1,0.7,0.205,0.383
2025-26,1630173,Precious Achiuwa,1610612758,SAC,73,20,53,23.9,0.2,0.7,0.321,0.5,0.0,0.1,0.0,0.321
2025-26,1629656,Quentin Grimes,1610612755,PHI,75,42,33,29.4,0.8,2.8,0.281,2.0,0.4,1.7,0.24,0.355
2025-26,1631245,Quenton Jackson,1610612754,IND,49,10,39,18.3,0.4,1.3,0.292,1.0,0.2,0.8,0.27,0.369
2025-26,1642366,Quinten Post,1610612744,GSW,67,32,35,17.3,0.2,0.5,0.375,0.4,0.1,0.3,0.211,0.438
2025-26,1629628,RJ Barrett,1610612761,TOR,57,34,23,30.3,0.5,1.4,0.338,1.0,0.1,0.3,0.294,0.37
2025-26,1642853,Rasheer Fleming,1610612756,PHX,55,29,26,12.2,0.0,0.2,0.167,0.1,0.0,0.1,0.0,0.167
2025-26,1642484,RayJ Dennis,1610612737,ATL,17,3,14,12.1,0.4,1.5,0.24,1.0,0.3,0.6,0.455,0.34
2025-26,1641712,Rayan Rupert,1610612763,MEM,64,29,35,16.8,0.3,0.8,0.358,0.7,0.1,0.4,0.348,0.434
2025-26,1642263,Reed Sheppard,1610612745,HOU,82,52,30,26.2,1.7,4.3,0.39,4.2,0.9,2.3,0.37,0.489
2025-26,1642434,Riley Minix,1610612739,CLE,9,7,2,6.5,0.2,0.3,0.667,0.4,0.0,0.1,0.0,0.667
2025-26,1642265,Rob Dillingham,1610612741,CHI,65,29,36,14.9,0.7,2.1,0.336,1.6,0.2,0.8,0.24,0.38
2025-26,1629057,Robert Williams III,1610612757,POR,59,30,29,17.1,0.0,0.0,1.0,0.0,0.0,0.0,,1.0
2025-26,1642911,Rocco Zikarsky,1610612750,MIN,5,1,4,7.3,0.0,0.0,,0.0,,,,
2025-26,1631199,Ron Harper Jr.,1610612738,BOS,29,22,7,10.9,0.2,0.6,0.412,0.7,0.2,0.5,0.357,0.559
2025-26,1641842,Ronald Holland II,1610612765,DET,78,56,22,19.9,0.1,0.5,0.154,0.2,0.0,0.2,0.143,0.179
2025-26,1626220,Royce O'Neale,1610612756,PHX,78,43,35,28.4,0.7,1.7,0.397,1.9,0.6,1.5,0.386,0.565
2025-26,203497,Rudy Gobert,1610612750,MIN,76,46,30,31.3,0.0,0.0,0.0,0.0,0.0,0.0,,0.0
2025-26,1629060,Rui Hachimura,1610612747,LAL,68,47,21,28.3,1.4,2.7,0.538,3.0,0.1,0.2,0.417,0.552
2025-26,201566,Russell Westbrook,1610612758,SAC,64,16,48,28.9,1.4,3.8,0.367,3.2,0.4,1.3,0.31,0.42
2025-26,1642346,Ryan Dunn,1610612756,PHX,70,40,30,19.4,0.0,0.3,0.111,0.1,0.0,0.1,0.111,0.139
2025-26,1641750,Ryan Kalkbrenner,1610612766,CHA,69,39,30,21.4,0.0,0.0,0.0,0.0,0.0,0.0,0.0,0.0
2025-26,1642948,Ryan Nembhard,1610612742,DAL,60,20,40,19.5,1.4,3.6,0.38,3.1,0.3,0.9,0.345,0.424
2025-26,1631157,Ryan Rollins,1610612749,MIL,74,29,45,32.1,2.5,5.9,0.429,6.2,1.1,2.9,0.393,0.525
2025-26,1630180,Saddiq Bey,1610612740,NOP,72,24,48,31.2,1.0,2.9,0.332,2.4,0.5,1.5,0.336,0.418
2025-26,1630573,Sam Hauser,1610612738,BOS,78,54,24,24.8,0.7,1.7,0.415,1.9,0.4,1.1,0.379,0.537
2025-26,1630241,Sam Merrill,1610612739,CLE,52,37,15,26.5,0.9,2.6,0.358,2.5,0.7,1.9,0.357,0.489
2025-26,1630572,Sandro Mamukelashvili,1610612761,TOR,80,44,36,21.9,0.1,0.3,0.308,0.3,0.1,0.1,0.444,0.385
2025-26,1630583,Santi Aldama,1610612763,MEM,43,19,24,27.9,0.6,1.6,0.353,1.3,0.2,0.5,0.364,0.412
2025-26,1630703,Scoot Henderson,1610612757,POR,30,18,12,24.9,1.4,3.8,0.381,3.6,0.7,2.2,0.323,0.473
2025-26,1630567,Scottie Barnes,1610612761,TOR,80,45,35,33.5,1.5,3.4,0.427,3.1,0.2,0.5,0.308,0.449
2025-26,1630590,Scotty Pippen Jr.,1610612763,MEM,10,2,8,21.2,1.2,3.5,0.343,2.6,0.2,1.5,0.133,0.371
2025-26,1642951,Sean Pedulla,1610612746,LAC,7,4,3,4.4,0.1,0.9,0.167,0.4,0.1,0.6,0.25,0.25
2025-26,203552,Seth Curry,1610612744,GSW,10,1,9,13.3,0.9,1.9,0.474,2.1,0.3,0.5,0.6,0.553
2025-26,1631101,Shaedon Sharpe,1610612757,POR,50,24,26,29.4,2.8,8.2,0.344,7.1,1.5,4.4,0.341,0.435
2025-26,1628983,Shai Gilgeous-Alexander,1610612760,OKC,68,56,12,33.2,5.6,11.1,0.5,12.5,1.4,3.6,0.384,0.562
2025-26,1630536,Sharife Cooper,1610612764,WAS,41,6,35,17.1,1.0,2.1,0.46,2.2,0.3,0.9,0.343,0.529
2025-26,1631321,Sidy Cissoko,1610612757,POR,75,39,36,19.1,0.1,0.4,0.321,0.3,0.1,0.2,0.412,0.446
2025-26,1631323,Simone Fontecchio,1610612748,MIA,70,36,34,16.7,0.4,0.8,0.431,1.0,0.3,0.7,0.42,0.612
2025-26,1642883,Sion James,1610612766,CHA,82,44,38,22.5,0.1,0.5,0.211,0.3,0.1,0.4,0.276,0.316
2025-26,1627746,Skal Labissiere,1610612764,WAS,3,2,1,12.5,0.3,0.3,1.0,0.7,0.0,0.0,,1.0
2025-26,1642461,Spencer Jones,1610612743,DEN,64,41,23,22.1,0.0,0.1,0.375,0.1,0.0,0.1,0.4,0.5
2025-26,1630649,Stanley Umude,1610612759,SAS,2,2,0,3.3,0.5,0.5,1.0,1.0,0.0,0.0,,1.0
2025-26,201939,Stephen Curry,1610612744,GSW,43,24,19,30.9,3.3,7.5,0.433,8.7,2.2,5.5,0.407,0.582
2025-26,1642264,Stephon Castle,1610612759,SAS,68,51,17,30.0,0.8,2.5,0.32,1.7,0.1,0.7,0.17,0.343
2025-26,203500,Steven Adams,1610612745,HOU,32,21,11,22.8,0.0,0.0,,0.0,,,,
2025-26,1629004,Svi Mykhailiuk,1610612762,UTA,50,14,36,23.1,0.8,2.0,0.412,2.3,0.6,1.6,0.366,0.559
2025-26,204456,T.J. McConnell,1610612754,IND,56,15,41,17.2,2.1,4.1,0.517,4.3,0.0,0.2,0.222,0.522
2025-26,1643007,Taelon Peter,1610612754,IND,38,6,32,13.0,0.2,0.6,0.292,0.5,0.2,0.5,0.3,0.417
2025-26,201959,Taj Gibson,1610612763,MEM,10,1,9,9.7,0.0,0.1,0.0,0.0,0.0,0.0,,0.0
2025-26,1631106,Tari Eason,1610612745,HOU,60,38,22,25.8,0.3,1.3,0.253,0.7,0.1,0.3,0.211,0.278
2025-26,1627752,Taurean Prince,1610612749,MIL,26,10,16,23.5,1.1,2.0,0.538,2.9,0.7,1.3,0.559,0.721
2025-26,1641707,Taylor Hendricks,1610612763,MEM,59,12,47,19.0,0.2,0.4,0.455,0.4,0.1,0.2,0.308,0.545
2025-26,1629611,Terance Mann,1610612751,BKN,63,15,48,24.3,0.6,1.7,0.34,1.3,0.2,0.7,0.267,0.396
2025-26,1630545,Terrence Shannon Jr.,1610612750,MIN,43,24,19,12.5,0.5,1.0,0.476,1.2,0.3,0.5,0.565,0.631
2025-26,203648,Thanasis Antetokounmpo,1610612749,MIL,34,9,25,4.4,0.0,0.1,0.0,0.0,0.0,0.0,0.0,0.0
2025-26,1628418,Thomas Bryant,1610612739,CLE,60,37,23,12.2,0.0,0.1,0.333,0.1,0.0,0.1,0.0,0.333
2025-26,1642275,Tidjane Salaün,1610612766,CHA,37,19,18,15.6,0.1,0.1,0.667,0.2,0.1,0.1,0.667,1.0
2025-26,203501,Tim Hardaway Jr.,1610612743,DEN,80,52,28,26.6,1.1,2.6,0.431,2.9,0.6,1.5,0.388,0.543
2025-26,202699,Tobias Harris,1610612765,DET,63,46,17,27.7,1.3,2.8,0.441,2.6,0.1,0.4,0.25,0.458
2025-26,1643253,Toby Okani,1610612763,MEM,6,0,6,36.2,0.7,2.5,0.267,1.5,0.2,0.8,0.2,0.3
2025-26,1642449,Tolu Smith,1610612765,DET,15,11,4,9.2,0.0,0.0,,0.0,,,,
2025-26,1628396,Tony Bradley,1610612737,ATL,41,10,31,11.0,0.0,0.1,0.667,0.1,0.0,0.0,,0.667
2025-26,1641787,Tosan Evbuomwan,1610612766,CHA,5,4,1,1.5,0.0,0.0,,0.0,,,,
2025-26,1641739,Toumani Camara,1610612757,POR,82,42,40,33.3,0.5,1.6,0.333,1.5,0.5,1.5,0.328,0.484
2025-26,1629027,Trae Young,1610612764,WAS,15,2,13,25.6,2.8,6.9,0.408,6.9,1.3,3.9,0.328,0.5
2025-26,1631218,Trayce Jackson-Davis,1610612761,TOR,53,29,24,9.4,0.0,0.0,,0.0,0.0,0.0,,
2025-26,1642848,Tre Johnson,1610612764,WAS,60,12,48,24.0,2.2,4.9,0.446,5.1,0.7,1.9,0.386,0.52
2025-26,1630200,Tre Jones,1610612741,CHI,65,27,38,27.0,0.6,1.3,0.494,1.5,0.2,0.5,0.433,0.571
2025-26,1630544,Tre Mann,1610612766,CHA,53,30,23,12.6,0.8,2.7,0.313,2.1,0.4,1.4,0.289,0.389
2025-26,1630570,Trendon Watford,1610612755,PHI,53,27,26,16.3,0.1,0.5,0.25,0.3,0.0,0.1,0.0,0.25
2025-26,1642280,Trentyn Flowers,1610612741,CHI,2,0,2,2.8,0.0,0.0,,0.0,0.0,0.0,,
2025-26,1630286,Trevon Scott,1610612751,BKN,6,2,4,30.4,0.0,0.8,0.0,0.0,0.0,0.5,0.0,0.0
2025-26,1631211,Trevor Keels,1610612748,MIA,8,6,2,1.9,0.1,0.4,0.333,0.4,0.1,0.4,0.333,0.5
2025-26,1641725,Trey Alexander,1610612740,NOP,9,2,7,12.3,0.8,1.7,0.467,1.6,0.0,0.2,0.0,0.467
2025-26,1641998,Trey Jemison III,1610612752,NYK,13,10,3,6.3,0.1,0.2,0.5,0.2,,,,0.5
2025-26,1630530,Trey Murphy III,1610612740,NOP,66,21,45,35.5,1.7,5.2,0.321,4.4,1.0,3.4,0.304,0.421
2025-26,1642400,Tristan Enaruna,1610612739,CLE,9,8,1,9.5,0.0,0.1,0.0,0.0,0.0,0.0,,0.0
2025-26,1641774,Tristan Vukcevic,1610612764,WAS,49,8,41,13.7,0.6,1.4,0.391,1.3,0.2,0.5,0.375,0.457
2025-26,1641783,Tristan da Silva,1610612753,ORL,77,43,34,24.7,0.6,1.5,0.387,1.5,0.3,0.7,0.375,0.475
2025-26,1641803,Tristen Newton,1610612745,HOU,1,1,0,12.0,1.0,2.0,0.5,2.0,0.0,1.0,0.0,0.5
2025-26,1629660,Ty Jerome,1610612763,MEM,15,3,12,22.6,3.9,8.3,0.472,10.1,2.2,4.9,0.446,0.604
2025-26,1631102,TyTy Washington Jr.,1610612746,LAC,16,8,8,5.5,0.2,0.5,0.375,0.4,0.1,0.3,0.25,0.438
2025-26,1631174,Tyler Burton,1610612763,MEM,12,2,10,25.6,0.3,1.5,0.222,0.8,0.1,0.9,0.091,0.25
2025-26,1629639,Tyler Herro,1610612748,MIA,33,14,19,31.3,3.2,7.0,0.45,7.6,1.3,3.4,0.387,0.543
2025-26,1642278,Tyler Kolek,1610612752,NYK,62,39,23,11.7,0.5,1.3,0.373,1.3,0.3,0.7,0.381,0.47
2025-26,1641890,Tyler Smith,1610612742,DAL,12,2,10,13.8,0.0,0.2,0.0,0.0,0.0,0.2,0.0,0.0
2025-26,1631213,Tyrese Martin,1610612755,PHI,46,12,34,16.9,0.3,1.0,0.319,0.8,0.2,0.7,0.267,0.404
2025-26,1630178,Tyrese Maxey,1610612755,PHI,70,38,32,38.0,3.6,9.6,0.378,9.0,1.7,5.2,0.335,0.469
2025-26,1642878,Tyrese Proctor,1610612739,CLE,50,33,17,10.9,0.7,1.7,0.393,1.7,0.4,1.1,0.357,0.512
2025-26,1630623,Tyson Etienne,1610612751,BKN,24,5,19,15.8,0.6,1.1,0.519,1.6,0.4,0.8,0.526,0.704
2025-26,1626145,Tyus Jones,1610612743,DEN,67,37,30,14.6,0.4,1.1,0.395,1.1,0.2,0.5,0.314,0.467
2025-26,1642845,VJ Edgecombe,1610612755,PHI,75,43,32,35.0,1.9,5.0,0.377,4.4,0.7,2.1,0.311,0.444
2025-26,1641705,Victor Wembanyama,1610612759,SAS,64,50,14,29.2,1.5,4.3,0.336,3.3,0.4,1.5,0.281,0.384
2025-26,1631246,Vince Williams Jr.,1610612762,UTA,40,16,24,20.5,0.7,2.3,0.29,1.6,0.3,1.3,0.208,0.349
2025-26,1642884,Vladislav Goldin,1610612748,MIA,9,5,4,2.7,0.0,0.0,,0.0,,,,
2025-26,1630249,Vít Krejčí,1610612757,POR,65,32,33,21.4,0.5,1.4,0.386,1.4,0.3,1.0,0.339,0.506
2025-26,1631117,Walker Kessler,1610612762,UTA,5,2,3,30.8,0.2,0.4,0.5,0.6,0.2,0.2,1.0,0.75
2025-26,1642383,Walter Clayton Jr.,1610612763,MEM,69,17,52,20.4,0.9,2.6,0.357,2.3,0.5,1.6,0.294,0.445
2025-26,1628976,Wendell Carter Jr.,1610612753,ORL,78,43,35,29.3,0.2,0.5,0.324,0.3,0.0,0.0,0.0,0.324
2025-26,1631111,Wendell Moore Jr.,1610612765,DET,6,5,1,9.9,0.0,0.0,,0.0,0.0,0.0,,
2025-26,1642954,Will Richard,1610612744,GSW,69,34,35,20.0,0.1,0.6,0.233,0.4,0.1,0.5,0.212,0.314
2025-26,1642860,Will Riley,1610612764,WAS,74,16,58,22.1,0.8,2.4,0.333,1.9,0.3,1.0,0.316,0.401
2025-26,1630214,Xavier Tillman,1610612766,CHA,30,21,9,6.1,0.1,0.2,0.429,0.2,0.0,0.1,0.0,0.429
2025-26,1642905,Yang Hansen,1610612757,POR,43,24,19,7.0,0.0,0.1,0.0,0.0,0.0,0.1,0.0,0.0
2025-26,1642949,Yanic Konan Niederhäuser,1610612746,LAC,41,22,19,10.3,0.0,0.0,1.0,0.0,0.0,0.0,,1.0
2025-26,1642530,Yuki Kawamura,1610612741,CHI,18,6,12,11.6,0.4,1.3,0.304,1.0,0.2,0.8,0.267,0.391
2025-26,1642274,Yves Missi,1610612740,NOP,66,19,47,19.7,0.0,0.1,0.2,0.0,0.0,0.0,,0.2
2025-26,1642258,Zaccharie Risacher,1610612737,ATL,67,39,28,22.4,0.4,1.2,0.342,1.0,0.2,0.7,0.289,0.424
2025-26,1628380,Zach Collins,1610612741,CHI,10,6,4,18.4,0.0,0.2,0.0,0.0,0.0,0.0,,0.0
2025-26,1641744,Zach Edey,1610612763,MEM,11,7,4,25.8,0.0,0.1,0.0,0.0,0.0,0.0,,0.0
2025-26,203897,Zach LaVine,1610612758,SAC,39,9,30,31.4,2.3,5.8,0.394,5.8,1.2,3.4,0.356,0.498
2025-26,1630192,Zeke Nnaji,1610612743,DEN,52,38,14,12.0,0.0,0.1,0.25,0.1,0.0,0.0,1.0,0.375
2025-26,1630533,Ziaire Williams,1610612751,BKN,56,13,43,22.9,0.3,0.8,0.372,0.7,0.1,0.4,0.35,0.453
2025-26,1629627,Zion Williamson,1610612740,NOP,62,22,40,29.7,0.2,0.6,0.378,0.5,0.0,0.1,0.25,0.392
2025-26,1642389,Zyon Pullin,1610612750,MIN,5,4,1,8.5,0.4,0.8,0.5,0.8,0.0,0.4,0.0,0.5
2024-25,1630639,A.J. Lawson,1610612761,TOR,3,0,3,4.5,0.0,0.0,,0.0,0.0,0.0,,
2024-25,1631260,AJ Green,1610612749,MIL,35,20,15,21.7,0.8,1.8,0.444,2.1,0.5,1.3,0.413,0.595
2024-25,1642358,AJ Johnson,1610612749,MIL,5,3,2,2.1,0.0,0.0,,0.0,0.0,0.0,,
2024-25,203932,Aaron Gordon,1610612743,DEN,18,11,7,28.2,0.6,1.5,0.37,1.4,0.3,0.8,0.333,0.463
2024-25,1628988,Aaron Holiday,1610612745,HOU,27,18,9,10.5,0.3,0.7,0.35,0.6,0.1,0.4,0.25,0.425
2024-25,1630174,Aaron Nesmith,1610612754,IND,6,2,4,22.7,0.7,1.7,0.4,1.8,0.5,0.8,0.6,0.55
2024-25,1630598,Aaron Wiggins,1610612760,OKC,38,32,6,20.5,0.4,1.0,0.385,0.9,0.2,0.4,0.353,0.462
2024-25,1641745,Adam Flagler,1610612760,OKC,11,10,1,3.6,0.1,0.4,0.25,0.3,0.1,0.3,0.333,0.375
2024-25,1641766,Adama Sanogo,1610612741,CHI,4,2,2,5.4,0.0,0.0,,0.0,,,,
2024-25,1641737,Adem Bona,1610612755,PHI,22,5,17,8.0,0.0,0.0,,0.0,,,,
2024-25,1642349,Ajay Mitchell,1610612760,OKC,34,29,5,16.5,0.4,0.8,0.462,0.8,0.1,0.2,0.333,0.5
2024-25,201143,Al Horford,1610612738,BOS,31,21,10,27.7,0.0,0.1,0.333,0.1,0.0,0.1,0.5,0.5
2024-25,202692,Alec Burks,1610612748,MIA,23,14,9,16.0,0.4,0.8,0.5,1.0,0.2,0.4,0.5,0.639
2024-25,1627936,Alex Caruso,1610612760,OKC,20,17,3,19.9,0.2,0.6,0.25,0.4,0.1,0.3,0.2,0.292
2024-25,1642505,Alex Ducas,1610612760,OKC,6,6,0,3.0,0.0,0.2,0.0,0.0,0.0,0.0,,0.0
2024-25,203458,Alex Len,1610612758,SAC,29,16,13,7.3,0.0,0.0,1.0,0.1,0.0,0.0,,1.0
2024-25,1642024,Alex Reese,1610612760,OKC,1,1,0,1.9,0.0,0.0,,0.0,,,,
2024-25,1642259,Alexandre Sarr,1610612764,WAS,34,5,29,27.1,0.4,1.1,0.385,0.9,0.0,0.2,0.167,0.397
2024-25,1631214,Alondes Williams,1610612765,DET,1,0,1,3.7,0.0,0.0,,0.0,0.0,0.0,,
2024-25,1630578,Alperen Sengun,1610612745,HOU,38,26,12,31.5,0.8,1.8,0.443,1.6,0.0,0.2,0.0,0.443
2024-25,1641708,Amen Thompson,1610612745,HOU,36,25,11,29.1,0.4,1.0,0.351,0.7,0.0,0.1,0.0,0.351
2024-25,1629599,Amir Coffey,1610612746,LAC,37,21,16,25.1,0.7,1.8,0.415,1.6,0.2,0.4,0.375,0.462
2024-25,203083,Andre Drummond,1610612755,PHI,26,10,16,18.9,0.0,0.0,0.0,0.0,0.0,0.0,0.0,0.0
2024-25,1641748,Andre Jackson Jr.,1610612749,MIL,36,20,16,17.4,0.1,0.4,0.308,0.3,0.1,0.2,0.333,0.385
2024-25,1629614,Andrew Nembhard,1610612754,IND,25,17,8,27.6,1.1,3.1,0.359,2.4,0.1,0.4,0.273,0.378
2024-25,203952,Andrew Wiggins,1610612744,GSW,33,15,18,29.2,1.0,3.2,0.308,2.5,0.5,1.4,0.34,0.383
2024-25,1629014,Anfernee Simons,1610612757,POR,35,11,24,32.0,2.5,6.6,0.384,6.5,1.4,4.2,0.338,0.491
2024-25,1641710,Anthony Black,1610612753,ORL,37,21,16,23.9,0.5,1.8,0.303,1.2,0.1,0.8,0.179,0.341
2024-25,203076,Anthony Davis,1610612747,LAL,35,19,16,34.9,1.2,3.2,0.384,2.5,0.1,0.3,0.222,0.393
2024-25,1630162,Anthony Edwards,1610612750,MIN,39,21,18,36.5,4.2,10.8,0.391,11.3,2.8,6.8,0.42,0.523
2024-25,1630264,Anthony Gill,1610612764,WAS,28,3,25,6.3,0.0,0.0,0.0,0.0,0.0,0.0,,0.0
2024-25,1641810,Antonio Reeves,1610612740,NOP,17,1,16,9.1,0.5,1.0,0.471,1.1,0.2,0.5,0.333,0.559
2024-25,1630574,Ariel Hukporti,1610612752,NYK,14,10,4,8.3,0.0,0.0,,0.0,,,,
2024-25,1642422,Armel Traore,1610612747,LAL,8,4,4,7.7,0.0,0.0,,0.0,0.0,0.0,,
2024-25,1641709,Ausar Thompson,1610612765,DET,18,11,7,18.7,0.1,0.4,0.25,0.2,0.0,0.1,0.0,0.25
2024-25,1630559,Austin Reaves,1610612747,LAL,32,18,14,34.8,1.9,4.9,0.38,4.8,1.0,2.9,0.355,0.484
2024-25,1630245,Ayo Dosunmu,1610612741,CHI,30,13,17,30.8,0.2,0.8,0.292,0.6,0.1,0.4,0.231,0.354
2024-25,1628389,Bam Adebayo,1610612748,MIA,37,20,17,34.1,1.5,3.5,0.422,3.1,0.2,0.6,0.381,0.453
2024-25,1631248,Baylor Scheierman,1610612738,BOS,5,5,0,6.8,0.0,0.4,0.0,0.0,0.0,0.0,,0.0
2024-25,1641767,Ben Sheppard,1610612754,IND,26,16,10,20.0,0.1,0.3,0.333,0.3,0.0,0.3,0.143,0.389
2024-25,1627732,Ben Simmons,1610612751,BKN,28,10,18,25.2,0.1,0.4,0.364,0.3,,,,0.364
2024-25,1631097,Bennedict Mathurin,1610612754,IND,40,22,18,32.8,1.3,4.1,0.303,3.2,0.7,2.3,0.286,0.382
2024-25,1641731,Bilal Coulibaly,1610612764,WAS,34,6,28,33.3,0.8,2.6,0.303,1.8,0.2,0.6,0.318,0.343
2024-25,1631104,Blake Wesley,1610612759,SAS,25,13,12,10.6,0.1,0.3,0.429,0.3,0.0,0.1,0.333,0.5
2024-25,1626171,Bobby Portis,1610612749,MIL,36,19,17,25.1,1.1,2.7,0.388,2.2,0.1,0.2,0.5,0.403
2024-25,1641752,Bobi Klintman,1610612765,DET,1,1,0,4.3,0.0,0.0,,0.0,,,,
2024-25,203992,Bogdan Bogdanović,1610612737,ATL,17,9,8,25.6,0.8,2.4,0.325,1.9,0.4,1.4,0.261,0.4
2024-25,1629626,Bol Bol,1610612756,PHX,8,0,8,6.2,0.8,1.3,0.6,1.5,0.0,0.4,0.0,0.6
2024-25,1630538,Bones Hyland,1610612746,LAC,16,6,10,11.0,1.2,3.4,0.345,3.4,1.0,2.6,0.381,0.491
2024-25,203078,Bradley Beal,1610612756,PHX,28,14,14,33.1,2.2,5.5,0.4,5.1,0.6,1.9,0.346,0.458
2024-25,1642382,Branden Carlson,1610612760,OKC,9,9,0,3.9,0.1,0.1,1.0,0.2,0.0,0.0,,1.0
2024-25,1641764,Brandin Podziemski,1610612744,GSW,30,15,15,24.2,1.1,3.0,0.371,2.6,0.4,1.5,0.289,0.444
2024-25,1630527,Brandon Boston,1610612740,NOP,37,6,31,24.4,1.5,4.0,0.367,3.3,0.4,1.4,0.255,0.412
2024-25,1629634,Brandon Clarke,1610612763,MEM,37,24,13,18.7,0.1,0.2,0.5,0.2,0.0,0.0,,0.5
2024-25,1627742,Brandon Ingram,1610612740,NOP,18,5,13,33.1,4.1,9.6,0.424,8.8,0.7,2.3,0.31,0.462
2024-25,1641706,Brandon Miller,1610612766,CHA,26,7,19,34.3,2.0,6.6,0.308,5.2,1.2,3.8,0.303,0.395
2024-25,1630314,Brandon Williams,1610612742,DAL,10,6,4,6.6,0.2,0.6,0.333,0.4,0.0,0.3,0.0,0.333
2024-25,1641729,Brice Sensabaugh,1610612762,UTA,29,7,22,17.8,1.1,2.4,0.449,2.8,0.7,1.5,0.455,0.594
2024-25,1642355,Bronny James,1610612747,LAL,9,6,3,2.4,0.1,0.4,0.25,0.2,0.0,0.2,0.0,0.25
2024-25,201572,Brook Lopez,1610612749,MIL,37,20,17,31.7,0.3,0.9,0.333,0.6,0.0,0.1,0.2,0.348
2024-25,1628971,Bruce Brown,1610612761,TOR,7,1,6,17.6,0.3,0.7,0.4,0.6,0.0,0.0,,0.4
2024-25,1628981,Bruno Fernando,1610612761,TOR,17,2,15,8.6,0.0,0.1,0.0,0.0,,,,0.0
2024-25,1631121,Bryce McGowens,1610612757,POR,3,0,3,2.9,0.0,0.0,,0.0,0.0,0.0,,
2024-25,1627741,Buddy Hield,1610612744,GSW,39,19,20,23.5,0.8,2.8,0.275,2.1,0.6,2.2,0.271,0.381
2024-25,203468,CJ McCollum,1610612740,NOP,27,6,21,33.5,2.7,8.0,0.335,6.6,1.3,4.1,0.306,0.414
2024-25,1630595,Cade Cunningham,1610612765,DET,36,20,16,35.5,3.4,7.9,0.426,8.2,1.5,4.0,0.375,0.521
2024-25,1631216,Caleb Houstan,1610612753,ORL,28,14,14,11.1,0.1,0.4,0.4,0.4,0.1,0.2,0.4,0.5
2024-25,1628997,Caleb Martin,1610612755,PHI,31,12,19,30.4,0.7,1.9,0.35,1.4,0.0,0.5,0.071,0.358
2024-25,1642353,Cam Christie,1610612746,LAC,1,0,1,17.8,0.0,2.0,0.0,0.0,0.0,1.0,0.0,0.0
2024-25,1629629,Cam Reddish,1610612747,LAL,29,14,15,18.6,0.0,0.1,0.0,0.0,0.0,0.1,0.0,0.0
2024-25,1642285,Cam Spencer,1610612763,MEM,10,8,2,12.1,0.2,0.7,0.286,0.5,0.1,0.3,0.333,0.357
2024-25,1630560,Cam Thomas,1610612751,BKN,19,8,11,32.3,3.8,9.2,0.414,9.4,1.8,4.8,0.38,0.514
2024-25,1641715,Cam Whitmore,1610612745,HOU,20,14,6,15.1,0.8,2.4,0.333,2.1,0.5,1.7,0.265,0.427
2024-25,1629661,Cameron Johnson,1610612751,BKN,32,13,19,32.6,1.5,3.5,0.42,3.8,0.8,2.0,0.422,0.54
2024-25,1626166,Cameron Payne,1610612752,NYK,35,24,11,15.2,0.9,2.3,0.388,2.4,0.6,1.5,0.404,0.519
2024-25,1627747,Caris LeVert,1610612739,CLE,32,29,3,24.1,0.9,2.0,0.431,2.4,0.6,1.3,0.476,0.585
2024-25,1642267,Carlton Carrington,1610612764,WAS,38,6,32,30.2,1.7,3.9,0.439,4.2,0.8,2.1,0.372,0.537
2024-25,1641717,Cason Wallace,1610612760,OKC,37,31,6,27.2,0.3,1.0,0.324,0.8,0.1,0.4,0.25,0.378
2024-25,1629646,Charles Bassey,1610612759,SAS,26,14,12,10.4,0.0,0.1,0.0,0.0,,,,0.0
2024-25,1631096,Chet Holmgren,1610612760,OKC,10,8,2,26.5,0.7,1.6,0.438,1.7,0.3,0.4,0.75,0.531
2024-25,1628449,Chris Boucher,1610612761,TOR,35,9,26,17.6,0.3,0.6,0.409,0.5,0.0,0.2,0.125,0.432
2024-25,1630537,Chris Duarte,1610612741,CHI,15,4,11,4.8,0.1,0.5,0.25,0.4,0.1,0.5,0.25,0.375
2024-25,1641753,Chris Livingston,1610612749,MIL,3,3,0,2.0,0.0,0.0,,0.0,,,,
2024-25,101108,Chris Paul,1610612759,SAS,38,19,19,29.1,2.4,5.6,0.43,6.1,1.2,3.3,0.379,0.54
2024-25,1631128,Christian Braun,1610612743,DEN,37,22,15,33.1,0.3,0.7,0.423,0.8,0.2,0.4,0.429,0.538
2024-25,1631132,Christian Koloko,1610612747,LAL,21,14,7,9.6,0.0,0.0,1.0,0.1,0.0,0.0,,1.0
2024-25,203991,Clint Capela,1610612737,ATL,38,19,19,22.9,0.0,0.0,0.0,0.0,,,,0.0
2024-25,1629632,Coby White,1610612741,CHI,36,16,20,32.7,1.9,5.3,0.354,4.9,1.2,3.4,0.347,0.468
2024-25,1628998,Cody Martin,1610612766,CHA,34,8,26,25.7,0.6,1.9,0.333,1.5,0.2,0.7,0.333,0.397
2024-25,1642262,Cody Williams,1610612762,UTA,23,5,18,20.7,0.0,0.4,0.0,0.0,0.0,0.1,0.0,0.0
2024-25,1641732,Colby Jones,1610612758,SAC,22,10,12,5.4,0.1,0.4,0.375,0.3,0.0,0.0,1.0,0.438
2024-25,1630175,Cole Anthony,1610612753,ORL,38,22,16,15.2,0.9,2.6,0.371,2.2,0.3,0.8,0.387,0.433
2024-25,1631306,Cole Swider,1610612765,DET,2,0,2,6.5,0.0,1.0,0.0,0.0,0.0,1.0,0.0,0.0
2024-25,1630658,Colin Castleton,1610612763,MEM,10,9,1,4.6,0.0,0.1,0.0,0.0,0.0,0.1,0.0,0.0
2024-25,1631221,Collin Gillespie,1610612756,PHX,1,1,0,3.4,0.0,1.0,0.0,0.0,0.0,0.0,,0.0
2024-25,1629012,Collin Sexton,1610612762,UTA,38,10,28,28.8,2.0,4.8,0.42,5.0,1.0,2.3,0.42,0.522
2024-25,1630557,Corey Kispert,1610612764,WAS,33,5,28,26.7,0.6,1.5,0.38,1.5,0.4,1.0,0.364,0.5
2024-25,202709,Cory Joseph,1610612753,ORL,24,12,12,7.3,0.2,0.6,0.286,0.4,0.1,0.3,0.333,0.357
2024-25,1641854,Craig Porter Jr.,1610612739,CLE,22,18,4,8.1,0.2,0.5,0.4,0.5,0.1,0.2,0.4,0.5
2024-25,1642385,Cui Yongxi,1610612751,BKN,5,2,3,2.1,0.0,0.0,,0.0,0.0,0.0,,
2024-25,1626156,D'Angelo Russell,1610612751,BKN,32,17,15,26.0,1.7,4.3,0.397,4.3,0.9,2.3,0.384,0.5
2024-25,1630618,D.J. Carton,1610612761,TOR,4,1,3,8.3,0.0,0.0,,0.0,0.0,0.0,,
2024-25,1629610,DaQuan Jeffries,1610612766,CHA,8,1,7,19.0,0.5,0.6,0.8,1.3,0.3,0.4,0.667,1.0
2024-25,1630227,Daishen Nix,1610612750,MIN,3,3,0,4.4,0.0,0.0,,0.0,0.0,0.0,,
2024-25,1630625,Dalano Banton,1610612757,POR,29,8,21,15.6,0.5,1.4,0.366,1.2,0.2,0.5,0.429,0.439
2024-25,1631207,Dalen Terry,1610612741,CHI,36,15,21,13.3,0.0,0.1,0.333,0.1,0.0,0.0,,0.333
2024-25,1642261,Dalton Knecht,1610612747,LAL,37,20,17,21.7,0.7,1.3,0.542,1.6,0.2,0.4,0.538,0.615
2024-25,203081,Damian Lillard,1610612749,MIL,30,16,14,36.2,3.7,8.8,0.418,9.3,2.0,5.4,0.368,0.532
2024-25,1627814,Damion Lee,1610612756,PHX,8,1,7,6.0,0.3,0.6,0.4,0.5,0.0,0.1,0.0,0.4
2024-25,1629655,Daniel Gafford,1610612742,DAL,37,20,17,19.7,0.0,0.0,1.0,0.1,,,,1.0
2024-25,1628464,Daniel Theis,1610612740,NOP,30,6,24,15.1,0.2,0.3,0.5,0.3,0.0,0.0,0.0,0.5
2024-25,1642450,Daniss Jenkins,1610612765,DET,3,1,2,2.7,0.0,0.3,0.0,0.0,0.0,0.3,0.0,0.0
2024-25,203967,Dario Šarić,1610612743,DEN,12,5,7,14.4,0.0,0.1,0.0,0.0,0.0,0.1,0.0,0.0
2024-25,1641727,Dariq Whitehead,1610612751,BKN,5,1,4,6.1,0.0,0.0,,0.0,0.0,0.0,,
2024-25,1629636,Darius Garland,1610612739,CLE,37,32,5,30.2,3.0,6.8,0.444,7.5,1.5,3.8,0.387,0.554
2024-25,1630561,David Duke Jr.,1610612759,SAS,1,0,1,8.2,0.0,0.0,,0.0,0.0,0.0,,
2024-25,1631223,David Roddy,1610612737,ATL,21,7,14,12.9,0.1,0.3,0.429,0.4,0.1,0.2,0.4,0.571
2024-25,1630558,Davion Mitchell,1610612761,TOR,35,9,26,24.3,0.3,1.1,0.282,0.9,0.2,0.7,0.32,0.385
2024-25,1630549,Day'Ron Sharpe,1610612751,BKN,17,4,13,16.9,0.1,0.3,0.2,0.1,0.0,0.1,0.0,0.2
2024-25,1628368,De'Aaron Fox,1610612758,SAC,36,17,19,37.2,3.7,8.4,0.434,8.4,1.0,3.1,0.336,0.495
2024-25,1629631,De'Andre Hunter,1610612737,ATL,27,16,11,27.8,1.4,3.1,0.435,3.3,0.5,1.3,0.412,0.518
2024-25,1629001,De'Anthony Melton,1610612751,BKN,6,4,2,20.2,0.5,1.8,0.273,1.5,0.5,1.7,0.3,0.409
2024-25,201599,DeAndre Jordan,1610612743,DEN,26,17,9,11.2,0.0,0.0,,0.0,,,,
2024-25,201942,DeMar DeRozan,1610612758,SAC,34,18,16,35.6,4.3,9.4,0.456,8.6,0.1,0.6,0.19,0.462
2024-25,1629731,Dean Wade,1610612739,CLE,29,27,2,22.7,0.0,0.2,0.2,0.1,0.0,0.2,0.2,0.3
2024-25,1629028,Deandre Ayton,1610612757,POR,28,9,19,30.0,0.6,1.1,0.533,1.1,0.0,0.0,,0.533
2024-25,1627749,Dejounte Murray,1610612740,NOP,23,5,18,33.3,2.7,7.7,0.352,6.1,0.7,2.6,0.271,0.398
2024-25,1626153,Delon Wright,1610612749,MIL,24,13,11,15.7,0.1,0.5,0.167,0.2,0.0,0.5,0.091,0.208
2024-25,1630166,Deni Avdija,1610612757,POR,38,13,25,28.0,0.6,1.2,0.468,1.4,0.3,0.6,0.435,0.574
2024-25,203471,Dennis Schröder,1610612744,GSW,37,14,23,31.5,2.1,4.6,0.45,4.9,0.7,2.0,0.347,0.526
2024-25,1641726,Dereck Lively II,1610612742,DAL,31,19,12,24.7,0.0,0.0,,0.0,,,,
2024-25,1627884,Derrick Jones Jr.,1610612746,LAC,36,20,16,24.1,0.1,0.6,0.095,0.1,0.0,0.2,0.125,0.119
2024-25,1628401,Derrick White,1610612738,BOS,37,27,10,34.0,1.5,4.2,0.368,4.0,0.9,3.0,0.297,0.474
2024-25,1630217,Desmond Bane,1610612763,MEM,31,18,13,29.2,1.6,4.3,0.376,4.1,0.9,2.8,0.31,0.477
2024-25,1626164,Devin Booker,1610612756,PHX,33,18,15,36.6,3.9,9.5,0.417,9.1,1.2,4.0,0.298,0.479
2024-25,1642269,Devin Carter,1610612758,SAC,5,5,0,14.4,0.6,2.4,0.25,1.6,0.4,1.6,0.25,0.333
2024-25,1630170,Devin Vassell,1610612759,SAS,23,11,12,29.2,2.4,5.9,0.407,5.5,0.7,2.0,0.362,0.47
2024-25,1628415,Dillon Brooks,1610612745,HOU,35,24,11,32.0,1.3,3.1,0.413,3.0,0.4,1.0,0.4,0.477
2024-25,1641794,Dillon Jones,1610612760,OKC,26,22,4,8.1,0.0,0.3,0.143,0.1,0.0,0.2,0.0,0.143
2024-25,1627734,Domantas Sabonis,1610612758,SAC,36,19,17,36.0,0.2,0.5,0.421,0.5,0.0,0.0,1.0,0.447
2024-25,1631230,Dominick Barlow,1610612737,ATL,7,2,5,4.3,0.0,0.1,0.0,0.0,0.0,0.0,,0.0
2024-25,1642270,Donovan Clingan,1610612757,POR,30,11,19,16.5,0.0,0.1,0.0,0.0,0.0,0.1,0.0,0.0
2024-25,1628378,Donovan Mitchell,1610612739,CLE,36,31,5,31.4,3.6,9.0,0.396,9.3,2.2,5.5,0.397,0.519
2024-25,1628978,Donte DiVincenzo,1610612750,MIN,39,21,18,26.1,0.7,2.0,0.354,2.1,0.6,1.9,0.333,0.513
2024-25,1627827,Dorian Finney-Smith,1610612747,LAL,26,9,17,27.8,0.1,0.3,0.286,0.2,0.0,0.1,0.333,0.357
2024-25,203926,Doug McDermott,1610612758,SAC,25,13,12,8.7,0.2,0.5,0.333,0.4,0.1,0.3,0.375,0.458
2024-25,203110,Draymond Green,1610612744,GSW,33,17,16,28.6,0.2,0.5,0.4,0.5,0.1,0.2,0.667,0.533
2024-25,1629234,Drew Eubanks,1610612762,UTA,29,8,21,14.5,0.2,0.3,0.5,0.4,0.0,0.0,1.0,0.55
2024-25,1641809,Drew Peterson,1610612738,BOS,11,9,2,9.9,0.5,0.6,0.714,1.2,0.3,0.5,0.6,0.929
2024-25,1630696,Dru Smith,1610612748,MIA,14,8,6,19.2,0.1,0.7,0.2,0.4,0.1,0.4,0.333,0.3
2024-25,1629130,Duncan Robinson,1610612748,MIA,36,18,18,23.0,1.1,2.8,0.404,3.3,1.0,2.4,0.425,0.591
2024-25,1641871,Duop Reath,1610612757,POR,17,5,12,6.5,0.1,0.1,1.0,0.2,0.1,0.1,1.0,1.5
2024-25,203939,Dwight Powell,1610612742,DAL,30,17,13,7.6,0.0,0.0,,0.0,0.0,0.0,,
2024-25,1630700,Dyson Daniels,1610612737,ATL,34,17,17,33.4,0.4,1.4,0.292,1.0,0.2,0.6,0.333,0.365
2024-25,1630604,E.J. Liddell,1610612741,CHI,6,2,4,5.1,0.0,0.2,0.0,0.0,0.0,0.2,0.0,0.0
2024-25,203901,Elfrid Payton,1610612740,NOP,7,0,7,20.5,1.0,2.7,0.368,2.0,0.0,0.1,0.0,0.368
2024-25,1641989,Elijah Harkless,1610612762,UTA,2,1,1,14.0,0.0,0.5,0.0,0.0,0.0,0.0,,0.0
2024-25,1642402,Enrique Freeman,1610612754,IND,18,5,13,7.5,0.0,0.1,0.0,0.0,0.0,0.0,,0.0
2024-25,201569,Eric Gordon,1610612755,PHI,26,8,18,17.2,0.2,0.5,0.357,0.5,0.1,0.4,0.2,0.429
2024-25,1630596,Evan Mobley,1610612739,CLE,36,31,5,30.5,0.4,1.0,0.351,0.8,0.1,0.4,0.25,0.405
2024-25,1630532,Franz Wagner,1610612753,ORL,25,16,9,33.2,2.0,5.9,0.333,5.0,1.0,3.2,0.321,0.422
2024-25,1627832,Fred VanVleet,1610612745,HOU,36,24,12,35.7,2.5,7.1,0.35,6.3,1.3,4.3,0.308,0.444
2024-25,1629216,Gabe Vincent,1610612747,LAL,33,18,15,19.0,0.5,1.4,0.319,1.1,0.2,0.8,0.25,0.394
2024-25,202066,Garrett Temple,1610612761,TOR,12,3,9,4.2,0.1,0.3,0.25,0.2,0.0,0.2,0.0,0.25
2024-25,1629726,Garrison Mathews,1610612737,ATL,29,13,16,18.7,0.3,1.1,0.29,0.9,0.2,0.9,0.28,0.403
2024-25,203914,Gary Harris,1610612753,ORL,20,12,8,16.3,0.1,0.3,0.333,0.3,0.1,0.2,0.5,0.5
2024-25,1627780,Gary Payton II,1610612744,GSW,28,15,13,13.1,0.0,0.1,0.0,0.0,0.0,0.1,0.0,0.0
2024-25,1629018,Gary Trent Jr.,1610612749,MIL,34,20,14,24.5,1.0,2.4,0.415,2.4,0.4,1.1,0.417,0.506
2024-25,1627777,Georges Niang,1610612739,CLE,38,33,5,20.2,0.3,0.6,0.455,0.7,0.1,0.3,0.385,0.568
2024-25,203507,Giannis Antetokounmpo,1610612749,MIL,31,17,14,34.9,2.3,5.2,0.435,4.6,0.1,0.5,0.2,0.444
2024-25,1629048,Goga Bitadze,1610612753,ORL,36,22,14,24.6,0.0,0.1,0.0,0.0,0.0,0.0,0.0,0.0
2024-25,1641711,Gradey Dick,1610612761,TOR,34,6,28,30.7,1.2,3.5,0.345,2.8,0.4,1.5,0.25,0.399
2024-25,1629684,Grant Williams,1610612766,CHA,16,6,10,29.9,0.6,1.6,0.346,1.4,0.3,0.8,0.308,0.423
2024-25,1628960,Grayson Allen,1610612756,PHX,29,17,12,23.8,0.3,0.9,0.37,1.0,0.3,0.7,0.4,0.519
2024-25,1627824,Guerschon Yabusele,1610612755,PHI,37,15,22,25.3,0.1,0.2,0.333,0.1,0.0,0.1,0.25,0.417
2024-25,1630611,Gui Santos,1610612744,GSW,15,7,8,8.3,0.0,0.1,0.0,0.0,0.0,0.1,0.0,0.0
2024-25,203084,Harrison Barnes,1610612759,SAS,38,19,19,28.0,0.2,0.6,0.333,0.4,0.1,0.3,0.182,0.381
2024-25,1631127,Harrison Ingram,1610612759,SAS,1,0,1,6.8,0.0,0.0,,0.0,,,,
2024-25,1629312,Haywood Highsmith,1610612748,MIA,36,19,17,25.6,0.2,0.3,0.7,0.5,0.1,0.1,0.8,0.9
2024-25,1630529,Herbert Jones,1610612740,NOP,20,5,15,32.4,0.2,0.7,0.308,0.4,0.0,0.2,0.0,0.308
2024-25,1641816,Hunter Tyson,1610612743,DEN,27,16,11,8.1,0.1,0.3,0.222,0.1,0.0,0.2,0.0,0.222
2024-25,1630193,Immanuel Quickley,1610612761,TOR,9,1,8,28.5,2.2,5.1,0.435,5.6,1.1,3.0,0.37,0.543
2024-25,1642403,Isaac Jones,1610612758,SAC,21,10,11,8.3,0.0,0.0,0.0,0.0,0.0,0.0,,0.0
2024-25,1630171,Isaac Okoro,1610612739,CLE,26,23,3,20.1,0.1,0.2,0.4,0.2,0.1,0.2,0.5,0.6
2024-25,1642268,Isaiah Collier,1610612762,UTA,30,8,22,19.7,0.2,1.1,0.152,0.4,0.1,0.6,0.158,0.197
2024-25,1642384,Isaiah Crawford,1610612758,SAC,2,2,0,3.3,0.0,0.0,,0.0,,,,
2024-25,1628392,Isaiah Hartenstein,1610612760,OKC,23,21,2,29.7,0.1,0.3,0.25,0.2,0.0,0.0,,0.25
2024-25,1630543,Isaiah Jackson,1610612754,IND,5,1,4,16.8,0.0,0.0,,0.0,,,,
2024-25,1630198,Isaiah Joe,1610612760,OKC,36,31,5,20.5,0.7,2.4,0.299,2.0,0.5,1.8,0.302,0.408
2024-25,1630191,Isaiah Stewart,1610612765,DET,36,18,18,21.1,0.0,0.1,0.25,0.1,0.0,0.0,0.0,0.25
2024-25,1631209,Isaiah Wong,1610612766,CHA,10,1,9,14.3,0.8,2.3,0.348,1.8,0.2,0.8,0.25,0.391
2024-25,1627826,Ivica Zubac,1610612746,LAC,38,21,17,32.1,0.0,0.1,0.333,0.1,,,,0.333
2024-25,1631120,JD Davison,1610612738,BOS,5,5,0,4.7,0.0,0.2,0.0,0.0,0.0,0.2,0.0,0.0
2024-25,1630550,JT Thor,1610612739,CLE,7,6,1,4.7,0.3,0.3,1.0,0.6,0.0,0.0,,1.0
2024-25,1629630,Ja Morant,1610612763,MEM,23,15,8,28.3,0.8,3.7,0.214,1.9,0.3,2.0,0.178,0.262
2024-25,1642266,Ja'Kobe Walter,1610612761,TOR,24,5,19,18.9,0.5,1.3,0.387,1.0,0.0,0.3,0.125,0.403
2024-25,1631095,Jabari Smith Jr.,1610612745,HOU,33,22,11,30.9,0.8,2.2,0.342,1.6,0.1,0.6,0.158,0.363
2024-25,1631133,Jabari Walker,1610612757,POR,26,6,20,9.8,0.0,0.1,0.0,0.0,0.0,0.0,,0.0
2024-25,1629098,Jack McVeigh,1610612745,HOU,6,5,1,3.6,0.2,0.5,0.333,0.3,0.0,0.2,0.0,0.333
2024-25,1631210,Jacob Toppin,1610612752,NYK,13,10,3,3.0,0.1,0.2,0.5,0.2,0.0,0.1,0.0,0.5
2024-25,1630702,Jaden Hardy,1610612742,DAL,31,18,13,15.9,0.6,1.8,0.339,1.4,0.2,0.7,0.273,0.393
2024-25,1631093,Jaden Ivey,1610612765,DET,30,14,16,29.9,1.8,4.8,0.375,4.4,0.8,2.3,0.348,0.458
2024-25,1630183,Jaden McDaniels,1610612750,MIN,39,21,18,30.0,0.6,1.5,0.424,1.5,0.2,0.5,0.389,0.483
2024-25,1630531,Jaden Springer,1610612738,BOS,16,12,4,4.1,0.0,0.1,0.0,0.0,0.0,0.0,,0.0
2024-25,203109,Jae Crowder,1610612758,SAC,6,2,4,14.8,0.0,0.0,,0.0,0.0,0.0,,
2024-25,1630256,Jae'Sean Tate,1610612745,HOU,21,17,4,10.1,0.0,0.1,0.0,0.0,0.0,0.1,0.0,0.0
2024-25,1631170,Jaime Jaquez Jr.,1610612748,MIA,34,19,15,23.6,0.2,0.7,0.304,0.5,0.1,0.4,0.308,0.391
2024-25,1631222,Jake LaRavia,1610612763,MEM,39,24,15,22.0,0.3,0.6,0.417,0.6,0.1,0.4,0.357,0.521
2024-25,1627751,Jakob Poeltl,1610612761,TOR,35,9,26,32.1,0.1,0.3,0.333,0.2,0.0,0.1,0.0,0.333
2024-25,1641779,Jalen Bridges,1610612756,PHX,4,0,4,4.2,0.0,0.0,,0.0,0.0,0.0,,
2024-25,1628973,Jalen Brunson,1610612752,NYK,40,25,15,34.9,3.6,8.5,0.426,8.8,1.5,3.8,0.392,0.515
2024-25,1631105,Jalen Duren,1610612765,DET,37,20,17,24.9,0.1,0.1,0.667,0.1,,,,0.667
2024-25,1630224,Jalen Green,1610612745,HOU,38,26,12,33.0,2.3,7.2,0.313,5.9,1.4,4.4,0.308,0.407
2024-25,1641720,Jalen Hood-Schifino,1610612747,LAL,2,2,0,7.1,0.5,0.5,1.0,1.0,,,,1.0
2024-25,1630552,Jalen Johnson,1610612737,ATL,32,17,15,36.4,0.4,1.8,0.224,0.9,0.1,0.5,0.267,0.259
2024-25,1629618,Jalen Pickett,1610612743,DEN,12,8,4,8.1,0.6,1.1,0.538,1.6,0.4,0.7,0.625,0.731
2024-25,1630188,Jalen Smith,1610612741,CHI,35,16,19,15.4,0.1,0.2,0.286,0.1,0.0,0.1,0.25,0.357
2024-25,1630591,Jalen Suggs,1610612753,ORL,34,19,15,29.0,1.9,5.5,0.337,4.4,0.7,2.7,0.264,0.401
2024-25,1631114,Jalen Williams,1610612760,OKC,38,32,6,32.3,2.8,6.5,0.435,6.1,0.5,1.7,0.292,0.474
2024-25,1630592,Jalen Wilson,1610612751,BKN,38,12,26,26.9,0.1,0.5,0.263,0.3,0.1,0.2,0.222,0.316
2024-25,1631288,Jamal Cain,1610612740,NOP,16,2,14,14.0,0.2,0.6,0.3,0.4,0.1,0.3,0.25,0.35
2024-25,1627750,Jamal Murray,1610612743,DEN,32,18,14,35.9,3.2,8.0,0.393,7.3,1.0,2.8,0.36,0.455
2024-25,1642347,Jamal Shead,1610612761,TOR,36,9,27,15.9,0.5,1.5,0.333,1.1,0.1,0.6,0.19,0.37
2024-25,201935,James Harden,1610612746,LAC,36,21,15,33.8,3.2,9.2,0.349,8.6,2.1,6.6,0.321,0.464
2024-25,201949,James Johnson,1610612754,IND,7,3,4,3.6,0.1,0.4,0.333,0.3,0.0,0.0,,0.333
2024-25,1630164,James Wiseman,1610612754,IND,1,1,0,4.6,0.0,0.0,,0.0,0.0,0.0,,
2024-25,1642419,Jamison Battle,1610612761,TOR,31,8,23,13.5,0.4,0.7,0.5,0.9,0.2,0.5,0.5,0.659
2024-25,1641716,Jarace Walker,1610612754,IND,40,22,18,17.3,0.4,1.2,0.354,1.1,0.2,0.7,0.296,0.438
2024-25,1630215,Jared Butler,1610612764,WAS,29,3,26,11.2,0.7,1.6,0.413,1.5,0.2,0.5,0.333,0.467
2024-25,1642272,Jared McCain,1610612755,PHI,23,7,16,25.7,1.7,4.3,0.404,4.1,0.7,2.2,0.294,0.48
2024-25,1631197,Jared Rhoden,1610612766,CHA,4,1,3,2.9,0.0,0.5,0.0,0.0,0.0,0.0,,0.0
2024-25,1628991,Jaren Jackson Jr.,1610612763,MEM,38,24,14,29.3,1.0,2.2,0.451,2.2,0.2,0.7,0.321,0.506
2024-25,1628386,Jarrett Allen,1610612739,CLE,38,33,5,29.0,0.0,0.1,0.0,0.0,0.0,0.0,,0.0
2024-25,1629750,Javonte Green,1610612740,NOP,35,6,29,21.2,0.0,0.2,0.125,0.1,0.0,0.0,0.0,0.125
2024-25,1629637,Jaxson Hayes,1610612747,LAL,16,8,8,15.7,0.0,0.0,,0.0,,,,
2024-25,1630643,Jay Huff,1610612763,MEM,35,22,13,14.9,0.1,0.2,0.571,0.3,0.1,0.1,0.667,0.714
2024-25,1627759,Jaylen Brown,1610612738,BOS,32,23,9,35.7,1.9,5.9,0.326,4.8,0.9,3.0,0.295,0.4
2024-25,1641740,Jaylen Clark,1610612750,MIN,2,2,0,2.2,0.0,0.0,,0.0,0.0,0.0,,
2024-25,1641798,Jaylen Martin,1610612751,BKN,3,2,1,1.6,0.0,0.0,,0.0,0.0,0.0,,
2024-25,1629669,Jaylen Nowell,1610612740,NOP,8,1,7,21.0,0.6,3.1,0.2,1.3,0.0,0.9,0.0,0.2
2024-25,1642377,Jaylen Wells,1610612763,MEM,40,25,15,26.0,0.6,1.3,0.481,1.5,0.3,0.5,0.524,0.587
2024-25,1631119,Jaylin Williams,1610612760,OKC,11,10,1,13.3,0.1,0.1,1.0,0.3,0.1,0.1,1.0,1.5
2024-25,1642281,Jaylon Tyson,1610612739,CLE,22,18,4,7.1,0.0,0.1,0.333,0.1,0.0,0.0,1.0,0.5
2024-25,1628369,Jayson Tatum,1610612738,BOS,36,26,10,36.4,3.6,9.6,0.373,9.8,2.6,7.3,0.357,0.509
2024-25,1641789,Jazian Gortman,1610612742,DAL,15,8,7,3.7,0.3,0.5,0.571,0.7,0.1,0.2,0.667,0.714
2024-25,1630288,Jeff Dowtin Jr.,1610612755,PHI,15,3,12,9.1,0.5,1.0,0.467,1.0,0.1,0.2,0.333,0.5
2024-25,201145,Jeff Green,1610612745,HOU,11,7,4,8.5,0.2,0.4,0.5,0.4,0.0,0.0,,0.5
2024-25,203924,Jerami Grant,1610612757,POR,29,10,19,32.7,0.7,2.1,0.311,1.4,0.1,0.3,0.3,0.336
2024-25,1630526,Jeremiah Robinson-Earl,1610612740,NOP,34,8,26,18.8,0.1,0.6,0.211,0.2,0.0,0.2,0.0,0.211
2024-25,1631110,Jeremy Sochan,1610612759,SAS,22,9,13,29.0,0.1,0.5,0.182,0.2,0.0,0.1,0.0,0.182
2024-25,1630579,Jericho Sims,1610612752,NYK,32,20,12,11.6,0.0,0.0,0.0,0.0,,,,0.0
2024-25,1641724,Jett Howard,1610612753,ORL,37,20,17,11.2,0.4,1.2,0.311,0.9,0.1,0.7,0.185,0.367
2024-25,1628975,Jevon Carter,1610612741,CHI,18,6,12,6.6,0.3,0.9,0.375,0.9,0.2,0.7,0.333,0.5
2024-25,202710,Jimmy Butler,1610612748,MIA,22,12,10,30.8,0.7,1.8,0.4,1.6,0.1,0.3,0.5,0.438
2024-25,1629111,Jock Landale,1610612745,HOU,20,14,6,9.2,0.1,0.2,0.5,0.2,0.0,0.1,0.0,0.5
2024-25,204060,Joe Ingles,1610612750,MIN,8,6,2,3.3,0.0,0.0,,0.0,0.0,0.0,,
2024-25,203954,Joel Embiid,1610612755,PHI,13,7,6,29.4,1.8,5.7,0.324,3.8,0.1,0.6,0.125,0.331
2024-25,1628381,John Collins,1610612762,UTA,27,8,19,29.9,0.3,0.9,0.375,0.7,0.1,0.1,0.5,0.417
2024-25,1629723,John Konchar,1610612763,MEM,21,15,6,14.8,0.0,0.1,0.0,0.0,0.0,0.1,0.0,0.0
2024-25,1631098,Johnny Davis,1610612764,WAS,27,3,24,7.7,0.2,0.7,0.333,0.6,0.1,0.4,0.364,0.444
2024-25,1642277,Johnny Furphy,1610612754,IND,26,14,12,8.3,0.0,0.1,0.0,0.0,0.0,0.1,0.0,0.0
2024-25,1630548,Johnny Juzang,1610612762,UTA,32,9,23,17.8,0.5,1.6,0.333,1.4,0.3,1.0,0.313,0.431
2024-25,202685,Jonas Valančiūnas,1610612764,WAS,38,6,32,19.8,0.1,0.4,0.235,0.2,0.0,0.0,,0.235
2024-25,1628371,Jonathan Isaac,1610612753,ORL,35,20,15,17.1,0.1,0.5,0.111,0.1,0.0,0.1,0.0,0.111
2024-25,1630228,Jonathan Kuminga,1610612744,GSW,32,18,14,26.0,0.8,3.1,0.265,1.8,0.2,0.9,0.179,0.291
2024-25,1642367,Jonathan Mogbo,1610612761,TOR,35,8,27,16.4,0.1,0.5,0.235,0.2,0.0,0.0,0.0,0.235
2024-25,203903,Jordan Clarkson,1610612762,UTA,22,6,16,25.6,2.0,4.9,0.407,5.1,1.1,3.0,0.364,0.519
2024-25,1641722,Jordan Hawkins,1610612740,NOP,24,6,18,22.9,1.5,4.5,0.321,3.3,0.4,1.8,0.233,0.367
2024-25,1629162,Jordan McLaughlin,1610612758,SAC,24,13,11,7.2,0.3,0.6,0.467,0.8,0.2,0.4,0.5,0.633
2024-25,1641757,Jordan Miller,1610612746,LAC,23,11,12,14.3,0.1,0.6,0.214,0.3,0.0,0.3,0.0,0.214
2024-25,1629673,Jordan Poole,1610612764,WAS,31,6,25,31.0,2.4,6.1,0.386,6.7,2.0,4.4,0.456,0.55
2024-25,1641775,Jordan Walsh,1610612738,BOS,26,20,6,8.8,0.0,0.0,1.0,0.1,0.0,0.0,1.0,1.5
2024-25,1630631,Jose Alvarado,1610612740,NOP,17,6,11,22.9,1.2,2.8,0.426,3.0,0.6,1.6,0.393,0.543
2024-25,1630528,Josh Christopher,1610612748,MIA,5,3,2,4.0,0.0,0.0,,0.0,0.0,0.0,,
2024-25,1630581,Josh Giddey,1610612741,CHI,35,17,18,27.7,0.8,1.9,0.397,1.7,0.2,0.6,0.318,0.449
2024-25,1630182,Josh Green,1610612766,CHA,34,7,27,28.3,0.2,0.8,0.25,0.5,0.1,0.3,0.3,0.304
2024-25,1628404,Josh Hart,1610612752,NYK,40,25,15,37.5,0.8,1.8,0.411,1.8,0.3,0.9,0.351,0.5
2024-25,1631169,Josh Minott,1610612750,MIN,25,14,11,7.2,0.0,0.1,0.0,0.0,0.0,0.1,0.0,0.0
2024-25,1629006,Josh Okogie,1610612756,PHX,25,9,16,14.0,0.2,0.2,0.667,0.4,0.1,0.1,0.667,0.833
2024-25,1626196,Josh Richardson,1610612748,MIA,8,4,4,18.7,0.1,0.5,0.25,0.3,0.0,0.1,0.0,0.25
2024-25,201950,Jrue Holiday,1610612738,BOS,33,24,9,30.7,0.8,2.5,0.313,2.1,0.5,1.8,0.267,0.41
2024-25,1630577,Julian Champagnie,1610612759,SAS,38,19,19,27.1,0.4,0.9,0.424,0.9,0.2,0.6,0.348,0.545
2024-25,1641763,Julian Phillips,1610612741,CHI,38,18,20,13.6,0.0,0.1,0.0,0.0,0.0,0.0,,0.0
2024-25,1631124,Julian Strawther,1610612743,DEN,38,23,15,21.8,0.5,1.7,0.313,1.2,0.2,0.6,0.292,0.367
2024-25,203944,Julius Randle,1610612750,MIN,39,21,18,33.0,1.4,3.5,0.4,3.2,0.4,1.2,0.333,0.459
2024-25,1630551,Justin Champagnie,1610612764,WAS,21,4,17,23.1,0.0,0.3,0.143,0.1,0.0,0.3,0.0,0.143
2024-25,1642348,Justin Edwards,1610612755,PHI,8,3,5,12.0,0.3,0.5,0.5,0.5,0.0,0.1,0.0,0.5
2024-25,1631303,Justin Minaya,1610612757,POR,2,0,2,4.1,0.0,0.0,,0.0,,,,
2024-25,203994,Jusuf Nurkić,1610612756,PHX,25,13,12,23.7,0.0,0.2,0.0,0.0,0.0,0.2,0.0,0.0
2024-25,1630231,KJ Martin,1610612755,PHI,24,9,15,20.0,0.0,0.0,,0.0,0.0,0.0,,
2024-25,1642354,KJ Simpson,1610612766,CHA,12,1,11,14.4,0.4,1.8,0.227,1.0,0.2,1.0,0.167,0.273
2024-25,1630539,Kai Jones,1610612746,LAC,23,11,12,8.0,0.0,0.2,0.0,0.0,0.0,0.0,0.0,0.0
2024-25,1626157,Karl-Anthony Towns,1610612752,NYK,38,25,13,34.7,0.4,1.4,0.309,1.0,0.1,0.6,0.19,0.345
2024-25,1631255,Karlo Matković,1610612740,NOP,6,1,5,7.4,0.0,0.0,,0.0,0.0,0.0,,
2024-25,202695,Kawhi Leonard,1610612746,LAC,3,2,1,20.3,0.7,2.7,0.25,2.0,0.7,1.3,0.5,0.375
2024-25,1630811,Keaton Wallace,1610612737,ATL,16,7,9,15.5,0.5,1.5,0.333,1.2,0.2,0.6,0.333,0.396
2024-25,1631099,Keegan Murray,1610612758,SAC,36,18,18,35.5,0.7,1.9,0.357,1.4,0.1,0.3,0.167,0.371
2024-25,1642276,Kel'el Ware,1610612748,MIA,23,12,11,12.9,0.0,0.2,0.2,0.1,0.0,0.0,0.0,0.2
2024-25,1629640,Keldon Johnson,1610612759,SAS,35,17,18,24.5,0.3,0.8,0.345,0.8,0.2,0.5,0.368,0.466
2024-25,203482,Kelly Olynyk,1610612761,TOR,17,2,15,14.5,0.2,0.7,0.333,0.6,0.2,0.4,0.5,0.458
2024-25,1626162,Kelly Oubre Jr.,1610612755,PHI,34,14,20,33.0,0.6,1.6,0.357,1.3,0.1,0.7,0.16,0.393
2024-25,1629026,Kenrich Williams,1610612760,OKC,28,24,4,13.8,0.4,0.9,0.417,0.8,0.0,0.2,0.2,0.438
2024-25,203484,Kentavious Caldwell-Pope,1610612753,ORL,39,21,18,30.5,0.7,2.0,0.372,1.7,0.3,0.9,0.27,0.436
2024-25,1631165,Keon Ellis,1610612758,SAC,37,19,18,21.6,0.4,0.8,0.467,1.0,0.2,0.5,0.474,0.617
2024-25,1630553,Keon Johnson,1610612751,BKN,37,13,24,21.5,0.5,1.8,0.265,1.2,0.3,1.2,0.217,0.338
2024-25,1642352,Keshad Johnson,1610612748,MIA,7,4,3,6.9,0.1,0.1,1.0,0.4,0.1,0.1,1.0,1.5
2024-25,1630556,Kessler Edwards,1610612742,DAL,12,7,5,2.2,0.0,0.3,0.0,0.0,0.0,0.2,0.0,0.0
2024-25,201142,Kevin Durant,1610612756,PHX,28,18,10,36.2,4.2,8.4,0.5,8.9,0.5,1.4,0.359,0.53
2024-25,1628989,Kevin Huerter,1610612758,SAC,35,19,16,23.5,0.9,1.8,0.469,2.1,0.4,1.2,0.349,0.586
2024-25,201567,Kevin Love,1610612748,MIA,17,10,7,11.6,0.2,0.5,0.444,0.7,0.2,0.4,0.571,0.667
2024-25,1629645,Kevin Porter Jr.,1610612746,LAC,34,18,16,19.7,1.8,4.9,0.369,4.0,0.4,1.5,0.26,0.408
2024-25,1626172,Kevon Looney,1610612744,GSW,33,16,17,15.7,0.0,0.1,0.333,0.1,0.0,0.0,0.0,0.333
2024-25,1641718,Keyonte George,1610612762,UTA,28,6,22,31.5,1.8,5.4,0.333,4.8,1.2,3.7,0.317,0.443
2024-25,203114,Khris Middleton,1610612749,MIL,15,8,7,23.6,2.7,5.2,0.513,6.2,0.9,2.0,0.433,0.596
2024-25,202691,Klay Thompson,1610612742,DAL,34,18,16,27.8,1.6,4.2,0.371,3.6,0.5,2.1,0.257,0.434
2024-25,1641738,Kobe Brown,1610612746,LAC,11,4,7,7.6,0.0,0.1,0.0,0.0,0.0,0.0,,0.0
2024-25,1641723,Kobe Bufkin,1610612737,ATL,10,6,4,12.4,0.4,1.3,0.308,0.9,0.1,0.5,0.2,0.346
2024-25,1627739,Kris Dunn,1610612746,LAC,38,21,17,23.5,0.4,0.9,0.424,0.8,0.1,0.3,0.3,0.47
2024-25,1631200,Kris Murray,1610612757,POR,32,11,21,13.7,0.1,0.3,0.333,0.3,0.1,0.3,0.333,0.5
2024-25,204001,Kristaps Porziņģis,1610612738,BOS,16,9,7,28.3,0.5,1.4,0.348,1.1,0.1,0.3,0.2,0.37
2024-25,203937,Kyle Anderson,1610612744,GSW,33,17,16,15.2,0.2,1.0,0.25,0.6,0.2,0.4,0.385,0.328
2024-25,1642271,Kyle Filipowski,1610612762,UTA,28,6,22,17.8,0.0,0.1,0.0,0.0,0.0,0.1,0.0,0.0
2024-25,1628398,Kyle Kuzma,1610612764,WAS,21,2,19,27.0,1.0,3.3,0.304,2.3,0.3,1.5,0.226,0.355
2024-25,200768,Kyle Lowry,1610612755,PHI,25,11,14,19.9,0.4,1.0,0.375,1.0,0.3,0.7,0.412,0.521
2024-25,202681,Kyrie Irving,1610612742,DAL,30,19,11,35.6,3.2,7.7,0.416,7.8,1.4,3.6,0.385,0.506
2024-25,1642273,Kyshawn George,1610612764,WAS,33,5,28,25.2,0.3,1.7,0.2,0.9,0.2,1.2,0.195,0.273
2024-25,1630163,LaMelo Ball,1610612766,CHA,25,7,18,34.0,4.2,11.6,0.367,11.2,2.7,8.0,0.337,0.483
2024-25,1629013,Landry Shamet,1610612752,NYK,12,7,5,11.5,0.2,0.7,0.25,0.3,0.0,0.4,0.0,0.25
2024-25,1626204,Larry Nance Jr.,1610612737,ATL,15,6,9,19.4,0.1,0.3,0.25,0.1,0.0,0.1,0.0,0.25
2024-25,1628374,Lauri Markkanen,1610612762,UTA,31,6,25,31.7,0.5,1.6,0.286,1.1,0.2,0.6,0.3,0.347
2024-25,2544,LeBron James,1610612747,LAL,34,18,16,34.8,2.3,5.9,0.393,5.6,1.0,2.6,0.367,0.475
2024-25,1631159,Leonard Miller,1610612750,MIN,3,2,1,2.0,0.0,0.3,0.0,0.0,0.0,0.0,,0.0
2024-25,1631311,Lester Quinones,1610612755,PHI,4,1,3,4.2,0.0,0.5,0.0,0.0,0.0,0.3,0.0,0.0
2024-25,1641857,Liam Robbins,1610612749,MIL,10,5,5,4.8,0.0,0.0,,0.0,0.0,0.0,,
2024-25,1630322,Lindy Waters III,1610612744,GSW,32,15,17,18.7,0.5,1.2,0.395,1.2,0.3,0.7,0.348,0.5
2024-25,1628366,Lonzo Ball,1610612741,CHI,20,10,10,19.7,0.6,1.7,0.364,1.7,0.5,1.2,0.435,0.515
2024-25,1629652,Luguentz Dort,1610612760,OKC,37,31,6,29.5,0.4,1.4,0.308,1.0,0.1,0.6,0.227,0.356
2024-25,1629029,Luka Dončić,1610612742,DAL,22,13,9,35.7,4.8,12.8,0.377,12.0,2.4,7.1,0.338,0.472
2024-25,1630568,Luka Garza,1610612750,MIN,11,9,2,4.6,0.1,0.2,0.5,0.2,0.0,0.0,,0.5
2024-25,1628379,Luke Kennard,1610612763,MEM,27,17,10,21.0,0.7,1.8,0.375,1.7,0.4,1.1,0.379,0.49
2024-25,1628436,Luke Kornet,1610612738,BOS,33,22,11,16.6,0.0,0.1,0.5,0.1,,,,0.5
2024-25,1631247,Luke Travers,1610612739,CLE,6,5,1,6.9,0.0,0.2,0.0,0.0,0.0,0.2,0.0,0.0
2024-25,1630644,Mac McClung,1610612753,ORL,1,0,1,4.9,0.0,0.0,,0.0,,,,
2024-25,1631103,Malaki Branham,1610612759,SAS,24,12,12,11.1,0.5,1.3,0.419,1.3,0.2,0.4,0.5,0.5
2024-25,1627763,Malcolm Brogdon,1610612764,WAS,18,3,15,24.8,1.3,3.9,0.329,2.7,0.2,1.1,0.158,0.35
2024-25,1642502,Malevy Leons,1610612760,OKC,6,6,0,3.5,0.0,0.0,,0.0,0.0,0.0,,
2024-25,1627736,Malik Beasley,1610612765,DET,40,21,19,28.3,1.7,4.4,0.375,4.2,0.9,2.6,0.343,0.474
2024-25,1628370,Malik Monk,1610612758,SAC,32,18,14,31.2,2.0,5.3,0.371,5.0,1.0,3.1,0.33,0.468
2024-25,1630699,MarJon Beauchamp,1610612749,MIL,18,10,8,4.5,0.2,0.6,0.364,0.6,0.2,0.3,0.5,0.5
2024-25,1631204,Marcus Sasser,1610612765,DET,29,14,15,13.8,0.9,2.0,0.439,2.2,0.5,1.2,0.389,0.561
2024-25,203935,Marcus Smart,1610612763,MEM,18,11,7,21.2,0.7,1.6,0.448,1.9,0.4,1.1,0.421,0.586
2024-25,1631109,Mark Williams,1610612766,CHA,14,1,13,20.7,0.0,0.1,0.0,0.0,0.0,0.0,,0.0
2024-25,202693,Markieff Morris,1610612742,DAL,5,3,2,5.0,0.4,1.8,0.222,0.8,0.0,0.6,0.0,0.222
2024-25,1628963,Marvin Bagley III,1610612764,WAS,19,3,16,8.8,0.1,0.2,0.333,0.1,0.0,0.0,,0.333
2024-25,1630222,Mason Jones,1610612758,SAC,3,2,1,4.2,0.0,0.0,,0.0,0.0,0.0,,
2024-25,203486,Mason Plumlee,1610612756,PHX,37,19,18,17.7,0.0,0.0,0.0,0.0,0.0,0.0,0.0,0.0
2024-25,1641824,Matas Buzelis,1610612741,CHI,37,18,19,12.8,0.1,0.2,0.333,0.2,0.1,0.1,1.0,0.444
2024-25,1630346,Matt Ryan,1610612752,NYK,14,11,3,4.0,0.1,0.4,0.333,0.4,0.1,0.2,0.333,0.417
2024-25,1631108,Max Christie,1610612747,LAL,36,19,17,23.5,0.2,0.9,0.206,0.4,0.0,0.3,0.091,0.221
2024-25,1629622,Max Strus,1610612739,CLE,10,9,1,23.3,0.0,0.4,0.0,0.0,0.0,0.4,0.0,0.0
2024-25,1628467,Maxi Kleber,1610612742,DAL,27,16,11,19.4,0.2,0.4,0.6,0.5,0.0,0.1,0.5,0.65
2024-25,1641721,Maxwell Lewis,1610612751,BKN,8,4,4,3.8,0.0,0.5,0.0,0.0,0.0,0.0,,0.0
2024-25,1630695,Micah Potter,1610612762,UTA,15,6,9,17.1,0.0,0.1,0.0,0.0,0.0,0.1,0.0,0.0
2024-25,1629008,Michael Porter Jr.,1610612743,DEN,38,23,15,34.2,1.4,3.4,0.426,3.4,0.6,1.6,0.344,0.508
2024-25,1628969,Mikal Bridges,1610612752,NYK,41,26,15,38.8,1.9,4.2,0.448,4.0,0.2,0.9,0.237,0.474
2024-25,201144,Mike Conley,1610612750,MIN,35,21,14,24.5,0.9,3.0,0.308,2.5,0.7,2.1,0.347,0.428
2024-25,1628970,Miles Bridges,1610612766,CHA,23,5,18,31.2,1.0,3.3,0.289,2.5,0.6,2.1,0.292,0.382
2024-25,1630540,Miles McBride,1610612752,NYK,31,20,11,24.0,1.2,2.7,0.446,3.0,0.6,1.6,0.367,0.554
2024-25,1628964,Mo Bamba,1610612746,LAC,21,14,7,12.4,0.0,0.0,0.0,0.0,0.0,0.0,,0.0
2024-25,1628420,Monté Morris,1610612756,PHX,32,15,17,13.6,0.5,1.4,0.333,0.9,0.0,0.3,0.0,0.333
2024-25,1629021,Moritz Wagner,1610612753,ORL,30,18,12,18.8,0.0,0.1,0.25,0.1,0.0,0.0,0.0,0.25
2024-25,1629650,Moses Brown,1610612754,IND,9,3,6,5.1,0.0,0.1,0.0,0.0,,,,0.0
2024-25,1630541,Moses Moody,1610612744,GSW,32,16,16,16.1,0.4,0.9,0.433,1.0,0.2,0.5,0.438,0.55
2024-25,1631243,Mouhamed Gueye,1610612737,ATL,2,0,2,5.7,0.0,0.0,,0.0,0.0,0.0,,
2024-25,1631217,Moussa Diabate,1610612766,CHA,30,6,24,17.9,0.1,0.1,0.667,0.1,,,,0.667
2024-25,1626167,Myles Turner,1610612754,IND,37,20,17,31.2,0.4,1.1,0.359,0.9,0.1,0.4,0.267,0.41
2024-25,1630230,Naji Marshall,1610612742,DAL,30,17,13,24.1,0.6,1.3,0.425,1.2,0.0,0.2,0.143,0.438
2024-25,1631466,Nate Williams,1610612745,HOU,4,4,0,3.3,0.0,0.5,0.0,0.0,0.0,0.5,0.0,0.0
2024-25,1629675,Naz Reid,1610612750,MIN,39,21,18,24.9,0.4,1.1,0.341,1.0,0.2,0.7,0.333,0.443
2024-25,1629674,Neemias Queta,1610612738,BOS,31,23,8,15.4,0.0,0.0,,0.0,0.0,0.0,,
2024-25,1629651,Nic Claxton,1610612751,BKN,33,9,24,26.4,0.1,0.4,0.231,0.2,0.0,0.0,,0.231
2024-25,1630208,Nick Richards,1610612766,CHA,21,4,17,21.0,0.0,0.0,0.0,0.0,0.0,0.0,,0.0
2024-25,1641733,Nick Smith Jr.,1610612766,CHA,18,3,15,10.6,0.5,1.9,0.265,1.2,0.2,0.5,0.444,0.324
2024-25,1629638,Nickeil Alexander-Walker,1610612750,MIN,39,21,18,22.9,0.5,1.5,0.328,1.1,0.2,0.7,0.231,0.379
2024-25,201587,Nicolas Batum,1610612746,LAC,38,21,17,17.9,0.0,0.2,0.0,0.0,0.0,0.2,0.0,0.0
2024-25,203999,Nikola Jokić,1610612743,DEN,33,21,12,37.2,0.7,2.3,0.286,1.6,0.3,0.9,0.323,0.351
2024-25,1631107,Nikola Jović,1610612748,MIA,29,15,14,22.3,0.1,0.4,0.154,0.2,0.0,0.2,0.143,0.192
2024-25,202696,Nikola Vučević,1610612741,CHI,38,17,21,32.0,0.7,1.2,0.587,1.4,0.0,0.0,,0.587
2024-25,1641730,Noah Clowney,1610612751,BKN,29,8,21,21.9,0.1,0.6,0.235,0.4,0.1,0.4,0.364,0.353
2024-25,1626181,Norman Powell,1610612746,LAC,31,17,14,33.1,2.4,5.9,0.402,6.3,1.5,3.7,0.397,0.527
2024-25,1628384,OG Anunoby,1610612752,NYK,41,26,15,36.4,0.5,1.9,0.286,1.2,0.2,0.7,0.25,0.331
2024-25,1630167,Obi Toppin,1610612754,IND,37,20,17,19.6,0.2,0.7,0.269,0.5,0.1,0.4,0.286,0.346
2024-25,1630534,Ochai Agbaji,1610612761,TOR,38,9,29,29.3,0.2,0.5,0.4,0.5,0.1,0.2,0.222,0.45
2024-25,1641765,Olivier-Maxence Prosper,1610612742,DAL,28,17,11,6.9,0.0,0.2,0.0,0.0,0.0,0.0,,0.0
2024-25,1630168,Onyeka Okongwu,1610612737,ATL,31,15,16,23.5,0.0,0.1,0.333,0.1,0.0,0.0,,0.333
2024-25,1631115,Orlando Robinson,1610612758,SAC,9,5,4,6.3,0.0,0.0,,0.0,0.0,0.0,,
2024-25,1631131,Oscar Tshiebwe,1610612762,UTA,2,1,1,16.9,0.0,0.0,,0.0,,,,
2024-25,1642345,Oso Ighodaro,1610612756,PHX,31,14,17,16.7,0.3,0.4,0.692,0.6,0.0,0.0,0.0,0.692
2024-25,1631172,Ousmane Dieng,1610612760,OKC,20,16,4,10.2,0.0,0.4,0.0,0.0,0.0,0.3,0.0,0.0
2024-25,1629023,P.J. Washington,1610612742,DAL,32,21,11,32.4,0.6,2.2,0.275,1.5,0.3,0.9,0.3,0.341
2024-25,1628408,PJ Dozier,1610612750,MIN,9,7,2,3.9,0.0,0.0,,0.0,0.0,0.0,,
2024-25,1641790,PJ Hall,1610612743,DEN,6,4,2,2.3,0.0,0.0,,0.0,0.0,0.0,,
2024-25,1642359,Pacome Dadiet,1610612752,NYK,12,10,2,6.8,0.1,0.3,0.25,0.2,0.0,0.1,0.0,0.25
2024-25,1631094,Paolo Banchero,1610612753,ORL,7,4,3,33.7,3.9,8.0,0.482,9.6,1.9,4.3,0.433,0.598
2024-25,1627783,Pascal Siakam,1610612754,IND,40,22,18,33.1,1.7,3.9,0.445,3.6,0.1,0.3,0.4,0.458
2024-25,1626192,Pat Connaughton,1610612749,MIL,19,6,13,15.8,0.2,0.5,0.333,0.5,0.2,0.5,0.333,0.5
2024-25,1630311,Pat Spencer,1610612744,GSW,16,7,9,6.8,0.3,0.6,0.5,0.6,0.0,0.2,0.0,0.5
2024-25,1631116,Patrick Baldwin Jr.,1610612764,WAS,19,1,18,4.1,0.0,0.2,0.0,0.0,0.0,0.2,0.0,0.0
2024-25,1630172,Patrick Williams,1610612741,CHI,29,14,15,27.3,0.7,2.3,0.303,1.7,0.3,1.2,0.294,0.379
2024-25,201988,Patty Mills,1610612762,UTA,13,3,10,15.9,0.6,1.8,0.348,1.5,0.3,1.2,0.267,0.435
2024-25,202331,Paul George,1610612755,PHI,26,12,14,32.3,3.1,7.8,0.396,7.4,1.2,3.5,0.356,0.475
2024-25,1630194,Paul Reed,1610612765,DET,21,9,12,11.0,0.0,0.2,0.25,0.1,0.0,0.0,0.0,0.25
2024-25,1630202,Payton Pritchard,1610612738,BOS,39,28,11,27.8,1.6,3.9,0.411,4.2,1.1,3.0,0.347,0.546
2024-25,1641796,Pelle Larsson,1610612748,MIA,23,10,13,13.8,0.0,0.1,0.0,0.0,0.0,0.1,0.0,0.0
2024-25,1631250,Pete Nance,1610612755,PHI,1,1,0,2.9,0.0,0.0,,0.0,0.0,0.0,,
2024-25,1631212,Peyton Watson,1610612743,DEN,38,23,15,24.9,0.1,0.4,0.188,0.2,0.0,0.1,0.0,0.188
2024-25,1630173,Precious Achiuwa,1610612752,NYK,20,13,7,17.5,0.2,0.4,0.571,0.4,0.0,0.1,0.0,0.571
2024-25,1629656,Quentin Grimes,1610612742,DAL,37,21,16,22.6,1.0,2.2,0.45,2.5,0.5,1.2,0.455,0.575
2024-25,1631245,Quenton Jackson,1610612754,IND,18,8,10,14.1,0.1,0.6,0.1,0.1,0.0,0.3,0.0,0.1
2024-25,1642439,Quincy Olivari,1610612747,LAL,2,1,1,5.2,0.0,0.0,,0.0,0.0,0.0,,
2024-25,1642366,Quinten Post,1610612744,GSW,3,0,3,4.2,0.0,0.0,,0.0,0.0,0.0,,
2024-25,1629628,RJ Barrett,1610612761,TOR,32,7,25,33.7,0.5,1.9,0.279,1.2,0.1,0.7,0.174,0.311
2024-25,1642484,RayJ Dennis,1610612754,IND,1,1,0,1.9,0.0,0.0,,0.0,,,,
2024-25,1641712,Rayan Rupert,1610612757,POR,27,9,18,9.4,0.1,0.3,0.375,0.2,0.0,0.1,0.0,0.375
2024-25,1641736,Reece Beekman,1610612751,BKN,12,4,8,9.3,0.0,0.6,0.0,0.0,0.0,0.2,0.0,0.0
2024-25,1642263,Reed Sheppard,1610612745,HOU,30,20,10,11.6,0.3,1.1,0.281,0.7,0.1,0.4,0.273,0.328
2024-25,202704,Reggie Jackson,1610612755,PHI,22,7,15,11.6,0.3,1.1,0.292,0.8,0.2,0.5,0.333,0.375
2024-25,1626158,Richaun Holmes,1610612764,WAS,7,0,7,8.5,0.0,0.3,0.0,0.0,0.0,0.0,,0.0
2024-25,1641741,Ricky Council IV,1610612755,PHI,30,9,21,12.6,0.2,0.8,0.28,0.6,0.2,0.6,0.278,0.38
2024-25,1642434,Riley Minix,1610612759,SAS,1,0,1,6.8,0.0,0.0,,0.0,0.0,0.0,,
2024-25,1642265,Rob Dillingham,1610612750,MIN,15,7,8,8.5,0.5,1.3,0.421,1.5,0.4,0.8,0.5,0.579
2024-25,1629057,Robert Williams III,1610612757,POR,12,4,8,16.5,0.0,0.0,,0.0,0.0,0.0,,
2024-25,1641842,Ronald Holland II,1610612765,DET,40,21,19,15.9,0.3,0.8,0.333,0.6,0.1,0.4,0.2,0.383
2024-25,1626220,Royce O'Neale,1610612756,PHX,32,16,16,26.2,0.4,1.2,0.342,1.1,0.3,0.9,0.321,0.461
2024-25,203497,Rudy Gobert,1610612750,MIN,39,21,18,33.4,0.0,0.1,0.0,0.0,,,,0.0
2024-25,1629060,Rui Hachimura,1610612747,LAL,32,17,15,32.3,0.3,1.1,0.235,0.5,0.0,0.1,0.0,0.235
2024-25,201566,Russell Westbrook,1610612743,DEN,38,23,15,27.5,0.5,2.3,0.233,1.3,0.3,0.9,0.278,0.291
2024-25,1642346,Ryan Dunn,1610612756,PHX,34,18,16,19.9,0.1,0.4,0.357,0.4,0.1,0.2,0.25,0.429
2024-25,1631157,Ryan Rollins,1610612749,MIL,21,9,12,11.2,0.3,1.0,0.3,0.7,0.1,0.4,0.25,0.35
2024-25,1630573,Sam Hauser,1610612738,BOS,32,22,10,20.5,0.7,1.5,0.479,1.9,0.5,1.2,0.395,0.635
2024-25,1630241,Sam Merrill,1610612739,CLE,31,26,5,18.7,0.2,0.7,0.273,0.5,0.2,0.6,0.25,0.386
2024-25,1630572,Sandro Mamukelashvili,1610612759,SAS,23,11,12,8.7,0.1,0.2,0.5,0.2,0.0,0.1,0.0,0.5
2024-25,1630583,Santi Aldama,1610612763,MEM,34,22,12,25.1,0.4,1.0,0.364,0.9,0.2,0.5,0.412,0.47
2024-25,1630703,Scoot Henderson,1610612757,POR,31,11,20,25.7,0.9,2.8,0.333,2.2,0.4,1.4,0.262,0.397
2024-25,1630567,Scottie Barnes,1610612761,TOR,27,7,20,34.7,2.5,5.9,0.421,5.4,0.4,1.7,0.255,0.459
2024-25,1630590,Scotty Pippen Jr.,1610612763,MEM,40,25,15,22.1,0.2,0.9,0.25,0.5,0.1,0.4,0.2,0.292
2024-25,203552,Seth Curry,1610612766,CHA,30,7,23,13.8,0.8,1.6,0.479,1.8,0.3,0.6,0.5,0.573
2024-25,1631101,Shaedon Sharpe,1610612757,POR,30,10,20,31.8,2.5,6.4,0.385,6.0,1.0,3.3,0.31,0.466
2024-25,1628983,Shai Gilgeous-Alexander,1610612760,OKC,38,32,6,34.4,5.1,11.7,0.438,11.9,1.7,5.1,0.332,0.51
2024-25,1629003,Shake Milton,1610612747,LAL,31,12,19,17.3,0.8,1.6,0.49,1.8,0.2,0.6,0.368,0.559
2024-25,1631321,Sidy Cissoko,1610612759,SAS,13,6,7,3.2,0.0,0.1,0.0,0.0,0.0,0.0,,0.0
2024-25,1631323,Simone Fontecchio,1610612765,DET,35,17,18,18.3,0.2,0.8,0.296,0.5,0.1,0.4,0.2,0.352
2024-25,203915,Spencer Dinwiddie,1610612742,DAL,37,21,16,24.0,1.2,3.1,0.386,3.1,0.7,1.9,0.362,0.496
2024-25,1642461,Spencer Jones,1610612743,DEN,5,4,1,2.6,0.2,0.2,1.0,0.4,0.0,0.0,,1.0
2024-25,1630649,Stanley Umude,1610612749,MIL,11,7,4,3.7,0.0,0.4,0.0,0.0,0.0,0.0,,0.0
2024-25,201939,Stephen Curry,1610612744,GSW,31,14,17,31.5,3.3,7.5,0.437,8.8,2.3,5.6,0.405,0.589
2024-25,1642264,Stephon Castle,1610612759,SAS,37,18,19,24.9,0.6,2.8,0.233,1.5,0.2,1.2,0.178,0.272
2024-25,203500,Steven Adams,1610612745,HOU,25,17,8,10.6,0.0,0.0,1.0,0.1,,,,1.0
2024-25,1629004,Svi Mykhailiuk,1610612762,UTA,13,4,9,17.1,0.8,2.6,0.294,2.2,0.6,2.2,0.286,0.412
2024-25,204456,T.J. McConnell,1610612754,IND,39,22,17,19.2,1.3,2.9,0.451,2.7,0.1,0.3,0.182,0.46
2024-25,201959,Taj Gibson,1610612766,CHA,15,4,11,10.6,0.0,0.0,,0.0,0.0,0.0,,
2024-25,1629659,Talen Horton-Tucker,1610612741,CHI,32,11,21,12.4,0.3,0.8,0.375,0.8,0.2,0.5,0.375,0.5
2024-25,1631106,Tari Eason,1610612745,HOU,24,16,8,22.8,0.4,0.9,0.409,0.8,0.0,0.1,0.0,0.409
2024-25,1627752,Taurean Prince,1610612749,MIL,37,20,17,25.7,0.2,0.8,0.258,0.6,0.1,0.6,0.238,0.339
2024-25,1641707,Taylor Hendricks,1610612762,UTA,3,0,3,24.8,0.3,1.3,0.25,1.0,0.3,0.3,1.0,0.375
2024-25,1631386,Taze Moore,1610612757,POR,2,0,2,9.9,0.0,1.0,0.0,0.0,0.0,0.5,0.0,0.0
2024-25,1629611,Terance Mann,1610612746,LAC,26,15,11,20.1,0.4,1.4,0.278,0.8,0.0,0.5,0.083,0.292
2024-25,1630545,Terrence Shannon Jr.,1610612750,MIN,10,7,3,4.5,0.0,0.1,0.0,0.0,0.0,0.0,,0.0
2024-25,1626179,Terry Rozier,1610612748,MIA,34,16,18,28.9,1.3,4.0,0.326,3.2,0.6,2.4,0.253,0.404
2024-25,1628418,Thomas Bryant,1610612754,IND,24,16,8,12.7,0.1,0.3,0.333,0.2,0.0,0.2,0.0,0.333
2024-25,1642275,Tidjane Salaün,1610612766,CHA,32,6,26,18.7,0.3,1.3,0.268,1.0,0.3,1.1,0.294,0.39
2024-25,203501,Tim Hardaway Jr.,1610612765,DET,36,19,17,28.1,0.9,2.4,0.376,2.1,0.3,0.9,0.353,0.447
2024-25,202699,Tobias Harris,1610612765,DET,38,20,18,32.0,1.0,2.9,0.351,2.1,0.1,0.5,0.1,0.36
2024-25,1628470,Torrey Craig,1610612741,CHI,9,3,6,12.5,0.3,0.6,0.6,0.9,0.2,0.3,0.667,0.8
2024-25,1641787,Tosan Evbuomwan,1610612751,BKN,5,0,5,24.0,1.0,1.4,0.714,2.0,0.0,0.0,,0.714
2024-25,1641739,Toumani Camara,1610612757,POR,37,12,25,31.3,0.1,0.4,0.308,0.3,0.1,0.3,0.364,0.462
2024-25,1629027,Trae Young,1610612737,ATL,36,18,18,35.7,3.4,9.4,0.361,9.0,2.3,6.6,0.343,0.481
2024-25,1631218,Trayce Jackson-Davis,1610612744,GSW,38,18,20,20.1,0.0,0.0,,0.0,0.0,0.0,,
2024-25,1630200,Tre Jones,1610612759,SAS,20,11,9,16.6,0.1,0.4,0.143,0.2,0.1,0.2,0.25,0.214
2024-25,1630544,Tre Mann,1610612766,CHA,13,6,7,24.5,1.8,4.6,0.383,4.4,0.8,2.4,0.355,0.475
2024-25,1630570,Trendon Watford,1610612751,BKN,13,5,8,16.0,0.2,0.8,0.2,0.3,0.0,0.4,0.0,0.2
2024-25,1642280,Trentyn Flowers,1610612746,LAC,1,0,1,14.4,1.0,1.0,1.0,2.0,0.0,0.0,,1.0
2024-25,1630243,Trevelin Queen,1610612753,ORL,14,7,7,15.9,0.4,1.0,0.357,1.0,0.3,0.7,0.4,0.5
2024-25,1641725,Trey Alexander,1610612743,DEN,12,7,5,4.4,0.1,0.4,0.2,0.2,0.0,0.1,0.0,0.2
2024-25,1641998,Trey Jemison III,1610612740,NOP,16,1,15,10.4,0.1,0.1,0.5,0.1,,,,0.5
2024-25,1626168,Trey Lyles,1610612758,SAC,29,15,14,20.9,0.0,0.1,0.0,0.0,0.0,0.1,0.0,0.0
2024-25,1630530,Trey Murphy III,1610612740,NOP,24,4,20,34.3,1.2,4.2,0.287,3.2,0.8,2.9,0.257,0.376
2024-25,202684,Tristan Thompson,1610612739,CLE,16,15,1,6.5,0.0,0.3,0.0,0.0,0.0,0.1,0.0,0.0
2024-25,1641774,Tristan Vukcevic,1610612764,WAS,3,1,2,2.3,0.0,0.3,0.0,0.0,0.0,0.3,0.0,0.0
2024-25,1641783,Tristan da Silva,1610612753,ORL,37,21,16,25.6,0.2,0.9,0.257,0.6,0.1,0.5,0.158,0.3
2024-25,1641803,Tristen Newton,1610612750,MIN,6,1,5,1.6,0.0,0.2,0.0,0.0,0.0,0.2,0.0,0.0
2024-25,1629660,Ty Jerome,1610612739,CLE,36,32,4,17.6,1.3,2.7,0.495,3.3,0.6,1.5,0.434,0.613
2024-25,1631102,TyTy Washington Jr.,1610612756,PHX,4,0,4,6.9,0.0,0.3,0.0,0.0,0.0,0.0,,0.0
2024-25,1629639,Tyler Herro,1610612748,MIA,38,20,18,35.3,2.8,6.5,0.439,7.3,1.6,4.2,0.381,0.563
2024-25,1642278,Tyler Kolek,1610612752,NYK,24,16,8,5.7,0.1,0.5,0.154,0.2,0.0,0.3,0.0,0.154
2024-25,1641890,Tyler Smith,1610612749,MIL,11,6,5,3.5,0.1,0.1,1.0,0.3,0.1,0.1,1.0,1.5
2024-25,1630169,Tyrese Haliburton,1610612754,IND,40,22,18,34.6,3.2,8.5,0.374,8.2,1.9,5.7,0.326,0.482
2024-25,1631213,Tyrese Martin,1610612751,BKN,23,6,17,20.0,0.4,1.5,0.257,0.9,0.1,0.6,0.214,0.3
2024-25,1630178,Tyrese Maxey,1610612755,PHI,31,14,17,37.4,3.3,9.3,0.354,8.6,2.0,6.4,0.32,0.464
2024-25,1626145,Tyus Jones,1610612756,PHX,37,19,18,30.2,1.1,2.5,0.43,2.5,0.3,0.9,0.375,0.495
2024-25,1642279,Ulrich Chomche,1610612761,TOR,5,1,4,3.7,0.0,0.0,,0.0,,,,
2024-25,203995,Vasilije Micić,1610612766,CHA,25,3,22,20.6,1.4,4.4,0.315,3.6,0.8,2.4,0.339,0.405
2024-25,1641705,Victor Wembanyama,1610612759,SAS,33,17,16,33.2,1.7,4.6,0.364,4.2,0.8,2.5,0.337,0.457
2024-25,1631246,Vince Williams Jr.,1610612763,MEM,3,1,2,14.9,0.0,1.3,0.0,0.0,0.0,0.7,0.0,0.0
2024-25,1628427,Vlatko Čančar,1610612743,DEN,4,1,3,8.6,0.0,0.0,,0.0,0.0,0.0,,
2024-25,1630249,Vít Krejčí,1610612737,ATL,23,11,12,16.1,0.3,0.9,0.4,1.0,0.3,0.8,0.421,0.6
2024-25,1631117,Walker Kessler,1610612762,UTA,31,8,23,29.7,0.0,0.0,0.0,0.0,0.0,0.0,,0.0
2024-25,1628976,Wendell Carter Jr.,1610612753,ORL,28,14,14,24.4,0.2,0.6,0.333,0.4,0.0,0.0,0.0,0.333
2024-25,1631111,Wendell Moore Jr.,1610612765,DET,17,6,11,12.4,0.1,0.5,0.25,0.3,0.1,0.2,0.333,0.313
2024-25,1630214,Xavier Tillman,1610612738,BOS,23,20,3,7.6,0.0,0.0,0.0,0.0,0.0,0.0,0.0,0.0
2024-25,1642530,Yuki Kawamura,1610612763,MEM,16,13,3,3.4,0.4,0.8,0.462,0.9,0.2,0.6,0.333,0.577
2024-25,1642274,Yves Missi,1610612740,NOP,39,8,31,27.3,0.0,0.0,,0.0,0.0,0.0,,
2024-25,1642258,Zaccharie Risacher,1610612737,ATL,38,19,19,23.9,0.2,0.9,0.206,0.4,0.1,0.5,0.158,0.25
2024-25,1628380,Zach Collins,1610612759,SAS,30,15,15,13.1,0.0,0.1,0.0,0.0,0.0,0.0,0.0,0.0
2024-25,1641744,Zach Edey,1610612763,MEM,26,14,12,21.3,0.0,0.2,0.2,0.1,0.0,0.0,0.0,0.2
2024-25,203897,Zach LaVine,1610612741,CHI,34,16,18,33.7,3.4,7.7,0.441,8.8,2.0,4.3,0.456,0.568
2024-25,1630192,Zeke Nnaji,1610612743,DEN,21,14,7,4.6,0.0,0.0,,0.0,0.0,0.0,,
2024-25,1630533,Ziaire Williams,1610612751,BKN,27,10,17,22.5,0.1,0.7,0.1,0.1,0.0,0.4,0.0,0.1
2024-25,1629627,Zion Williamson,1610612740,NOP,8,2,6,30.3,0.5,2.6,0.19,1.1,0.1,0.9,0.143,0.214
2023-24,1631260,AJ Green,1610612749,MIL,56,35,21,11.0,0.3,0.8,0.356,0.8,0.2,0.5,0.345,0.467
2023-24,1631100,AJ Griffin,1610612737,ATL,20,8,12,8.5,0.4,1.2,0.348,1.1,0.3,0.8,0.313,0.457
2023-24,1630639,AJ Lawson,1610612742,DAL,42,27,15,7.4,0.0,0.0,0.0,0.0,0.0,0.0,0.0,0.0
2023-24,203932,Aaron Gordon,1610612743,DEN,73,49,24,31.5,0.3,1.1,0.269,0.7,0.2,0.6,0.268,0.34
2023-24,1628988,Aaron Holiday,1610612745,HOU,78,39,39,16.3,0.7,1.7,0.422,1.7,0.2,0.8,0.305,0.489
2023-24,1630174,Aaron Nesmith,1610612754,IND,72,41,31,27.7,0.4,1.0,0.419,1.1,0.2,0.6,0.35,0.514
2023-24,1630598,Aaron Wiggins,1610612760,OKC,78,55,23,15.7,0.2,0.4,0.485,0.5,0.1,0.1,0.7,0.591
2023-24,1641745,Adam Flagler,1610612760,OKC,2,2,0,7.0,0.5,2.0,0.25,1.5,0.5,2.0,0.25,0.375
2023-24,1641766,Adama Sanogo,1610612741,CHI,9,3,6,7.3,0.0,0.0,,0.0,,,,
2023-24,1629678,Admiral Schofield,1610612753,ORL,23,15,8,3.7,0.1,0.2,0.4,0.2,0.0,0.1,0.5,0.5
2023-24,201143,Al Horford,1610612738,BOS,65,51,14,26.8,0.1,0.2,0.4,0.2,0.0,0.1,0.375,0.55
2023-24,202692,Alec Burks,1610612752,NYK,66,18,48,18.4,1.3,3.8,0.345,3.2,0.6,1.9,0.325,0.428
2023-24,1630197,Aleksej Pokusevski,1610612766,CHA,28,14,14,14.5,0.1,0.8,0.19,0.4,0.1,0.3,0.25,0.238
2023-24,1627936,Alex Caruso,1610612741,CHI,71,34,37,28.7,0.6,1.2,0.477,1.5,0.4,0.8,0.455,0.622
2023-24,1641788,Alex Fudge,1610612742,DAL,6,1,5,6.7,0.2,0.3,0.5,0.3,0.0,0.0,,0.5
2023-24,203458,Alex Len,1610612758,SAC,48,24,24,9.3,0.0,0.0,,0.0,0.0,0.0,,
2023-24,1631214,Alondes Williams,1610612748,MIA,7,5,2,2.2,0.0,0.0,,0.0,0.0,0.0,,
2023-24,1630578,Alperen Sengun,1610612745,HOU,63,29,34,32.5,0.3,0.8,0.415,0.7,0.0,0.1,0.125,0.425
2023-24,1641735,Amari Bailey,1610612766,CHA,10,1,9,6.5,0.1,0.6,0.167,0.2,0.0,0.1,0.0,0.167
2023-24,1641708,Amen Thompson,1610612745,HOU,62,30,32,22.4,0.2,0.8,0.28,0.5,0.0,0.2,0.0,0.28
2023-24,1629599,Amir Coffey,1610612746,LAC,70,46,24,20.9,0.5,1.2,0.427,1.1,0.1,0.2,0.235,0.451
2023-24,203083,Andre Drummond,1610612741,CHI,79,37,42,17.1,0.0,0.0,0.5,0.0,0.0,0.0,,0.5
2023-24,1641748,Andre Jackson Jr.,1610612749,MIL,57,33,24,10.0,0.1,0.2,0.4,0.2,0.0,0.1,0.286,0.5
2023-24,1641847,Andrew Funk,1610612741,CHI,5,3,2,2.7,0.0,0.0,,0.0,0.0,0.0,,
2023-24,1629614,Andrew Nembhard,1610612754,IND,68,41,27,25.0,1.3,2.8,0.466,2.7,0.1,0.5,0.222,0.487
2023-24,203952,Andrew Wiggins,1610612744,GSW,71,38,33,27.0,0.8,2.2,0.377,1.8,0.2,0.4,0.387,0.416
2023-24,1629014,Anfernee Simons,1610612757,POR,46,11,35,34.4,3.2,8.3,0.378,8.0,1.7,4.9,0.348,0.479
2023-24,1641710,Anthony Black,1610612753,ORL,69,39,30,16.9,0.2,0.6,0.3,0.4,0.1,0.1,0.444,0.35
2023-24,203076,Anthony Davis,1610612747,LAL,76,45,31,35.5,0.8,2.2,0.376,1.8,0.1,0.2,0.313,0.391
2023-24,1630162,Anthony Edwards,1610612750,MIN,79,54,25,35.1,3.4,9.4,0.362,8.3,1.5,4.5,0.334,0.443
2023-24,1630264,Anthony Gill,1610612764,WAS,50,9,41,9.3,0.1,0.1,0.571,0.2,0.0,0.0,0.5,0.643
2023-24,1629717,Armoni Brooks,1610612751,BKN,10,3,7,10.4,0.1,0.7,0.143,0.3,0.1,0.6,0.167,0.214
2023-24,1630204,Ashton Hagans,1610612757,POR,19,3,16,16.6,0.1,0.2,0.25,0.1,0.0,0.1,0.0,0.25
2023-24,1641709,Ausar Thompson,1610612765,DET,63,10,53,25.1,0.2,0.8,0.286,0.5,0.0,0.2,0.182,0.306
2023-24,1630559,Austin Reaves,1610612747,LAL,82,47,35,32.1,1.8,4.3,0.421,4.4,0.7,2.0,0.373,0.506
2023-24,1630245,Ayo Dosunmu,1610612741,CHI,76,37,39,29.1,0.7,1.5,0.448,1.6,0.2,0.6,0.381,0.517
2023-24,1628389,Bam Adebayo,1610612748,MIA,71,40,31,34.0,1.4,3.4,0.407,2.8,0.0,0.1,0.222,0.412
2023-24,1641767,Ben Sheppard,1610612754,IND,57,32,25,14.3,0.1,0.3,0.438,0.3,0.1,0.2,0.273,0.531
2023-24,1627732,Ben Simmons,1610612751,BKN,15,7,8,23.9,0.1,0.2,0.333,0.1,,,,0.333
2023-24,1631097,Bennedict Mathurin,1610612754,IND,59,33,26,26.1,1.4,3.5,0.394,3.5,0.7,2.0,0.364,0.498
2023-24,1641731,Bilal Coulibaly,1610612764,WAS,63,11,52,27.2,0.2,0.7,0.311,0.6,0.1,0.3,0.438,0.389
2023-24,202687,Bismack Biyombo,1610612760,OKC,40,20,20,19.8,0.0,0.0,0.0,0.0,,,,0.0
2023-24,1631104,Blake Wesley,1610612759,SAS,61,19,42,14.4,0.1,0.5,0.276,0.3,0.0,0.1,0.0,0.276
2023-24,1626246,Boban Marjanovic,1610612745,HOU,14,9,5,5.1,0.0,0.4,0.0,0.0,0.0,0.1,0.0,0.0
2023-24,1626171,Bobby Portis,1610612749,MIL,82,49,33,24.5,1.2,2.8,0.437,2.5,0.0,0.1,0.571,0.446
2023-24,203992,Bogdan Bogdanovic,1610612737,ATL,79,35,44,30.4,1.5,3.5,0.428,3.7,0.7,1.8,0.366,0.522
2023-24,202711,Bojan Bogdanovic,1610612752,NYK,57,20,37,25.9,1.8,4.1,0.437,4.1,0.6,1.5,0.379,0.509
2023-24,1629626,Bol Bol,1610612756,PHX,43,28,15,10.9,0.4,0.8,0.5,0.9,0.1,0.2,0.333,0.544
2023-24,1630538,Bones Hyland,1610612746,LAC,37,20,17,14.6,0.9,2.8,0.311,2.3,0.6,1.9,0.304,0.413
2023-24,203078,Bradley Beal,1610612756,PHX,53,33,20,33.3,1.8,4.3,0.425,4.1,0.4,1.1,0.39,0.476
2023-24,1641764,Brandin Podziemski,1610612744,GSW,74,41,33,26.6,0.7,1.7,0.398,1.8,0.4,0.9,0.455,0.516
2023-24,1630527,Brandon Boston Jr.,1610612746,LAC,32,17,15,10.8,0.9,2.3,0.378,1.9,0.2,0.8,0.231,0.419
2023-24,1629634,Brandon Clarke,1610612763,MEM,6,2,4,22.4,0.7,1.0,0.667,1.3,0.0,0.0,,0.667
2023-24,1627742,Brandon Ingram,1610612740,NOP,64,38,26,32.9,3.8,8.2,0.459,8.0,0.4,1.3,0.338,0.485
2023-24,1641706,Brandon Miller,1610612766,CHA,74,18,56,32.2,2.1,4.9,0.433,4.7,0.5,1.4,0.343,0.483
2023-24,1630314,Brandon Williams,1610612742,DAL,17,10,7,6.6,0.4,1.1,0.389,0.9,0.1,0.4,0.286,0.444
2023-24,1630296,Braxton Key,1610612743,DEN,20,14,6,3.0,0.1,0.1,0.5,0.1,0.0,0.1,0.0,0.5
2023-24,1641729,Brice Sensabaugh,1610612762,UTA,32,8,24,18.3,0.8,2.2,0.348,1.8,0.3,1.0,0.281,0.413
2023-24,201572,Brook Lopez,1610612749,MIL,79,48,31,30.5,0.2,0.9,0.25,0.5,0.1,0.4,0.233,0.301
2023-24,1628971,Bruce Brown,1610612761,TOR,67,26,41,27.8,0.7,1.8,0.369,1.4,0.1,0.3,0.261,0.393
2023-24,1628981,Bruno Fernando,1610612737,ATL,45,20,25,15.2,0.0,0.1,0.4,0.1,0.0,0.0,,0.4
2023-24,1631121,Bryce McGowens,1610612766,CHA,59,11,48,14.9,0.2,0.5,0.387,0.5,0.1,0.2,0.364,0.452
2023-24,1631205,Buddy Boeheim,1610612765,DET,10,0,10,8.4,0.1,0.5,0.2,0.2,0.0,0.3,0.0,0.2
2023-24,1627741,Buddy Hield,1610612755,PHI,84,46,38,25.7,0.8,2.6,0.327,2.3,0.6,1.9,0.302,0.438
2023-24,203468,CJ McCollum,1610612740,NOP,66,42,24,32.7,3.2,6.9,0.459,7.9,1.5,3.6,0.432,0.57
2023-24,1630595,Cade Cunningham,1610612765,DET,62,9,53,33.5,3.1,7.1,0.436,6.9,0.6,2.0,0.325,0.481
2023-24,1631216,Caleb Houstan,1610612753,ORL,59,31,28,13.8,0.1,0.2,0.444,0.2,0.0,0.1,0.2,0.5
2023-24,1628997,Caleb Martin,1610612748,MIA,64,36,28,27.4,0.5,1.6,0.327,1.3,0.2,0.6,0.359,0.394
2023-24,1629629,Cam Reddish,1610612747,LAL,48,27,21,20.5,0.1,0.4,0.235,0.2,0.1,0.1,0.5,0.324
2023-24,1630560,Cam Thomas,1610612751,BKN,66,23,43,31.4,3.3,8.6,0.389,7.6,1.0,3.2,0.306,0.445
2023-24,1641715,Cam Whitmore,1610612745,HOU,47,19,28,18.7,0.7,2.3,0.282,1.7,0.4,1.7,0.235,0.368
2023-24,1629661,Cameron Johnson,1610612751,BKN,58,21,37,27.6,0.8,2.4,0.331,1.9,0.3,1.1,0.242,0.387
2023-24,1626166,Cameron Payne,1610612755,PHI,78,46,32,16.7,0.9,2.1,0.453,2.4,0.5,1.3,0.429,0.584
2023-24,1627747,Caris LeVert,1610612739,CLE,68,38,30,28.8,1.2,3.8,0.323,3.0,0.6,2.0,0.275,0.397
2023-24,1641717,Cason Wallace,1610612760,OKC,82,57,25,20.6,0.4,0.9,0.39,0.8,0.1,0.3,0.259,0.435
2023-24,1626224,Cedi Osman,1610612759,SAS,72,17,55,17.6,0.2,0.6,0.267,0.4,0.1,0.3,0.19,0.311
2023-24,1629646,Charles Bassey,1610612759,SAS,19,3,16,10.8,0.0,0.1,0.0,0.0,0.0,0.1,0.0,0.0
2023-24,1629718,Charlie Brown Jr.,1610612752,NYK,8,2,6,4.7,0.0,0.0,,0.0,0.0,0.0,,
2023-24,1631096,Chet Holmgren,1610612760,OKC,82,57,25,29.4,0.7,1.6,0.424,1.4,0.0,0.3,0.167,0.439
2023-24,1629002,Chimezie Metu,1610612765,DET,51,24,27,16.8,0.4,0.7,0.541,0.9,0.1,0.2,0.364,0.595
2023-24,1628449,Chris Boucher,1610612761,TOR,50,16,34,14.1,0.0,0.1,0.2,0.0,0.0,0.0,0.0,0.2
2023-24,1630537,Chris Duarte,1610612758,SAC,59,35,24,12.2,0.3,0.9,0.34,0.8,0.2,0.5,0.387,0.453
2023-24,1641753,Chris Livingston,1610612749,MIL,21,13,8,4.3,0.0,0.0,,0.0,0.0,0.0,,
2023-24,101108,Chris Paul,1610612744,GSW,58,33,25,26.4,2.1,5.1,0.418,4.7,0.5,1.6,0.309,0.468
2023-24,1631128,Christian Braun,1610612743,DEN,82,57,25,20.2,0.3,0.8,0.343,0.7,0.2,0.5,0.368,0.448
2023-24,1626174,Christian Wood,1610612747,LAL,50,28,22,17.4,0.1,0.3,0.5,0.3,0.0,0.1,0.4,0.571
2023-24,1629643,Chuma Okeke,1610612753,ORL,47,24,23,9.2,0.0,0.3,0.133,0.1,0.0,0.3,0.167,0.2
2023-24,203991,Clint Capela,1610612737,ATL,73,33,40,25.8,0.0,0.0,0.5,0.0,0.0,0.0,0.0,0.5
2023-24,1629632,Coby White,1610612741,CHI,79,37,42,36.5,1.6,4.1,0.405,4.0,0.7,1.8,0.404,0.497
2023-24,1628998,Cody Martin,1610612766,CHA,28,7,21,26.9,0.8,2.3,0.333,1.9,0.4,0.8,0.476,0.413
2023-24,203469,Cody Zeller,1610612740,NOP,43,26,17,7.4,0.0,0.0,0.0,0.0,0.0,0.0,,0.0
2023-24,1641732,Colby Jones,1610612758,SAC,30,15,15,6.4,0.2,0.5,0.5,0.5,0.0,0.1,0.0,0.5
2023-24,1630175,Cole Anthony,1610612753,ORL,81,47,34,22.4,1.1,2.9,0.386,2.4,0.1,0.6,0.245,0.411
2023-24,1631306,Cole Swider,1610612748,MIA,18,8,10,4.8,0.2,0.6,0.3,0.4,0.1,0.3,0.167,0.35
2023-24,1630658,Colin Castleton,1610612747,LAL,16,9,7,3.7,0.0,0.1,0.0,0.0,,,,0.0
2023-24,1631221,Collin Gillespie,1610612743,DEN,24,15,9,9.4,0.5,1.0,0.44,1.1,0.2,0.5,0.417,0.54
2023-24,1629012,Collin Sexton,1610612762,UTA,78,29,49,26.6,1.3,3.4,0.381,3.2,0.6,1.8,0.326,0.466
2023-24,1630557,Corey Kispert,1610612764,WAS,80,15,65,25.8,0.5,1.4,0.381,1.4,0.3,0.9,0.333,0.491
2023-24,202709,Cory Joseph,1610612744,GSW,26,10,16,11.4,0.1,0.6,0.2,0.2,0.0,0.2,0.0,0.2
2023-24,1641854,Craig Porter Jr.,1610612739,CLE,51,30,21,12.7,0.8,1.8,0.457,1.9,0.2,0.5,0.37,0.511
2023-24,1626156,D'Angelo Russell,1610612747,LAL,76,46,30,32.7,2.2,5.5,0.393,5.4,1.1,2.8,0.391,0.494
2023-24,1641793,D'Moi Hodge,1610612747,LAL,7,1,6,5.9,0.1,0.3,0.5,0.3,0.0,0.1,0.0,0.5
2023-24,1628391,D.J. Wilson,1610612755,PHI,2,1,1,7.7,0.0,0.0,,0.0,0.0,0.0,,
2023-24,1630618,DJ Carton,1610612761,TOR,4,2,2,8.9,0.0,0.0,,0.0,0.0,0.0,,
2023-24,1629610,DaQuan Jeffries,1610612752,NYK,17,11,6,2.7,0.1,0.2,0.25,0.1,0.0,0.1,0.0,0.25
2023-24,1630227,Daishen Nix,1610612750,MIN,15,11,4,3.3,0.2,0.4,0.5,0.6,0.2,0.4,0.5,0.75
2023-24,1630625,Dalano Banton,1610612757,POR,54,24,30,19.4,0.4,1.9,0.208,1.0,0.2,1.0,0.182,0.257
2023-24,1631207,Dalen Terry,1610612741,CHI,59,27,32,11.5,0.0,0.2,0.083,0.1,0.0,0.1,0.125,0.125
2023-24,1627745,Damian Jones,1610612739,CLE,39,24,15,6.9,0.1,0.1,0.6,0.2,0.0,0.0,,0.6
2023-24,203081,Damian Lillard,1610612749,MIL,73,48,25,35.3,3.3,8.6,0.384,8.7,2.1,5.7,0.365,0.504
2023-24,1629655,Daniel Gafford,1610612742,DAL,74,30,44,24.5,0.0,0.1,0.25,0.0,,,,0.25
2023-24,1628464,Daniel Theis,1610612746,LAC,60,38,22,16.9,0.1,0.2,0.667,0.3,0.0,0.1,0.2,0.708
2023-24,201568,Danilo Gallinari,1610612749,MIL,49,15,34,12.8,0.4,1.1,0.407,1.0,0.1,0.3,0.214,0.435
2023-24,201980,Danny Green,1610612755,PHI,2,1,1,9.2,0.0,0.5,0.0,0.0,0.0,0.0,,0.0
2023-24,203957,Dante Exum,1610612742,DAL,55,36,19,19.8,0.3,0.6,0.438,0.6,0.1,0.1,0.375,0.484
2023-24,1627863,Danuel House Jr.,1610612755,PHI,34,21,13,15.0,0.1,0.6,0.25,0.4,0.1,0.4,0.214,0.325
2023-24,203967,Dario Saric,1610612744,GSW,64,35,29,17.2,0.1,0.3,0.222,0.2,0.0,0.2,0.273,0.306
2023-24,1641727,Dariq Whitehead,1610612751,BKN,2,1,1,12.0,0.5,0.5,1.0,1.0,0.0,0.0,,1.0
2023-24,1629647,Darius Bazley,1610612762,UTA,9,2,7,16.9,0.1,0.4,0.25,0.2,0.0,0.2,0.0,0.25
2023-24,1629636,Darius Garland,1610612739,CLE,57,31,26,33.3,2.7,6.5,0.424,6.9,1.4,3.7,0.388,0.534
2023-24,1630561,David Duke Jr.,1610612759,SAS,4,3,1,12.8,0.5,1.0,0.5,1.3,0.3,0.3,1.0,0.625
2023-24,1631223,David Roddy,1610612756,PHX,65,25,40,18.1,0.1,0.6,0.205,0.3,0.0,0.2,0.154,0.231
2023-24,1630558,Davion Mitchell,1610612758,SAC,72,41,31,15.3,0.4,1.2,0.365,1.0,0.2,0.5,0.324,0.429
2023-24,1630549,Day'Ron Sharpe,1610612751,BKN,61,25,36,15.1,0.0,0.0,0.0,0.0,0.0,0.0,,0.0
2023-24,1628368,De'Aaron Fox,1610612758,SAC,74,42,32,35.9,3.9,9.8,0.394,9.3,1.6,4.6,0.356,0.477
2023-24,1629631,De'Andre Hunter,1610612737,ATL,57,26,31,29.5,1.4,3.5,0.414,3.3,0.4,1.2,0.333,0.47
2023-24,1629001,De'Anthony Melton,1610612755,PHI,38,25,13,26.9,0.8,2.4,0.356,2.3,0.6,1.7,0.381,0.489
2023-24,201599,DeAndre Jordan,1610612743,DEN,36,24,12,11.0,0.0,0.0,,0.0,,,,
2023-24,1630610,DeJon Jarreau,1610612763,MEM,9,2,7,16.6,0.1,1.7,0.067,0.2,0.0,0.3,0.0,0.067
2023-24,201942,DeMar DeRozan,1610612741,CHI,79,37,42,37.8,3.7,8.1,0.453,7.5,0.2,0.6,0.298,0.463
2023-24,1629731,Dean Wade,1610612739,CLE,54,36,18,20.5,0.1,0.2,0.667,0.4,0.1,0.1,0.833,0.875
2023-24,1629028,Deandre Ayton,1610612757,POR,55,14,41,32.4,0.8,1.9,0.423,1.6,0.0,0.0,,0.423
2023-24,1627749,Dejounte Murray,1610612737,ATL,78,34,44,35.7,3.5,8.1,0.436,8.1,1.1,3.3,0.32,0.502
2023-24,1626153,Delon Wright,1610612748,MIA,47,16,31,15.8,0.2,0.8,0.216,0.4,0.1,0.4,0.235,0.27
2023-24,1630166,Deni Avdija,1610612764,WAS,75,14,61,30.1,0.5,1.6,0.303,1.3,0.3,0.9,0.324,0.395
2023-24,203471,Dennis Schroder,1610612751,BKN,80,30,50,31.1,1.5,3.7,0.399,3.2,0.3,0.9,0.338,0.442
2023-24,1628372,Dennis Smith Jr.,1610612751,BKN,56,19,37,18.9,0.3,1.2,0.275,0.8,0.1,0.4,0.24,0.319
2023-24,1641726,Dereck Lively II,1610612742,DAL,55,35,20,23.5,0.0,0.0,0.0,0.0,0.0,0.0,,0.0
2023-24,1631220,Dereon Seabron,1610612740,NOP,6,3,3,9.2,0.3,0.5,0.667,0.8,0.2,0.2,1.0,0.833
2023-24,1627884,Derrick Jones Jr.,1610612742,DAL,76,47,29,23.5,0.1,0.3,0.36,0.3,0.0,0.1,0.273,0.42
2023-24,201565,Derrick Rose,1610612763,MEM,24,6,18,16.6,1.1,2.0,0.574,2.5,0.3,0.5,0.545,0.638
2023-24,1628401,Derrick White,1610612738,BOS,73,58,15,32.6,1.3,3.2,0.401,3.2,0.7,2.0,0.352,0.511
2023-24,1630217,Desmond Bane,1610612763,MEM,42,14,28,34.4,3.1,8.1,0.382,8.0,1.8,5.2,0.346,0.493
2023-24,1626164,Devin Booker,1610612756,PHX,68,43,25,36.0,5.1,11.0,0.46,11.5,1.4,3.9,0.362,0.525
2023-24,1630170,Devin Vassell,1610612759,SAS,68,17,51,33.1,2.9,6.9,0.415,6.5,0.8,2.4,0.331,0.471
2023-24,1628984,Devonte' Graham,1610612759,SAS,23,8,15,13.6,0.7,2.1,0.327,1.9,0.5,1.7,0.282,0.439
2023-24,1641926,Dexter Dennis,1610612742,DAL,4,1,3,7.5,0.5,1.0,0.5,1.0,0.0,0.0,,0.5
2023-24,1628415,Dillon Brooks,1610612745,HOU,72,36,36,30.9,1.0,2.5,0.39,2.4,0.5,1.3,0.374,0.486
2023-24,1631376,Dmytro Skapintsev,1610612752,NYK,2,0,2,1.1,0.0,0.0,,0.0,,,,
2023-24,1627734,Domantas Sabonis,1610612758,SAC,82,46,36,35.7,0.3,0.6,0.468,0.6,0.0,0.1,0.667,0.511
2023-24,1631230,Dominick Barlow,1610612759,SAS,33,7,26,12.7,0.1,0.2,0.333,0.1,0.0,0.0,,0.333
2023-24,1628378,Donovan Mitchell,1610612739,CLE,55,36,19,35.3,3.9,9.8,0.392,9.7,2.0,5.8,0.35,0.495
2023-24,1628978,Donte DiVincenzo,1610612752,NYK,81,50,31,29.1,0.8,1.8,0.415,2.0,0.5,1.3,0.38,0.554
2023-24,1627827,Dorian Finney-Smith,1610612751,BKN,68,28,40,28.4,0.1,0.5,0.303,0.4,0.1,0.4,0.269,0.409
2023-24,203926,Doug McDermott,1610612754,IND,64,22,42,14.1,0.3,0.5,0.457,0.7,0.2,0.4,0.478,0.614
2023-24,203110,Draymond Green,1610612744,GSW,55,33,22,27.1,0.1,0.2,0.273,0.1,0.0,0.0,1.0,0.318
2023-24,1629234,Drew Eubanks,1610612756,PHX,75,42,33,15.6,0.0,0.1,0.3,0.1,0.0,0.0,,0.3
2023-24,1641809,Drew Peterson,1610612738,BOS,3,3,0,7.6,0.0,0.0,,0.0,0.0,0.0,,
2023-24,1630696,Dru Smith,1610612748,MIA,9,7,2,14.5,0.1,0.7,0.167,0.3,0.1,0.3,0.333,0.25
2023-24,1629130,Duncan Robinson,1610612748,MIA,68,38,30,28.0,1.1,2.6,0.415,3.1,0.9,2.2,0.408,0.591
2023-24,1641871,Duop Reath,1610612757,POR,68,17,51,17.9,0.1,0.2,0.333,0.2,0.0,0.1,0.333,0.433
2023-24,203939,Dwight Powell,1610612742,DAL,63,38,25,13.3,0.0,0.0,,0.0,0.0,0.0,,
2023-24,1629685,Dylan Windler,1610612737,ATL,17,9,8,6.4,0.2,0.3,0.6,0.5,0.2,0.2,0.75,0.9
2023-24,1630700,Dyson Daniels,1610612740,NOP,61,34,27,22.3,0.3,0.7,0.356,0.6,0.1,0.2,0.286,0.4
2023-24,202722,Dāvis Bertāns,1610612766,CHA,43,20,23,15.7,0.2,0.7,0.31,0.6,0.2,0.6,0.269,0.431
2023-24,1630604,E.J. Liddell,1610612740,NOP,8,3,5,2.9,0.0,0.0,,0.0,0.0,0.0,,
2023-24,1641734,Emoni Bates,1610612739,CLE,15,8,7,8.9,0.5,1.4,0.333,1.3,0.3,0.9,0.357,0.452
2023-24,201569,Eric Gordon,1610612756,PHX,68,41,27,27.8,0.4,1.0,0.412,1.1,0.3,0.7,0.36,0.544
2023-24,1630647,Eugene Omoruyi,1610612764,WAS,43,5,38,9.1,0.1,0.3,0.333,0.2,0.0,0.1,0.0,0.333
2023-24,203095,Evan Fournier,1610612765,DET,32,8,24,18.1,1.1,2.9,0.391,2.5,0.3,1.3,0.22,0.44
2023-24,1630596,Evan Mobley,1610612739,CLE,50,29,21,30.6,0.2,0.6,0.267,0.3,0.0,0.0,1.0,0.283
2023-24,1630196,Filip Petrusev,1610612758,SAC,3,2,1,3.1,0.0,0.0,,0.0,,,,
2023-24,1628373,Frank Ntilikina,1610612766,CHA,5,0,5,8.6,0.0,0.2,0.0,0.0,0.0,0.0,,0.0
2023-24,1630532,Franz Wagner,1610612753,ORL,72,44,28,32.5,0.8,2.6,0.295,2.0,0.5,1.7,0.268,0.382
2023-24,1627832,Fred VanVleet,1610612745,HOU,73,38,35,36.8,3.2,7.7,0.41,8.0,1.7,4.8,0.364,0.523
2023-24,1627788,Furkan Korkmaz,1610612755,PHI,35,22,13,8.6,0.2,0.6,0.333,0.5,0.1,0.3,0.417,0.452
2023-24,1641713,GG Jackson II,1610612763,MEM,48,14,34,25.7,0.6,2.2,0.298,1.7,0.4,1.3,0.317,0.389
2023-24,1629216,Gabe Vincent,1610612747,LAL,11,7,4,19.8,0.5,2.1,0.261,1.2,0.1,1.2,0.077,0.283
2023-24,202066,Garrett Temple,1610612761,TOR,27,5,22,10.7,0.0,0.4,0.083,0.1,0.0,0.3,0.125,0.125
2023-24,1629726,Garrison Mathews,1610612737,ATL,66,29,37,15.0,0.3,0.6,0.524,0.9,0.2,0.4,0.464,0.679
2023-24,203914,Gary Harris,1610612753,ORL,54,35,19,24.0,0.3,0.6,0.467,0.6,0.1,0.3,0.4,0.567
2023-24,1627780,Gary Payton II,1610612744,GSW,44,27,17,15.5,0.0,0.0,0.0,0.0,0.0,0.0,,0.0
2023-24,1629018,Gary Trent Jr.,1610612761,TOR,71,24,47,28.1,1.5,4.2,0.342,3.4,0.5,1.7,0.308,0.404
2023-24,1627777,Georges Niang,1610612739,CLE,82,48,34,22.3,0.4,1.1,0.402,1.0,0.2,0.6,0.3,0.489
2023-24,203507,Giannis Antetokounmpo,1610612749,MIL,73,45,28,35.2,1.2,3.7,0.315,2.7,0.3,1.1,0.272,0.355
2023-24,1629048,Goga Bitadze,1610612753,ORL,62,34,28,15.4,0.0,0.0,0.0,0.0,0.0,0.0,,0.0
2023-24,202330,Gordon Hayward,1610612760,OKC,51,25,26,24.4,0.9,2.3,0.376,1.8,0.1,0.3,0.286,0.393
2023-24,1641711,Gradey Dick,1610612761,TOR,60,18,42,21.1,0.5,1.6,0.309,1.2,0.2,0.7,0.256,0.367
2023-24,1629684,Grant Williams,1610612766,CHA,76,34,42,28.0,0.4,1.0,0.373,0.8,0.1,0.3,0.308,0.427
2023-24,1628960,Grayson Allen,1610612756,PHX,75,45,30,33.5,0.5,1.1,0.482,1.5,0.4,0.8,0.492,0.665
2023-24,1630535,Greg Brown III,1610612742,DAL,6,3,3,6.6,0.0,0.0,,0.0,0.0,0.0,,
2023-24,1630611,Gui Santos,1610612744,GSW,23,17,6,8.4,0.0,0.1,0.0,0.0,0.0,0.1,0.0,0.0
2023-24,1628977,Hamidou Diallo,1610612764,WAS,2,1,1,2.4,0.0,0.0,,0.0,,,,
2023-24,203084,Harrison Barnes,1610612758,SAC,82,46,36,29.0,0.6,1.3,0.486,1.6,0.3,0.6,0.415,0.587
2023-24,1628385,Harry Giles III,1610612747,LAL,23,11,12,4.3,0.0,0.1,0.0,0.0,0.0,0.0,0.0,0.0
2023-24,1629312,Haywood Highsmith,1610612748,MIA,66,39,27,20.7,0.2,0.3,0.476,0.3,0.0,0.1,0.333,0.548
2023-24,1630929,Henri Drell,1610612741,CHI,4,2,2,7.5,0.0,0.0,,0.0,0.0,0.0,,
2023-24,1630529,Herbert Jones,1610612740,NOP,76,46,30,30.5,0.1,0.4,0.241,0.2,0.0,0.1,0.375,0.293
2023-24,1641816,Hunter Tyson,1610612743,DEN,18,14,4,2.7,0.1,0.2,0.333,0.1,0.0,0.1,0.0,0.333
2023-24,1630641,Ibou Badji,1610612757,POR,22,5,17,10.3,0.0,0.0,,0.0,,,,
2023-24,1630193,Immanuel Quickley,1610612761,TOR,68,28,40,29.2,2.1,5.6,0.379,5.4,1.2,3.1,0.376,0.483
2023-24,1630171,Isaac Okoro,1610612739,CLE,69,41,28,27.3,0.1,0.2,0.438,0.3,0.1,0.2,0.357,0.594
2023-24,1628392,Isaiah Hartenstein,1610612752,NYK,75,47,28,25.3,0.1,0.1,0.6,0.2,0.0,0.0,1.0,0.65
2023-24,1630543,Isaiah Jackson,1610612754,IND,60,37,23,12.8,0.0,0.1,0.333,0.1,0.0,0.0,0.0,0.333
2023-24,1630198,Isaiah Joe,1610612760,OKC,78,54,24,18.5,0.6,1.6,0.386,1.5,0.3,0.8,0.338,0.472
2023-24,1630587,Isaiah Livers,1610612765,DET,23,1,22,20.4,0.2,0.8,0.263,0.5,0.1,0.4,0.2,0.316
2023-24,1630600,Isaiah Mobley,1610612739,CLE,10,2,8,7.2,0.0,0.2,0.0,0.0,0.0,0.0,,0.0
2023-24,1630191,Isaiah Stewart,1610612765,DET,46,9,37,30.9,0.1,0.3,0.5,0.3,0.1,0.1,0.667,0.667
2023-24,202738,Isaiah Thomas,1610612756,PHX,6,4,2,3.2,0.2,0.3,0.5,0.5,0.2,0.3,0.5,0.75
2023-24,1631209,Isaiah Wong,1610612754,IND,1,1,0,4.3,1.0,1.0,1.0,2.0,0.0,0.0,,1.0
2023-24,202397,Ish Smith,1610612766,CHA,43,6,37,17.2,0.8,2.1,0.363,1.6,0.1,0.2,0.429,0.379
2023-24,1630688,Ish Wainright,1610612756,PHX,11,2,9,5.7,0.1,0.3,0.333,0.3,0.1,0.2,0.5,0.5
2023-24,1627826,Ivica Zubac,1610612746,LAC,68,42,26,26.4,0.0,0.0,0.5,0.0,,,,0.5
2023-24,1631167,Izaiah Brockington,1610612740,NOP,1,1,0,3.4,0.0,2.0,0.0,0.0,0.0,1.0,0.0,0.0
2023-24,1631120,JD Davison,1610612738,BOS,8,8,0,4.9,0.4,0.8,0.5,1.0,0.3,0.5,0.5,0.667
2023-24,1630550,JT Thor,1610612766,CHA,63,16,47,12.4,0.0,0.2,0.091,0.0,0.0,0.0,0.0,0.091
2023-24,1629630,Ja Morant,1610612763,MEM,9,6,3,35.3,1.8,6.0,0.296,4.4,0.9,3.2,0.276,0.37
2023-24,201580,JaVale McGee,1610612758,SAC,46,28,18,7.4,0.0,0.1,0.0,0.0,0.0,0.0,0.0,0.0
2023-24,1631095,Jabari Smith Jr.,1610612745,HOU,76,39,37,31.9,1.1,2.8,0.403,2.5,0.2,0.7,0.288,0.438
2023-24,1631133,Jabari Walker,1610612757,POR,72,18,54,23.6,0.1,0.4,0.222,0.2,0.0,0.1,0.25,0.241
2023-24,1631298,Jack White,1610612763,MEM,4,0,4,15.9,0.0,0.3,0.0,0.0,0.0,0.0,,0.0
2023-24,1631367,Jacob Gilyard,1610612751,BKN,41,12,29,17.0,0.5,1.2,0.388,1.3,0.3,0.9,0.389,0.531
2023-24,1631210,Jacob Toppin,1610612752,NYK,9,2,7,4.2,0.2,0.3,0.667,0.6,0.1,0.2,0.5,0.833
2023-24,1630702,Jaden Hardy,1610612742,DAL,73,44,29,13.6,0.9,2.4,0.368,2.0,0.3,0.9,0.294,0.425
2023-24,1631093,Jaden Ivey,1610612765,DET,77,14,63,28.8,1.1,3.5,0.33,2.7,0.4,1.4,0.303,0.391
2023-24,1630183,Jaden McDaniels,1610612750,MIN,72,48,24,29.2,0.6,1.5,0.369,1.2,0.1,0.3,0.24,0.396
2023-24,1630531,Jaden Springer,1610612738,BOS,49,32,17,10.3,0.2,0.5,0.308,0.3,0.0,0.1,0.0,0.308
2023-24,203109,Jae Crowder,1610612749,MIL,50,25,25,23.1,0.3,0.8,0.421,0.8,0.2,0.4,0.429,0.539
2023-24,1630256,Jae'Sean Tate,1610612745,HOU,65,32,33,15.9,0.0,0.1,0.0,0.0,0.0,0.1,0.0,0.0
2023-24,1630186,Jahmi'us Ramsey,1610612761,TOR,7,0,7,17.3,0.6,0.9,0.667,1.3,0.1,0.4,0.333,0.75
2023-24,1631170,Jaime Jaquez Jr.,1610612748,MIA,75,44,31,28.2,0.3,0.8,0.345,0.6,0.0,0.2,0.133,0.362
2023-24,1631222,Jake LaRavia,1610612763,MEM,35,8,27,23.0,0.6,1.7,0.361,1.6,0.4,1.2,0.317,0.467
2023-24,1627751,Jakob Poeltl,1610612761,TOR,50,21,29,26.4,0.0,0.1,0.167,0.0,,,,0.167
2023-24,1628973,Jalen Brunson,1610612752,NYK,77,49,28,35.4,4.8,10.9,0.445,11.3,1.6,4.3,0.374,0.518
2023-24,1630622,Jalen Crutcher,1610612740,NOP,1,1,0,2.7,0.0,0.0,,0.0,,,,
2023-24,1631105,Jalen Duren,1610612765,DET,61,13,48,29.1,0.1,0.5,0.25,0.3,0.0,0.0,0.0,0.25
2023-24,1630224,Jalen Green,1610612745,HOU,82,41,41,31.7,2.4,6.8,0.354,6.2,1.4,4.1,0.335,0.456
2023-24,1641720,Jalen Hood-Schifino,1610612747,LAL,21,10,11,5.2,0.2,1.1,0.167,0.4,0.0,0.5,0.1,0.188
2023-24,1630552,Jalen Johnson,1610612737,ATL,56,27,29,33.7,0.5,1.3,0.397,1.1,0.1,0.4,0.25,0.432
2023-24,1629667,Jalen McDaniels,1610612761,TOR,50,12,38,10.8,0.1,0.5,0.24,0.3,0.0,0.2,0.125,0.26
2023-24,1629618,Jalen Pickett,1610612743,DEN,27,20,7,4.5,0.2,0.9,0.261,0.6,0.1,0.6,0.188,0.326
2023-24,1641771,Jalen Slawson,1610612758,SAC,12,8,4,3.1,0.1,0.1,1.0,0.2,0.0,0.0,,1.0
2023-24,1630188,Jalen Smith,1610612754,IND,61,36,25,17.2,0.1,0.3,0.5,0.3,0.1,0.1,0.5,0.625
2023-24,1630591,Jalen Suggs,1610612753,ORL,75,43,32,27.0,0.9,2.4,0.36,2.2,0.5,1.3,0.378,0.463
2023-24,1631114,Jalen Williams,1610612760,OKC,71,51,20,31.3,2.6,5.2,0.501,5.7,0.6,1.3,0.421,0.556
2023-24,1630592,Jalen Wilson,1610612751,BKN,43,14,29,15.5,0.1,0.5,0.19,0.2,0.0,0.1,0.0,0.19
2023-24,1631288,Jamal Cain,1610612748,MIA,26,14,12,10.0,0.2,0.3,0.556,0.5,0.1,0.1,0.667,0.667
2023-24,1627750,Jamal Murray,1610612743,DEN,59,44,15,31.5,3.7,8.3,0.449,8.8,1.3,3.1,0.424,0.528
2023-24,1631123,Jamaree Bouyea,1610612759,SAS,9,2,7,10.5,0.2,0.9,0.25,0.4,0.0,0.4,0.0,0.25
2023-24,1630547,James Bouknight,1610612766,CHA,14,0,14,5.8,0.5,1.3,0.389,1.5,0.5,1.1,0.467,0.583
2023-24,201935,James Harden,1610612746,LAC,72,46,26,34.3,2.4,6.1,0.394,6.5,1.7,4.5,0.385,0.538
2023-24,201949,James Johnson,1610612754,IND,9,4,5,5.2,0.1,0.3,0.333,0.2,0.0,0.0,,0.333
2023-24,1630164,James Wiseman,1610612765,DET,63,9,54,17.3,0.1,0.3,0.235,0.1,0.0,0.0,,0.235
2023-24,1641716,Jarace Walker,1610612754,IND,33,18,15,10.3,0.5,1.1,0.459,1.2,0.2,0.5,0.412,0.554
2023-24,1630215,Jared Butler,1610612764,WAS,40,6,34,14.1,0.6,1.4,0.393,1.4,0.3,0.9,0.324,0.5
2023-24,1631197,Jared Rhoden,1610612765,DET,17,2,15,14.4,0.8,1.6,0.481,1.6,0.1,0.3,0.4,0.519
2023-24,1628991,Jaren Jackson Jr.,1610612763,MEM,66,22,44,32.2,0.5,1.9,0.288,1.3,0.2,0.9,0.226,0.344
2023-24,1629020,Jarred Vanderbilt,1610612747,LAL,29,14,15,20.0,0.0,0.1,0.0,0.0,0.0,0.0,0.0,0.0
2023-24,1628386,Jarrett Allen,1610612739,CLE,77,46,31,31.7,0.0,0.2,0.231,0.1,0.0,0.0,0.0,0.231
2023-24,1630554,Jason Preston,1610612762,UTA,7,2,5,10.2,0.3,1.0,0.286,0.6,0.0,0.1,0.0,0.286
2023-24,1631241,Javon Freeman-Liberty,1610612761,TOR,22,3,19,18.3,0.5,1.2,0.37,1.0,0.0,0.5,0.083,0.389
2023-24,1629750,Javonte Green,1610612741,CHI,9,5,4,25.6,0.0,0.2,0.0,0.0,0.0,0.0,,0.0
2023-24,1630606,Javonte Smart,1610612755,PHI,1,1,0,0.7,0.0,0.0,,0.0,,,,
2023-24,1629637,Jaxson Hayes,1610612747,LAL,70,41,29,12.5,0.0,0.0,0.0,0.0,0.0,0.0,0.0,0.0
2023-24,1630643,Jay Huff,1610612743,DEN,20,16,4,2.5,0.0,0.0,,0.0,0.0,0.0,,
2023-24,1627759,Jaylen Brown,1610612738,BOS,70,52,18,33.5,2.5,5.9,0.424,5.8,0.8,2.4,0.351,0.495
2023-24,1629669,Jaylen Nowell,1610612765,DET,13,3,10,16.4,1.2,2.5,0.5,2.5,0.1,0.6,0.125,0.516
2023-24,1631119,Jaylin Williams,1610612760,OKC,69,48,21,13.0,0.0,0.1,0.111,0.0,0.0,0.1,0.0,0.111
2023-24,1628369,Jayson Tatum,1610612738,BOS,74,57,17,35.7,3.2,8.7,0.363,8.3,2.0,5.6,0.349,0.475
2023-24,1630288,Jeff Dowtin Jr.,1610612755,PHI,12,7,5,11.8,0.5,1.3,0.4,1.4,0.4,1.1,0.385,0.567
2023-24,201145,Jeff Green,1610612745,HOU,78,39,39,16.8,0.2,0.7,0.353,0.5,0.1,0.2,0.313,0.402
2023-24,203924,Jerami Grant,1610612757,POR,54,17,37,33.9,1.2,3.0,0.41,2.5,0.0,0.3,0.067,0.413
2023-24,1630526,Jeremiah Robinson-Earl,1610612740,NOP,39,22,17,8.6,0.1,0.2,0.5,0.2,0.0,0.0,0.0,0.5
2023-24,1631110,Jeremy Sochan,1610612759,SAS,74,18,56,29.6,0.3,1.4,0.21,0.7,0.1,0.6,0.195,0.248
2023-24,1630579,Jericho Sims,1610612752,NYK,45,30,15,13.0,0.0,0.0,,0.0,,,,
2023-24,1631257,Jermaine Samuels Jr.,1610612745,HOU,14,8,6,4.3,0.0,0.0,,0.0,0.0,0.0,,
2023-24,1629010,Jerome Robinson,1610612744,GSW,22,17,5,3.7,0.0,0.1,0.0,0.0,0.0,0.1,0.0,0.0
2023-24,1641724,Jett Howard,1610612753,ORL,18,9,9,3.7,0.2,0.7,0.231,0.4,0.1,0.6,0.182,0.308
2023-24,1628975,Jevon Carter,1610612741,CHI,72,35,37,13.9,0.9,2.4,0.375,2.2,0.3,1.2,0.271,0.44
2023-24,202710,Jimmy Butler,1610612748,MIA,60,33,27,34.0,1.3,3.2,0.393,2.8,0.3,0.8,0.396,0.442
2023-24,1629111,Jock Landale,1610612745,HOU,56,28,28,13.6,0.0,0.1,0.286,0.1,0.0,0.0,0.0,0.286
2023-24,203925,Joe Harris,1610612765,DET,16,4,12,10.6,0.0,0.1,0.0,0.0,0.0,0.1,0.0,0.0
2023-24,204060,Joe Ingles,1610612753,ORL,68,42,26,17.2,0.2,0.8,0.226,0.5,0.2,0.7,0.22,0.33
2023-24,203954,Joel Embiid,1610612755,PHI,39,31,8,33.6,3.6,8.4,0.432,7.6,0.3,1.5,0.183,0.448
2023-24,1628381,John Collins,1610612762,UTA,68,27,41,28.0,0.3,0.7,0.375,0.5,0.0,0.1,0.167,0.385
2023-24,1629723,John Konchar,1610612763,MEM,55,18,37,21.3,0.0,0.2,0.0,0.0,0.0,0.2,0.0,0.0
2023-24,1631098,Johnny Davis,1610612764,WAS,50,8,42,12.3,0.1,0.6,0.241,0.3,0.0,0.1,0.25,0.259
2023-24,1630548,Johnny Juzang,1610612762,UTA,20,5,15,18.6,0.2,0.8,0.2,0.4,0.1,0.5,0.222,0.267
2023-24,202685,Jonas Valanciunas,1610612740,NOP,82,49,33,23.5,0.2,0.3,0.591,0.3,0.0,0.0,0.0,0.591
2023-24,1628371,Jonathan Isaac,1610612753,ORL,58,35,23,15.8,0.2,0.5,0.31,0.3,0.0,0.1,0.2,0.328
2023-24,1630228,Jonathan Kuminga,1610612744,GSW,74,40,34,26.3,0.7,1.9,0.379,1.5,0.1,0.4,0.308,0.407
2023-24,1629007,Jontay Porter,1610612761,TOR,26,6,20,13.8,0.0,0.2,0.167,0.1,0.0,0.1,0.0,0.167
2023-24,203903,Jordan Clarkson,1610612762,UTA,55,22,33,30.6,1.8,5.2,0.35,4.3,0.7,2.6,0.25,0.413
2023-24,1630259,Jordan Ford,1610612758,SAC,6,2,4,3.6,0.3,0.7,0.5,0.8,0.2,0.2,1.0,0.625
2023-24,1630692,Jordan Goodwin,1610612763,MEM,57,30,27,18.5,0.7,2.1,0.331,1.6,0.2,0.7,0.262,0.377
2023-24,1641722,Jordan Hawkins,1610612740,NOP,67,38,29,17.3,0.7,1.9,0.352,1.5,0.2,0.7,0.28,0.408
2023-24,1629162,Jordan McLaughlin,1610612750,MIN,56,35,21,11.2,0.2,0.4,0.429,0.4,0.1,0.3,0.467,0.595
2023-24,1641757,Jordan Miller,1610612746,LAC,8,5,3,3.5,0.0,0.3,0.0,0.0,0.0,0.0,,0.0
2023-24,1629670,Jordan Nwora,1610612761,TOR,52,14,38,13.7,0.4,1.3,0.328,1.0,0.2,0.7,0.27,0.403
2023-24,1629673,Jordan Poole,1610612764,WAS,78,15,63,30.1,2.2,6.4,0.346,5.5,1.1,3.5,0.304,0.429
2023-24,1641775,Jordan Walsh,1610612738,BOS,9,9,0,9.3,0.0,0.0,,0.0,0.0,0.0,,
2023-24,1630631,Jose Alvarado,1610612740,NOP,56,38,18,18.4,0.4,1.1,0.333,0.9,0.2,0.7,0.351,0.442
2023-24,1630581,Josh Giddey,1610612760,OKC,80,56,24,25.1,0.6,1.3,0.452,1.2,0.0,0.2,0.2,0.466
2023-24,1630182,Josh Green,1610612742,DAL,57,32,25,26.4,0.2,0.6,0.389,0.6,0.1,0.2,0.364,0.444
2023-24,1628404,Josh Hart,1610612752,NYK,81,49,32,33.4,0.6,2.0,0.317,1.5,0.2,0.8,0.265,0.372
2023-24,1631169,Josh Minott,1610612750,MIN,32,23,9,2.9,0.0,0.0,0.0,0.0,0.0,0.0,0.0,0.0
2023-24,1629006,Josh Okogie,1610612756,PHX,60,37,23,16.0,0.1,0.3,0.375,0.2,0.0,0.1,0.2,0.406
2023-24,1626196,Josh Richardson,1610612748,MIA,43,24,19,25.6,0.6,1.7,0.365,1.3,0.1,0.3,0.214,0.385
2023-24,1630563,Joshua Primo,1610612746,LAC,2,2,0,5.1,0.0,0.0,,0.0,,,,
2023-24,201950,Jrue Holiday,1610612738,BOS,69,53,16,32.8,1.4,3.5,0.399,3.7,0.9,2.2,0.393,0.521
2023-24,1629308,Juan Toscano-Anderson,1610612758,SAC,11,7,4,4.8,0.0,0.0,,0.0,0.0,0.0,,
2023-24,1631262,Jules Bernard,1610612764,WAS,19,2,17,7.9,0.3,0.6,0.455,0.7,0.2,0.5,0.444,0.636
2023-24,1630577,Julian Champagnie,1610612759,SAS,74,19,55,19.8,0.1,0.2,0.412,0.3,0.1,0.1,0.5,0.559
2023-24,1641763,Julian Phillips,1610612741,CHI,40,20,20,8.1,0.0,0.0,,0.0,0.0,0.0,,
2023-24,1631124,Julian Strawther,1610612743,DEN,50,34,16,10.9,0.3,0.9,0.372,0.8,0.1,0.4,0.316,0.442
2023-24,203944,Julius Randle,1610612752,NYK,46,29,17,35.4,1.8,5.1,0.365,4.2,0.5,2.0,0.245,0.414
2023-24,1630551,Justin Champagnie,1610612764,WAS,15,3,12,15.7,0.1,0.5,0.286,0.4,0.1,0.4,0.333,0.429
2023-24,203200,Justin Holiday,1610612743,DEN,58,38,20,14.9,0.3,0.6,0.444,0.7,0.1,0.2,0.462,0.528
2023-24,1628382,Justin Jackson,1610612750,MIN,2,2,0,0.4,0.0,0.0,,0.0,,,,
2023-24,1631303,Justin Minaya,1610612757,POR,34,3,31,11.2,0.1,0.1,0.667,0.2,0.1,0.1,0.667,1.0
2023-24,203994,Jusuf Nurkic,1610612756,PHX,76,48,28,27.3,0.0,0.1,0.273,0.1,0.0,0.0,0.0,0.273
2023-24,1630231,KJ Martin,1610612755,PHI,60,33,27,12.4,0.0,0.0,0.0,0.0,0.0,0.0,,0.0
2023-24,1629232,Kaiser Gates,1610612740,NOP,1,0,1,7.4,0.0,0.0,,0.0,0.0,0.0,,
2023-24,1626157,Karl-Anthony Towns,1610612750,MIN,62,42,20,32.7,0.8,2.0,0.379,1.7,0.2,0.7,0.31,0.431
2023-24,202695,Kawhi Leonard,1610612746,LAC,68,44,24,34.3,3.6,7.9,0.454,8.0,0.8,2.1,0.387,0.506
2023-24,1631099,Keegan Murray,1610612758,SAC,77,43,34,33.6,1.3,3.1,0.401,2.8,0.3,1.0,0.26,0.442
2023-24,1628966,Keita Bates-Diop,1610612751,BKN,53,29,24,12.5,0.1,0.2,0.375,0.1,0.0,0.1,0.333,0.438
2023-24,1629640,Keldon Johnson,1610612759,SAS,69,17,52,29.5,0.5,1.6,0.327,1.4,0.3,1.0,0.286,0.416
2023-24,203482,Kelly Olynyk,1610612761,TOR,78,31,47,22.5,0.2,0.7,0.321,0.5,0.0,0.3,0.095,0.339
2023-24,1626162,Kelly Oubre Jr.,1610612755,PHI,68,40,28,30.2,0.8,2.5,0.325,2.0,0.4,1.3,0.315,0.408
2023-24,1631112,Kendall Brown,1610612754,IND,15,10,5,4.2,0.0,0.1,0.0,0.0,0.0,0.0,,0.0
2023-24,1631254,Kenneth Lofton Jr.,1610612762,UTA,21,7,14,9.4,0.2,0.5,0.5,0.5,0.0,0.1,0.333,0.55
2023-24,1629026,Kenrich Williams,1610612760,OKC,69,49,20,14.9,0.1,0.5,0.229,0.3,0.0,0.2,0.25,0.271
2023-24,203484,Kentavious Caldwell-Pope,1610612743,DEN,76,54,22,31.6,1.0,2.1,0.466,2.3,0.3,0.7,0.451,0.537
2023-24,1631165,Keon Ellis,1610612758,SAC,57,33,24,17.2,0.5,1.2,0.408,1.4,0.4,0.9,0.408,0.549
2023-24,1630553,Keon Johnson,1610612751,BKN,5,0,5,12.3,0.2,1.4,0.143,0.4,0.0,0.8,0.0,0.143
2023-24,1630556,Kessler Edwards,1610612758,SAC,54,32,22,5.1,0.0,0.1,0.4,0.1,0.0,0.1,0.333,0.5
2023-24,201142,Kevin Durant,1610612756,PHX,75,44,31,37.2,4.2,9.1,0.464,9.0,0.6,1.6,0.347,0.494
2023-24,1628989,Kevin Huerter,1610612758,SAC,64,37,27,24.4,0.8,1.9,0.419,2.1,0.5,1.2,0.416,0.548
2023-24,1628995,Kevin Knox II,1610612765,DET,31,4,27,18.1,0.4,0.9,0.407,0.8,0.1,0.3,0.222,0.444
2023-24,201567,Kevin Love,1610612748,MIA,55,31,24,16.8,0.2,0.5,0.333,0.5,0.1,0.4,0.4,0.481
2023-24,1630284,Kevon Harris,1610612753,ORL,2,1,1,3.0,0.5,1.0,0.5,1.0,,,,0.5
2023-24,1626172,Kevon Looney,1610612744,GSW,74,43,31,16.1,0.1,0.2,0.333,0.1,,,,0.333
2023-24,1641749,Keyontae Johnson,1610612760,OKC,9,7,2,7.4,0.1,0.2,0.5,0.2,0.0,0.0,,0.5
2023-24,1641718,Keyonte George,1610612762,UTA,75,27,48,27.0,1.5,4.3,0.364,4.0,0.9,2.7,0.345,0.475
2023-24,203114,Khris Middleton,1610612749,MIL,55,31,24,27.0,2.9,6.0,0.492,6.6,0.7,2.1,0.36,0.555
2023-24,1630165,Killian Hayes,1610612765,DET,42,7,35,24.0,1.5,3.6,0.428,3.2,0.1,0.4,0.313,0.444
2023-24,1630184,Kira Lewis Jr.,1610612762,UTA,28,10,18,9.4,0.2,0.8,0.261,0.5,0.0,0.3,0.143,0.283
2023-24,202691,Klay Thompson,1610612744,GSW,77,41,36,29.7,1.8,4.2,0.444,4.3,0.6,1.5,0.414,0.519
2023-24,1641738,Kobe Brown,1610612746,LAC,44,27,17,9.0,0.0,0.1,0.4,0.1,0.0,0.0,0.0,0.4
2023-24,1641723,Kobe Bufkin,1610612737,ATL,17,8,9,11.5,1.3,3.0,0.431,2.9,0.3,1.0,0.294,0.48
2023-24,1628424,Kobi Simmons,1610612761,TOR,4,0,4,16.9,1.0,1.3,0.8,2.3,0.3,0.3,1.0,0.9
2023-24,1627739,Kris Dunn,1610612762,UTA,66,25,41,18.9,0.2,0.5,0.406,0.5,0.1,0.2,0.308,0.469
2023-24,1631200,Kris Murray,1610612757,POR,62,12,50,21.7,0.1,0.4,0.208,0.2,0.0,0.3,0.158,0.271
2023-24,204001,Kristaps Porzingis,1610612738,BOS,57,43,14,29.6,0.7,1.8,0.379,1.4,0.1,0.3,0.267,0.398
2023-24,203937,Kyle Anderson,1610612750,MIN,79,55,24,22.6,0.4,1.0,0.423,0.8,0.0,0.1,0.143,0.429
2023-24,1628398,Kyle Kuzma,1610612764,WAS,70,13,57,32.6,1.7,5.1,0.338,4.1,0.7,2.2,0.305,0.404
2023-24,200768,Kyle Lowry,1610612755,PHI,60,32,28,28.2,0.8,2.2,0.379,2.2,0.6,1.4,0.388,0.504
2023-24,202681,Kyrie Irving,1610612742,DAL,58,39,19,35.0,3.8,8.6,0.449,9.1,1.4,3.6,0.395,0.532
2023-24,1630163,LaMelo Ball,1610612766,CHA,22,7,15,32.3,2.2,6.7,0.333,6.0,1.5,4.5,0.347,0.449
2023-24,1630205,Lamar Stevens,1610612763,MEM,38,22,16,14.7,0.6,1.6,0.377,1.2,0.0,0.0,0.0,0.377
2023-24,1629013,Landry Shamet,1610612764,WAS,46,6,40,15.8,0.6,1.5,0.386,1.3,0.1,0.7,0.182,0.429
2023-24,1626204,Larry Nance Jr.,1610612740,NOP,61,34,27,19.9,0.1,0.2,0.455,0.2,0.0,0.0,0.333,0.5
2023-24,1628374,Lauri Markkanen,1610612762,UTA,55,22,33,33.1,0.6,1.9,0.327,1.4,0.1,0.6,0.212,0.361
2023-24,2544,LeBron James,1610612747,LAL,71,41,30,35.3,1.6,4.6,0.345,3.9,0.7,2.1,0.336,0.422
2023-24,1641778,Leaky Black,1610612766,CHA,26,2,24,10.9,0.1,0.2,0.4,0.2,0.0,0.0,,0.4
2023-24,1631159,Leonard Miller,1610612750,MIN,17,13,4,3.1,0.2,0.2,1.0,0.4,0.0,0.0,,1.0
2023-24,1631311,Lester Quinones,1610612744,GSW,37,24,13,10.7,0.4,1.0,0.378,1.0,0.2,0.6,0.375,0.5
2023-24,1629623,Lindell Wigginton,1610612749,MIL,3,3,0,2.5,0.0,0.0,,0.0,0.0,0.0,,
2023-24,1630322,Lindy Waters III,1610612760,OKC,38,25,13,7.4,0.2,0.7,0.308,0.6,0.2,0.6,0.381,0.462
2023-24,1629022,Lonnie Walker IV,1610612751,BKN,58,23,35,17.4,1.0,2.9,0.357,2.7,0.6,1.6,0.394,0.467
2023-24,1629652,Luguentz Dort,1610612760,OKC,79,54,25,28.4,0.5,1.2,0.412,1.2,0.2,0.5,0.366,0.49
2023-24,1629029,Luka Doncic,1610612742,DAL,70,46,24,37.5,5.9,14.2,0.413,14.9,3.2,8.4,0.378,0.525
2023-24,1630568,Luka Garza,1610612750,MIN,25,17,8,4.9,0.1,0.2,0.5,0.3,0.0,0.1,0.5,0.583
2023-24,1629677,Luka Samanic,1610612762,UTA,43,15,28,9.4,0.0,0.1,0.333,0.0,0.0,0.0,0.0,0.333
2023-24,1628379,Luke Kennard,1610612763,MEM,39,15,24,25.6,0.8,2.4,0.326,1.9,0.4,1.3,0.306,0.408
2023-24,1628436,Luke Kornet,1610612738,BOS,63,48,15,15.6,0.0,0.0,,0.0,0.0,0.0,,
2023-24,1630201,Malachi Flynn,1610612765,DET,69,28,41,12.7,0.8,1.9,0.405,1.9,0.4,1.1,0.329,0.5
2023-24,1631103,Malaki Branham,1610612759,SAS,75,18,57,21.3,0.7,2.1,0.338,1.6,0.2,0.6,0.277,0.378
2023-24,1627763,Malcolm Brogdon,1610612757,POR,39,15,24,28.7,1.8,5.3,0.341,4.2,0.6,2.1,0.288,0.397
2023-24,1630608,Malcolm Cazalon,1610612765,DET,1,0,1,2.6,0.0,0.0,,0.0,,,,
2023-24,1627736,Malik Beasley,1610612749,MIL,79,46,33,29.6,0.8,2.1,0.395,2.2,0.5,1.5,0.357,0.518
2023-24,1628370,Malik Monk,1610612758,SAC,72,42,30,26.0,1.8,4.5,0.393,4.3,0.8,2.5,0.322,0.48
2023-24,1642013,Malik Williams,1610612761,TOR,7,2,5,15.2,0.1,0.1,1.0,0.3,0.0,0.0,,1.0
2023-24,1629603,Mamadi Diakite,1610612752,NYK,6,5,1,4.1,0.0,0.0,,0.0,0.0,0.0,,
2023-24,1641970,Maozinha Pereira,1610612763,MEM,7,2,5,17.4,0.0,0.3,0.0,0.0,0.0,0.1,0.0,0.0
2023-24,1630699,MarJon Beauchamp,1610612749,MIL,48,30,18,12.7,0.4,0.9,0.386,0.8,0.1,0.5,0.24,0.455
2023-24,202694,Marcus Morris Sr.,1610612739,CLE,49,26,23,16.7,0.9,2.1,0.404,1.8,0.1,0.3,0.313,0.428
2023-24,1631204,Marcus Sasser,1610612765,DET,71,11,60,19.0,1.7,4.2,0.403,4.1,0.7,1.9,0.377,0.49
2023-24,203935,Marcus Smart,1610612763,MEM,20,7,13,30.2,1.2,3.1,0.371,2.6,0.3,1.5,0.207,0.419
2023-24,1631109,Mark Williams,1610612766,CHA,19,7,12,26.8,0.0,0.0,,0.0,,,,
2023-24,1628365,Markelle Fultz,1610612753,ORL,43,25,18,21.2,0.7,2.0,0.369,1.4,0.0,0.1,0.0,0.369
2023-24,202693,Markieff Morris,1610612742,DAL,26,15,11,8.3,0.2,0.7,0.316,0.6,0.1,0.2,0.6,0.395
2023-24,1641806,Markquis Nowell,1610612761,TOR,1,0,1,3.5,0.0,0.0,,0.0,,,,
2023-24,1629716,Marques Bolden,1610612766,CHA,11,5,6,11.0,0.1,0.2,0.5,0.2,0.0,0.0,,0.5
2023-24,1628963,Marvin Bagley III,1610612764,WAS,50,7,43,21.1,0.1,0.2,0.417,0.2,0.0,0.0,0.0,0.417
2023-24,1630222,Mason Jones,1610612758,SAC,5,3,2,5.5,0.0,0.8,0.0,0.0,0.0,0.8,0.0,0.0
2023-24,203486,Mason Plumlee,1610612746,LAC,46,29,17,14.7,0.0,0.0,0.0,0.0,0.0,0.0,0.0,0.0
2023-24,1629680,Matisse Thybulle,1610612757,POR,65,18,47,22.9,0.1,0.4,0.192,0.2,0.0,0.3,0.143,0.25
2023-24,1630562,Matt Hurt,1610612763,MEM,8,2,6,14.2,0.3,0.6,0.4,0.6,0.1,0.3,0.5,0.5
2023-24,1630346,Matt Ryan,1610612740,NOP,28,14,14,13.9,0.2,0.8,0.273,0.6,0.1,0.3,0.444,0.364
2023-24,1631108,Max Christie,1610612747,LAL,67,38,29,14.1,0.4,0.9,0.393,0.8,0.1,0.3,0.227,0.434
2023-24,1629622,Max Strus,1610612739,CLE,70,43,27,32.0,0.3,1.0,0.29,0.8,0.2,0.8,0.241,0.384
2023-24,1628467,Maxi Kleber,1610612742,DAL,43,27,16,20.3,0.2,0.3,0.5,0.3,0.0,0.0,0.0,0.5
2023-24,1641721,Maxwell Lewis,1610612747,LAL,34,18,16,3.0,0.0,0.2,0.143,0.1,0.0,0.1,0.0,0.143
2023-24,1630695,Micah Potter,1610612762,UTA,16,3,13,11.6,0.1,0.2,0.333,0.2,0.1,0.1,0.5,0.5
2023-24,1629008,Michael Porter Jr.,1610612743,DEN,81,57,24,31.7,1.5,3.8,0.397,3.6,0.5,1.7,0.304,0.465
2023-24,1628969,Mikal Bridges,1610612751,BKN,82,32,50,34.8,2.0,5.2,0.385,4.5,0.5,1.5,0.339,0.436
2023-24,201144,Mike Conley,1610612750,MIN,76,53,23,28.9,1.6,3.9,0.423,4.5,1.3,2.7,0.457,0.585
2023-24,203488,Mike Muscala,1610612760,OKC,53,17,36,11.3,0.0,0.2,0.25,0.1,0.0,0.1,0.25,0.313
2023-24,1628970,Miles Bridges,1610612766,CHA,69,17,52,37.4,1.4,4.5,0.319,3.5,0.6,2.2,0.291,0.39
2023-24,1630540,Miles McBride,1610612752,NYK,68,42,26,19.5,1.0,2.3,0.414,2.3,0.4,1.1,0.372,0.506
2023-24,1629011,Mitchell Robinson,1610612752,NYK,31,19,12,24.8,0.0,0.0,,0.0,,,,
2023-24,1628964,Mo Bamba,1610612755,PHI,57,30,27,13.0,0.0,0.1,0.0,0.0,0.0,0.1,0.0,0.0
2023-24,1628420,Monte Morris,1610612750,MIN,33,21,12,14.4,0.7,2.0,0.358,1.5,0.1,0.5,0.167,0.381
2023-24,1629021,Moritz Wagner,1610612753,ORL,80,46,34,17.7,0.0,0.1,0.125,0.0,0.0,0.0,0.0,0.125
2023-24,1629650,Moses Brown,1610612757,POR,22,4,18,9.1,0.0,0.0,,0.0,,,,
2023-24,1630541,Moses Moody,1610612744,GSW,66,38,28,17.5,0.4,0.9,0.41,0.9,0.2,0.3,0.522,0.508
2023-24,1631338,Mouhamadou Gueye,1610612761,TOR,11,0,11,10.9,0.1,0.1,1.0,0.2,0.0,0.0,,1.0
2023-24,1631243,Mouhamed Gueye,1610612737,ATL,6,2,4,12.1,0.0,0.2,0.0,0.0,0.0,0.0,,0.0
2023-24,1631217,Moussa Diabate,1610612746,LAC,11,7,4,5.8,0.0,0.0,,0.0,,,,
2023-24,1626167,Myles Turner,1610612754,IND,77,45,32,27.0,0.4,0.8,0.422,0.7,0.0,0.2,0.118,0.438
2023-24,1630230,Naji Marshall,1610612740,NOP,66,41,25,19.0,0.2,0.7,0.306,0.5,0.0,0.2,0.214,0.337
2023-24,1629642,Nassir Little,1610612756,PHX,45,28,17,10.2,0.1,0.3,0.4,0.3,0.0,0.2,0.286,0.467
2023-24,1630207,Nate Hinton,1610612745,HOU,15,8,7,5.0,0.3,0.5,0.571,0.8,0.3,0.3,0.8,0.857
2023-24,1631466,Nate Williams,1610612745,HOU,22,11,11,5.9,0.0,0.0,0.0,0.0,0.0,0.0,,0.0
2023-24,1641877,Nathan Mensah,1610612766,CHA,25,3,22,12.3,0.0,0.0,0.0,0.0,,,,0.0
2023-24,1629675,Naz Reid,1610612750,MIN,81,56,25,24.2,0.2,0.6,0.391,0.5,0.0,0.2,0.231,0.424
2023-24,1629674,Neemias Queta,1610612738,BOS,28,24,4,11.9,0.0,0.0,,0.0,,,,
2023-24,1629651,Nic Claxton,1610612751,BKN,71,27,44,29.8,0.0,0.1,0.0,0.0,0.0,0.0,0.0,0.0
2023-24,1630208,Nick Richards,1610612766,CHA,67,14,53,26.2,0.0,0.1,0.6,0.1,0.0,0.0,,0.6
2023-24,1641733,Nick Smith Jr.,1610612766,CHA,51,9,42,14.3,0.7,2.4,0.314,1.7,0.3,0.7,0.342,0.368
2023-24,1629638,Nickeil Alexander-Walker,1610612750,MIN,82,56,26,23.4,0.5,1.4,0.333,1.1,0.2,0.9,0.286,0.423
2023-24,201587,Nicolas Batum,1610612755,PHI,60,36,24,25.5,0.1,0.4,0.364,0.4,0.1,0.3,0.375,0.5
2023-24,203999,Nikola Jokic,1610612743,DEN,79,55,24,34.6,0.9,2.1,0.405,1.9,0.2,0.7,0.296,0.452
2023-24,1631107,Nikola Jovic,1610612748,MIA,46,24,22,19.5,0.3,0.7,0.387,0.7,0.2,0.5,0.455,0.548
2023-24,202696,Nikola Vucevic,1610612741,CHI,76,36,40,34.3,0.6,1.3,0.46,1.2,0.0,0.0,,0.46
2023-24,1641730,Noah Clowney,1610612751,BKN,23,10,13,16.1,0.0,0.0,0.0,0.0,0.0,0.0,0.0,0.0
2023-24,1626181,Norman Powell,1610612746,LAC,76,48,28,26.2,1.2,2.9,0.395,2.8,0.5,1.5,0.31,0.473
2023-24,1628384,OG Anunoby,1610612752,NYK,50,31,19,34.0,0.8,2.0,0.388,1.7,0.2,0.7,0.242,0.429
2023-24,1630167,Obi Toppin,1610612754,IND,82,47,35,21.1,0.2,0.5,0.378,0.5,0.1,0.3,0.417,0.514
2023-24,1630534,Ochai Agbaji,1610612761,TOR,78,31,47,21.0,0.2,0.6,0.34,0.5,0.1,0.3,0.333,0.436
2023-24,1630846,Olivier Sarr,1610612760,OKC,15,8,7,6.5,0.0,0.0,,0.0,0.0,0.0,,
2023-24,1641765,Olivier-Maxence Prosper,1610612742,DAL,40,24,16,8.4,0.1,0.2,0.375,0.2,0.0,0.1,0.5,0.438
2023-24,1630209,Omer Yurtseven,1610612762,UTA,48,17,31,11.4,0.0,0.1,0.4,0.1,0.0,0.0,0.0,0.4
2023-24,1641931,Onuralp Bitim,1610612741,CHI,23,11,12,11.7,0.2,0.7,0.313,0.5,0.0,0.2,0.2,0.344
2023-24,1630168,Onyeka Okongwu,1610612737,ATL,55,23,32,25.5,0.0,0.0,1.0,0.0,0.0,0.0,,1.0
2023-24,1631115,Orlando Robinson,1610612748,MIA,36,20,16,8.4,0.0,0.1,0.0,0.0,0.0,0.0,,0.0
2023-24,1631131,Oscar Tshiebwe,1610612754,IND,8,2,6,5.2,0.0,0.0,,0.0,,,,
2023-24,1629052,Oshae Brissett,1610612738,BOS,55,46,9,11.5,0.1,0.2,0.231,0.1,0.0,0.1,0.0,0.231
2023-24,203490,Otto Porter Jr.,1610612761,TOR,15,6,9,11.6,0.0,0.1,0.0,0.0,0.0,0.1,0.0,0.0
2023-24,1631172,Ousmane Dieng,1610612760,OKC,33,21,12,11.1,0.2,0.7,0.227,0.3,0.0,0.3,0.091,0.25
2023-24,200782,P.J. Tucker,1610612746,LAC,31,13,18,15.7,0.0,0.0,,0.0,0.0,0.0,,
2023-24,1629023,P.J. Washington,1610612742,DAL,73,30,43,30.4,0.4,1.3,0.283,0.9,0.2,0.7,0.222,0.348
2023-24,1631094,Paolo Banchero,1610612753,ORL,80,46,34,35.0,2.9,7.6,0.382,6.6,0.8,2.6,0.322,0.437
2023-24,1627783,Pascal Siakam,1610612754,IND,80,38,42,33.2,1.5,3.4,0.43,3.0,0.0,0.2,0.105,0.434
2023-24,1626192,Pat Connaughton,1610612749,MIL,76,45,31,22.1,0.1,0.3,0.458,0.4,0.1,0.3,0.455,0.667
2023-24,1630311,Pat Spencer,1610612744,GSW,6,4,2,4.3,0.0,0.0,,0.0,0.0,0.0,,
2023-24,1631116,Patrick Baldwin Jr.,1610612764,WAS,38,6,32,13.0,0.1,0.5,0.111,0.1,0.0,0.3,0.091,0.139
2023-24,201976,Patrick Beverley,1610612749,MIL,73,43,30,20.0,0.4,1.2,0.322,1.0,0.2,0.7,0.313,0.406
2023-24,1630172,Patrick Williams,1610612741,CHI,43,19,24,27.3,1.0,2.1,0.457,2.1,0.2,0.3,0.5,0.495
2023-24,201988,Patty Mills,1610612748,MIA,32,15,17,13.0,0.5,1.3,0.415,1.2,0.2,0.5,0.294,0.476
2023-24,202331,Paul George,1610612746,LAC,74,48,26,33.8,2.9,7.0,0.408,6.9,1.2,3.3,0.358,0.493
2023-24,1630194,Paul Reed,1610612755,PHI,82,47,35,19.4,0.1,0.4,0.333,0.3,0.0,0.1,0.5,0.379
2023-24,1630202,Payton Pritchard,1610612738,BOS,82,64,18,22.3,1.0,2.4,0.406,2.4,0.4,1.4,0.306,0.492
2023-24,1631250,Pete Nance,1610612739,CLE,8,3,5,3.4,0.0,0.3,0.0,0.0,0.0,0.0,,0.0
2023-24,1631212,Peyton Watson,1610612743,DEN,80,56,24,18.6,0.3,0.8,0.429,0.7,0.0,0.2,0.167,0.444
2023-24,1630173,Precious Achiuwa,1610612752,NYK,74,40,34,21.9,0.1,0.4,0.194,0.2,0.0,0.1,0.2,0.21
2023-24,1629656,Quentin Grimes,1610612765,DET,51,32,19,20.1,0.3,1.3,0.258,1.0,0.3,1.0,0.288,0.371
2023-24,1631245,Quenton Jackson,1610612754,IND,3,3,0,3.5,0.0,0.0,,0.0,,,,
2023-24,1630181,R.J. Hampton,1610612748,MIA,8,3,5,9.5,0.1,0.3,0.5,0.3,0.0,0.0,,0.5
2023-24,1629628,RJ Barrett,1610612761,TOR,58,26,32,31.7,0.3,1.1,0.313,0.7,0.1,0.2,0.231,0.336
2023-24,1630564,RaiQuan Gray,1610612759,SAS,3,2,1,13.0,0.3,0.7,0.5,0.7,0.0,0.0,,0.5
2023-24,1641712,Rayan Rupert,1610612757,POR,39,7,32,16.2,0.2,0.7,0.296,0.6,0.2,0.4,0.467,0.426
2023-24,203493,Reggie Bullock Jr.,1610612745,HOU,44,24,20,9.5,0.1,0.3,0.417,0.3,0.1,0.2,0.5,0.583
2023-24,202704,Reggie Jackson,1610612743,DEN,82,57,25,22.2,1.1,3.2,0.351,2.7,0.4,1.3,0.314,0.413
2023-24,1626158,Richaun Holmes,1610612764,WAS,40,13,27,13.9,0.0,0.1,0.0,0.0,0.0,0.0,,0.0
2023-24,1641741,Ricky Council IV,1610612755,PHI,32,15,17,9.0,0.2,0.4,0.385,0.3,0.0,0.2,0.2,0.423
2023-24,203496,Robert Covington,1610612755,PHI,29,20,9,16.8,0.1,0.2,0.5,0.3,0.1,0.2,0.6,0.75
2023-24,1629057,Robert Williams III,1610612757,POR,6,2,4,19.8,0.0,0.0,,0.0,,,,
2023-24,201577,Robin Lopez,1610612749,MIL,16,10,6,4.0,0.0,0.0,,0.0,0.0,0.0,,
2023-24,1631199,Ron Harper Jr.,1610612761,TOR,1,1,0,3.7,0.0,0.0,,0.0,,,,
2023-24,1626220,Royce O'Neale,1610612756,PHX,79,38,41,24.7,0.4,1.2,0.359,1.2,0.4,1.1,0.341,0.516
2023-24,203497,Rudy Gobert,1610612750,MIN,76,53,23,34.1,0.0,0.0,0.0,0.0,0.0,0.0,,0.0
2023-24,1629060,Rui Hachimura,1610612747,LAL,68,40,28,26.8,0.6,1.5,0.423,1.3,0.0,0.1,0.5,0.433
2023-24,201566,Russell Westbrook,1610612746,LAC,68,45,23,22.5,0.6,1.7,0.36,1.4,0.2,0.5,0.314,0.408
2023-24,1627853,Ryan Arcidiacono,1610612752,NYK,20,15,5,2.3,0.0,0.0,,0.0,0.0,0.0,,
2023-24,1631157,Ryan Rollins,1610612749,MIL,13,1,12,6.0,0.2,0.5,0.429,0.5,0.1,0.1,1.0,0.5
2023-24,1630240,Saben Lee,1610612756,PHX,24,15,9,7.7,0.1,0.3,0.333,0.2,0.0,0.1,0.0,0.333
2023-24,1630180,Saddiq Bey,1610612737,ATL,63,28,35,32.7,0.4,1.6,0.283,1.2,0.3,1.1,0.304,0.389
2023-24,1630573,Sam Hauser,1610612738,BOS,79,62,17,22.0,0.4,0.8,0.475,1.0,0.2,0.5,0.419,0.623
2023-24,1630241,Sam Merrill,1610612739,CLE,61,36,25,17.5,0.4,1.5,0.27,1.2,0.4,1.3,0.288,0.399
2023-24,1630572,Sandro Mamukelashvili,1610612759,SAS,46,12,34,9.8,0.2,0.3,0.6,0.5,0.1,0.2,0.571,0.733
2023-24,1630583,Santi Aldama,1610612763,MEM,61,23,38,26.5,0.3,1.1,0.294,0.8,0.1,0.6,0.257,0.36
2023-24,1628426,Sasha Vezenkov,1610612758,SAC,42,22,20,12.2,0.1,0.4,0.278,0.3,0.1,0.3,0.308,0.389
2023-24,1630703,Scoot Henderson,1610612757,POR,62,18,44,28.5,2.1,5.5,0.379,5.0,0.8,2.3,0.333,0.448
2023-24,1630567,Scottie Barnes,1610612761,TOR,60,22,38,34.9,1.0,3.1,0.317,2.1,0.2,1.1,0.175,0.347
2023-24,1630590,Scotty Pippen Jr.,1610612763,MEM,21,5,16,25.1,1.0,2.5,0.385,2.3,0.4,1.0,0.381,0.462
2023-24,203552,Seth Curry,1610612766,CHA,44,25,19,14.0,0.5,1.8,0.312,1.2,0.1,0.4,0.263,0.344
2023-24,1641754,Seth Lundy,1610612737,ATL,9,2,7,5.8,0.1,0.1,1.0,0.2,0.0,0.0,,1.0
2023-24,1631101,Shaedon Sharpe,1610612757,POR,32,8,24,33.1,2.0,5.8,0.342,5.0,1.0,3.4,0.296,0.428
2023-24,1628983,Shai Gilgeous-Alexander,1610612760,OKC,75,55,20,34.0,4.7,10.0,0.476,10.4,0.9,2.6,0.356,0.522
2023-24,1629003,Shake Milton,1610612752,NYK,48,32,16,12.1,0.5,1.4,0.385,1.1,0.1,0.4,0.235,0.415
2023-24,1627885,Shaquille Harrison,1610612763,MEM,3,1,2,2.0,0.0,0.0,,0.0,,,,
2023-24,1631321,Sidy Cissoko,1610612759,SAS,12,5,7,11.7,0.0,0.1,0.0,0.0,0.0,0.0,,0.0
2023-24,1631323,Simone Fontecchio,1610612765,DET,66,29,37,24.9,0.3,0.9,0.298,0.7,0.1,0.5,0.29,0.377
2023-24,1630219,Skylar Mays,1610612747,LAL,38,14,24,11.4,0.6,1.3,0.42,1.2,0.1,0.3,0.308,0.46
2023-24,203915,Spencer Dinwiddie,1610612747,LAL,76,38,38,28.3,0.7,2.5,0.298,1.9,0.4,1.7,0.26,0.388
2023-24,1630649,Stanley Umude,1610612765,DET,24,4,20,12.8,0.1,0.5,0.273,0.3,0.0,0.1,0.5,0.318
2023-24,201939,Stephen Curry,1610612744,GSW,74,43,31,32.7,3.4,8.9,0.38,9.0,2.3,6.1,0.373,0.507
2023-24,1629004,Svi Mykhailiuk,1610612738,BOS,41,32,9,10.1,0.4,0.9,0.417,1.0,0.3,0.7,0.481,0.597
2023-24,204456,T.J. McConnell,1610612754,IND,71,40,31,18.2,1.2,2.4,0.48,2.4,0.1,0.2,0.429,0.497
2023-24,203933,T.J. Warren,1610612750,MIN,11,7,4,11.3,0.3,0.9,0.3,0.5,0.0,0.0,,0.3
2023-24,201959,Taj Gibson,1610612765,DET,20,8,12,10.2,0.1,0.1,1.0,0.1,0.0,0.0,,1.0
2023-24,1629659,Talen Horton-Tucker,1610612762,UTA,51,14,37,19.8,0.7,2.6,0.261,1.8,0.4,1.4,0.282,0.336
2023-24,1631106,Tari Eason,1610612745,HOU,22,12,10,21.8,0.4,0.7,0.6,0.8,0.0,0.0,0.0,0.6
2023-24,1627752,Taurean Prince,1610612747,LAL,78,44,34,27.0,0.5,1.3,0.388,1.2,0.3,0.7,0.37,0.49
2023-24,1641707,Taylor Hendricks,1610612762,UTA,40,13,27,21.4,0.2,0.6,0.304,0.4,0.1,0.2,0.222,0.348
2023-24,1631386,Taze Moore,1610612757,POR,4,1,3,10.1,0.0,0.0,,0.0,0.0,0.0,,
2023-24,1629611,Terance Mann,1610612746,LAC,75,47,28,25.0,0.4,1.1,0.413,1.0,0.2,0.5,0.353,0.488
2023-24,1631173,Terquavion Smith,1610612755,PHI,16,8,8,5.3,0.1,0.8,0.167,0.4,0.1,0.6,0.222,0.25
2023-24,1626179,Terry Rozier,1610612748,MIA,61,22,39,33.4,3.0,7.3,0.412,7.4,1.4,3.8,0.376,0.508
2023-24,1630678,Terry Taylor,1610612741,CHI,31,12,19,6.1,0.0,0.0,0.0,0.0,0.0,0.0,0.0,0.0
2023-24,201152,Thaddeus Young,1610612756,PHX,33,12,21,13.3,0.1,0.1,0.667,0.1,0.0,0.0,,0.667
2023-24,203648,Thanasis Antetokounmpo,1610612749,MIL,34,21,13,4.6,0.0,0.1,0.0,0.0,0.0,0.0,0.0,0.0
2023-24,1630177,Theo Maledon,1610612756,PHX,17,5,12,12.5,0.2,0.9,0.188,0.4,0.1,0.5,0.125,0.219
2023-24,1628418,Thomas Bryant,1610612748,MIA,38,22,16,11.6,0.0,0.2,0.143,0.1,0.0,0.1,0.0,0.143
2023-24,203501,Tim Hardaway Jr.,1610612742,DAL,79,49,30,26.8,1.7,4.4,0.383,4.2,0.8,2.2,0.345,0.47
2023-24,1641851,Timmy Allen,1610612763,MEM,5,0,5,25.1,0.8,2.2,0.364,1.6,0.0,0.0,,0.364
2023-24,202699,Tobias Harris,1610612755,PHI,70,41,29,33.8,1.5,3.6,0.43,3.2,0.2,0.7,0.265,0.456
2023-24,1628470,Torrey Craig,1610612741,CHI,53,22,31,19.8,0.2,0.4,0.476,0.5,0.1,0.2,0.6,0.619
2023-24,1641787,Tosan Evbuomwan,1610612765,DET,17,1,16,21.6,0.1,0.1,1.0,0.1,0.0,0.0,,1.0
2023-24,1641739,Toumani Camara,1610612757,POR,70,19,51,24.8,0.1,0.3,0.25,0.2,0.1,0.2,0.333,0.35
2023-24,1629027,Trae Young,1610612737,ATL,54,22,32,36.0,4.2,10.4,0.404,10.9,2.4,6.5,0.373,0.52
2023-24,1631218,Trayce Jackson-Davis,1610612744,GSW,68,39,29,16.6,0.0,0.0,0.0,0.0,0.0,0.0,0.0,0.0
2023-24,1630200,Tre Jones,1610612759,SAS,77,21,56,27.8,0.6,1.7,0.323,1.2,0.1,0.5,0.238,0.361
2023-24,1630544,Tre Mann,1610612766,CHA,41,21,20,24.1,1.0,2.8,0.353,2.5,0.5,1.5,0.339,0.444
2023-24,1630570,Trendon Watford,1610612751,BKN,63,25,38,13.6,0.2,0.4,0.407,0.4,0.0,0.1,0.4,0.444
2023-24,1630235,Trent Forrest,1610612737,ATL,38,18,20,10.9,0.1,0.5,0.278,0.3,0.0,0.1,0.0,0.278
2023-24,1630243,Trevelin Queen,1610612753,ORL,14,5,9,11.8,0.1,0.8,0.182,0.4,0.1,0.6,0.125,0.227
2023-24,1641998,Trey Jemison,1610612763,MEM,25,5,20,23.0,0.2,0.6,0.4,0.5,,,,0.4
2023-24,1626168,Trey Lyles,1610612758,SAC,58,33,25,20.0,0.1,0.4,0.217,0.2,0.0,0.2,0.154,0.261
2023-24,1630530,Trey Murphy III,1610612740,NOP,57,35,22,29.7,0.8,2.1,0.388,2.3,0.6,1.6,0.387,0.537
2023-24,202684,Tristan Thompson,1610612739,CLE,49,28,21,11.2,0.0,0.0,0.0,0.0,0.0,0.0,0.0,0.0
2023-24,1641774,Tristan Vukcevic,1610612764,WAS,10,3,7,15.3,0.3,0.8,0.375,0.7,0.1,0.4,0.25,0.438
2023-24,1628972,Troy Brown Jr.,1610612765,DET,59,30,29,14.0,0.3,0.8,0.354,0.7,0.1,0.4,0.286,0.417
2023-24,1629660,Ty Jerome,1610612739,CLE,2,1,1,7.4,0.0,0.0,,0.0,0.0,0.0,,
2023-24,1631102,TyTy Washington Jr.,1610612749,MIL,11,5,6,5.1,0.2,1.0,0.182,0.4,0.0,0.1,0.0,0.182
2023-24,1629639,Tyler Herro,1610612748,MIA,42,23,19,33.5,3.4,7.9,0.427,8.1,1.4,3.7,0.37,0.514
2023-24,1630169,Tyrese Haliburton,1610612754,IND,69,40,29,32.2,3.4,8.4,0.404,8.8,2.0,5.8,0.346,0.523
2023-24,1630178,Tyrese Maxey,1610612755,PHI,70,43,27,37.5,2.9,8.3,0.346,7.4,1.6,4.9,0.328,0.443
2023-24,1626145,Tyus Jones,1610612764,WAS,66,11,55,29.3,1.7,3.7,0.449,3.7,0.4,1.1,0.387,0.508
2023-24,1628962,Udoka Azubuike,1610612756,PHX,16,12,4,7.1,0.0,0.0,,0.0,,,,
2023-24,1630586,Usman Garuba,1610612744,GSW,6,5,1,3.0,0.0,0.0,,0.0,0.0,0.0,,
2023-24,203995,Vasilije Micic,1610612766,CHA,60,34,26,19.6,0.8,2.4,0.329,2.0,0.4,1.4,0.277,0.408
2023-24,1641705,Victor Wembanyama,1610612759,SAS,71,19,52,29.7,1.4,4.1,0.344,3.7,0.9,2.4,0.375,0.451
2023-24,1631246,Vince Williams Jr.,1610612763,MEM,52,18,34,27.6,0.4,1.1,0.357,1.0,0.2,0.7,0.343,0.464
2023-24,1630249,Vit Krejci,1610612737,ATL,22,9,13,24.6,0.4,1.0,0.348,0.9,0.2,0.7,0.267,0.435
2023-24,1631117,Walker Kessler,1610612762,UTA,64,26,38,23.3,0.0,0.0,,0.0,0.0,0.0,,
2023-24,1628976,Wendell Carter Jr.,1610612753,ORL,55,30,25,25.6,0.1,0.2,0.364,0.2,0.0,0.1,0.25,0.409
2023-24,1631111,Wendell Moore Jr.,1610612750,MIN,25,18,7,3.0,0.0,0.2,0.2,0.1,0.0,0.1,0.0,0.2
2023-24,1629117,Wenyen Gabriel,1610612763,MEM,5,1,4,16.2,0.0,0.8,0.0,0.0,0.0,0.4,0.0,0.0
2023-24,202083,Wesley Matthews,1610612737,ATL,36,11,25,11.5,0.1,0.6,0.227,0.4,0.1,0.4,0.313,0.341
2023-24,1629875,Xavier Moon,1610612746,LAC,14,7,7,8.5,0.9,1.6,0.522,1.9,0.1,0.4,0.333,0.565
2023-24,1630214,Xavier Tillman,1610612738,BOS,54,30,24,18.0,0.0,0.1,0.125,0.0,0.0,0.1,0.0,0.125
2023-24,1629139,Yuta Watanabe,1610612763,MEM,34,18,16,13.7,0.1,0.4,0.231,0.2,0.0,0.1,0.0,0.231
2023-24,1628380,Zach Collins,1610612759,SAS,69,19,50,22.1,0.2,0.5,0.455,0.4,0.0,0.1,0.2,0.47
2023-24,203897,Zach LaVine,1610612741,CHI,25,10,15,34.9,2.8,6.9,0.405,7.2,1.6,4.3,0.364,0.517
2023-24,1630285,Zavier Simpson,1610612763,MEM,7,1,6,23.1,0.4,2.1,0.2,1.0,0.1,0.7,0.2,0.233
2023-24,1630192,Zeke Nnaji,1610612743,DEN,58,41,17,9.9,0.0,0.1,0.2,0.0,0.0,0.0,0.0,0.2
2023-24,1630533,Ziaire Williams,1610612763,MEM,51,20,31,20.3,0.5,1.6,0.298,1.1,0.1,0.6,0.156,0.327
2023-24,1629627,Zion Williamson,1610612740,NOP,70,42,28,31.5,0.1,0.5,0.265,0.3,0.0,0.1,0.25,0.279
2022-23,1630639,A.J. Lawson,1610612742,DAL,15,5,10,7.2,0.0,0.2,0.0,0.0,0.0,0.1,0.0,0.0
2022-23,1631260,AJ Green,1610612749,MIL,35,27,8,9.9,0.4,1.0,0.389,1.0,0.2,0.7,0.348,0.5
2022-23,1631100,AJ Griffin,1610612737,ATL,72,34,38,19.5,1.2,2.5,0.489,2.9,0.4,0.8,0.467,0.566
2022-23,203932,Aaron Gordon,1610612743,DEN,68,45,23,30.2,0.6,1.7,0.351,1.5,0.3,0.9,0.39,0.452
2022-23,1628988,Aaron Holiday,1610612737,ATL,63,32,31,13.4,0.4,1.1,0.38,1.0,0.1,0.4,0.346,0.444
2022-23,1630174,Aaron Nesmith,1610612754,IND,73,30,43,24.9,0.5,1.2,0.435,1.3,0.3,0.6,0.442,0.547
2022-23,1630598,Aaron Wiggins,1610612760,OKC,70,37,33,18.5,0.1,0.2,0.353,0.2,0.1,0.1,0.5,0.471
2022-23,1629678,Admiral Schofield,1610612753,ORL,37,14,23,12.2,0.0,0.2,0.143,0.1,0.0,0.2,0.167,0.214
2022-23,201143,Al Horford,1610612738,BOS,63,44,19,30.5,0.1,0.3,0.4,0.3,0.0,0.1,0.429,0.475
2022-23,202692,Alec Burks,1610612765,DET,51,12,39,22.0,2.0,4.6,0.426,4.8,0.9,2.2,0.396,0.519
2022-23,1630197,Aleksej Pokusevski,1610612760,OKC,34,16,18,20.6,0.1,0.5,0.278,0.3,0.0,0.1,0.2,0.306
2022-23,1627936,Alex Caruso,1610612741,CHI,67,33,34,23.5,0.1,0.4,0.207,0.2,0.0,0.2,0.231,0.259
2022-23,203458,Alex Len,1610612758,SAC,26,15,11,6.2,0.0,0.0,1.0,0.1,0.0,0.0,,1.0
2022-23,1628993,Alize Johnson,1610612759,SAS,4,1,3,7.4,0.0,0.3,0.0,0.0,0.0,0.3,0.0,0.0
2022-23,1631214,Alondes Williams,1610612751,BKN,1,1,0,5.3,0.0,0.0,,0.0,,,,
2022-23,1630578,Alperen Sengun,1610612745,HOU,75,18,57,28.9,0.2,0.5,0.405,0.4,0.0,0.1,0.0,0.405
2022-23,1629599,Amir Coffey,1610612746,LAC,50,26,24,12.5,0.2,0.7,0.286,0.4,0.0,0.1,0.167,0.3
2022-23,203083,Andre Drummond,1610612741,CHI,67,32,35,12.7,0.0,0.0,0.5,0.0,0.0,0.0,,0.5
2022-23,2738,Andre Iguodala,1610612744,GSW,8,3,5,14.1,0.0,0.1,0.0,0.0,0.0,0.1,0.0,0.0
2022-23,1629614,Andrew Nembhard,1610612754,IND,75,32,43,27.6,1.1,2.9,0.359,2.4,0.3,0.9,0.288,0.402
2022-23,203952,Andrew Wiggins,1610612744,GSW,37,19,18,32.2,1.1,3.1,0.339,2.3,0.2,0.8,0.241,0.37
2022-23,1629014,Anfernee Simons,1610612757,POR,62,27,35,35.0,2.9,7.4,0.395,7.3,1.5,4.1,0.355,0.493
2022-23,203076,Anthony Davis,1610612747,LAL,56,31,25,34.0,1.3,3.0,0.422,2.5,0.0,0.1,0.0,0.422
2022-23,1630162,Anthony Edwards,1610612750,MIN,79,40,39,36.0,2.8,7.9,0.351,7.1,1.5,4.6,0.338,0.448
2022-23,1630264,Anthony Gill,1610612764,WAS,59,21,38,10.6,0.0,0.1,0.125,0.0,0.0,0.1,0.0,0.125
2022-23,1630237,Anthony Lamb,1610612744,GSW,62,36,26,19.3,0.1,0.3,0.25,0.2,0.1,0.2,0.308,0.35
2022-23,1630559,Austin Reaves,1610612747,LAL,64,35,29,28.8,1.2,2.5,0.472,2.7,0.3,0.8,0.4,0.535
2022-23,203085,Austin Rivers,1610612750,MIN,52,25,27,19.5,0.1,0.4,0.143,0.2,0.1,0.3,0.188,0.214
2022-23,1630245,Ayo Dosunmu,1610612741,CHI,80,40,40,26.2,0.4,0.9,0.373,0.7,0.0,0.1,0.4,0.387
2022-23,1628389,Bam Adebayo,1610612748,MIA,75,40,35,34.6,1.4,3.2,0.444,2.8,0.0,0.1,0.0,0.444
2022-23,1627732,Ben Simmons,1610612751,BKN,42,24,18,26.3,0.1,0.4,0.235,0.2,0.0,0.0,0.0,0.235
2022-23,1631097,Bennedict Mathurin,1610612754,IND,78,33,45,28.5,1.1,3.0,0.349,2.7,0.6,1.6,0.349,0.443
2022-23,202687,Bismack Biyombo,1610612756,PHX,61,33,28,14.3,0.0,0.0,0.5,0.0,,,,0.5
2022-23,201933,Blake Griffin,1610612738,BOS,41,27,14,13.9,0.0,0.2,0.125,0.1,0.0,0.2,0.125,0.188
2022-23,1631104,Blake Wesley,1610612759,SAS,37,9,28,18.1,0.3,1.6,0.183,0.7,0.1,0.2,0.375,0.208
2022-23,1626246,Boban Marjanovic,1610612745,HOU,31,7,24,5.5,0.1,0.3,0.444,0.3,0.0,0.0,,0.444
2022-23,1626171,Bobby Portis,1610612749,MIL,70,47,23,26.0,0.8,2.1,0.384,1.6,0.0,0.1,0.143,0.387
2022-23,203992,Bogdan Bogdanovic,1610612737,ATL,54,27,27,27.9,1.6,3.8,0.411,3.9,0.8,1.8,0.432,0.51
2022-23,202711,Bojan Bogdanovic,1610612765,DET,59,15,44,32.1,2.4,5.5,0.437,5.4,0.6,1.7,0.327,0.488
2022-23,1629626,Bol Bol,1610612753,ORL,70,26,44,21.5,0.6,1.8,0.331,1.4,0.2,0.6,0.244,0.374
2022-23,1630538,Bones Hyland,1610612746,LAC,56,36,20,19.4,1.5,4.1,0.357,3.9,1.0,2.8,0.364,0.478
2022-23,203078,Bradley Beal,1610612764,WAS,50,24,26,33.5,3.2,7.3,0.442,7.2,0.7,2.2,0.33,0.492
2022-23,1630527,Brandon Boston Jr.,1610612746,LAC,22,9,13,11.3,0.9,2.3,0.392,2.1,0.3,0.7,0.467,0.461
2022-23,1629634,Brandon Clarke,1610612763,MEM,56,32,24,19.5,0.1,0.2,0.615,0.3,0.0,0.0,,0.615
2022-23,1627742,Brandon Ingram,1610612740,NOP,45,23,22,34.2,4.2,9.6,0.435,8.7,0.3,1.0,0.326,0.451
2022-23,1630296,Braxton Key,1610612765,DET,3,0,3,3.0,0.3,0.3,1.0,0.7,,,,1.0
2022-23,201572,Brook Lopez,1610612749,MIL,78,57,21,30.4,0.4,1.1,0.393,0.9,0.1,0.3,0.32,0.44
2022-23,1628971,Bruce Brown,1610612743,DEN,80,53,27,28.5,0.6,1.6,0.344,1.2,0.1,0.4,0.25,0.375
2022-23,1628981,Bruno Fernando,1610612737,ATL,39,13,26,10.4,0.0,0.1,0.5,0.1,0.0,0.0,,0.5
2022-23,1631121,Bryce McGowens,1610612766,CHA,46,16,30,17.1,0.2,0.7,0.25,0.4,0.1,0.3,0.308,0.313
2022-23,1627854,Bryn Forbes,1610612750,MIN,25,9,16,10.7,0.5,1.3,0.375,1.1,0.2,0.6,0.286,0.438
2022-23,1631205,Buddy Boeheim,1610612765,DET,10,2,8,9.0,0.0,0.1,0.0,0.0,0.0,0.1,0.0,0.0
2022-23,1627741,Buddy Hield,1610612754,IND,80,35,45,31.0,1.7,3.8,0.431,4.4,1.1,2.4,0.438,0.57
2022-23,203468,CJ McCollum,1610612740,NOP,75,38,37,35.3,3.5,8.2,0.419,7.9,1.0,2.9,0.356,0.482
2022-23,1630595,Cade Cunningham,1610612765,DET,12,3,9,33.3,3.7,8.8,0.415,8.0,0.7,2.8,0.242,0.453
2022-23,1631216,Caleb Houstan,1610612753,ORL,51,20,31,15.9,0.1,0.2,0.4,0.2,0.1,0.1,0.5,0.55
2022-23,1628997,Caleb Martin,1610612748,MIA,71,38,33,29.3,0.6,1.4,0.465,1.5,0.2,0.5,0.417,0.54
2022-23,1629629,Cam Reddish,1610612757,POR,40,14,26,24.7,0.5,1.4,0.327,1.2,0.3,0.8,0.323,0.418
2022-23,1630560,Cam Thomas,1610612751,BKN,57,30,27,16.6,1.6,4.3,0.378,3.8,0.6,1.5,0.368,0.443
2022-23,1629661,Cameron Johnson,1610612751,BKN,42,25,17,28.6,1.1,2.5,0.434,2.4,0.2,0.7,0.345,0.481
2022-23,1626166,Cameron Payne,1610612756,PHX,48,27,21,20.2,1.5,3.7,0.413,3.7,0.6,1.5,0.425,0.5
2022-23,1627747,Caris LeVert,1610612739,CLE,74,45,29,30.2,1.1,3.2,0.356,2.9,0.6,1.5,0.389,0.449
2022-23,1630637,Carlik Jones,1610612741,CHI,7,4,3,8.0,0.3,0.7,0.4,0.6,0.0,0.1,0.0,0.4
2022-23,1626224,Cedi Osman,1610612739,CLE,77,48,29,20.1,0.3,0.9,0.319,0.9,0.3,0.7,0.377,0.458
2022-23,1628435,Chance Comanche,1610612757,POR,1,0,1,20.8,0.0,0.0,,0.0,,,,
2022-23,1629646,Charles Bassey,1610612759,SAS,35,9,26,14.5,0.2,0.3,0.6,0.4,0.1,0.1,0.667,0.7
2022-23,1631320,Chima Moneke,1610612758,SAC,2,1,1,4.0,0.0,0.0,,0.0,,,,
2022-23,1629002,Chimezie Metu,1610612758,SAC,66,41,25,10.4,0.0,0.2,0.143,0.1,0.0,0.1,0.0,0.143
2022-23,1628449,Chris Boucher,1610612761,TOR,76,39,37,20.0,0.1,0.4,0.367,0.3,0.0,0.1,0.2,0.4
2022-23,1630537,Chris Duarte,1610612754,IND,46,19,27,19.5,0.9,3.0,0.297,2.2,0.4,1.5,0.282,0.37
2022-23,101108,Chris Paul,1610612756,PHX,59,33,26,32.0,3.5,8.3,0.426,7.9,0.9,2.9,0.302,0.478
2022-23,1629735,Chris Silva,1610612742,DAL,1,1,0,3.0,0.0,0.0,,0.0,,,,
2022-23,1631128,Christian Braun,1610612743,DEN,76,49,27,15.5,0.1,0.4,0.273,0.3,0.1,0.2,0.4,0.364
2022-23,1631132,Christian Koloko,1610612761,TOR,58,29,29,13.8,0.0,0.0,,0.0,0.0,0.0,,
2022-23,1626174,Christian Wood,1610612742,DAL,67,33,34,25.9,0.4,1.5,0.28,1.0,0.1,0.7,0.196,0.325
2022-23,1629643,Chuma Okeke,1610612753,ORL,27,8,19,19.2,0.1,0.7,0.2,0.4,0.1,0.4,0.2,0.25
2022-23,203991,Clint Capela,1610612737,ATL,65,35,30,26.6,0.0,0.0,0.0,0.0,0.0,0.0,,0.0
2022-23,1629632,Coby White,1610612741,CHI,74,37,37,23.4,0.6,1.8,0.358,1.5,0.2,0.8,0.276,0.418
2022-23,1628998,Cody Martin,1610612766,CHA,7,2,5,19.1,0.1,1.4,0.1,0.3,0.0,0.7,0.0,0.1
2022-23,203469,Cody Zeller,1610612748,MIA,15,6,9,14.4,0.0,0.2,0.0,0.0,0.0,0.0,,0.0
2022-23,1630175,Cole Anthony,1610612753,ORL,60,28,32,25.9,1.7,3.8,0.454,3.8,0.4,1.0,0.386,0.502
2022-23,1631306,Cole Swider,1610612747,LAL,7,2,5,5.9,0.0,0.4,0.0,0.0,0.0,0.3,0.0,0.0
2022-23,1629012,Collin Sexton,1610612762,UTA,48,24,24,23.9,1.0,2.2,0.471,2.5,0.4,0.9,0.465,0.567
2022-23,1630557,Corey Kispert,1610612764,WAS,74,31,43,28.3,0.3,0.7,0.385,0.7,0.2,0.4,0.394,0.51
2022-23,202709,Cory Joseph,1610612765,DET,62,12,50,19.8,0.8,2.2,0.368,2.0,0.3,1.0,0.333,0.445
2022-23,1626156,D'Angelo Russell,1610612747,LAL,71,39,32,32.5,2.6,6.1,0.428,6.3,1.2,3.0,0.383,0.523
2022-23,1630227,Daishen Nix,1610612745,HOU,57,15,42,16.0,0.3,0.9,0.34,0.9,0.3,0.8,0.34,0.491
2022-23,1630625,Dalano Banton,1610612761,TOR,31,17,14,9.0,0.2,1.1,0.152,0.4,0.1,0.4,0.167,0.182
2022-23,1631207,Dalen Terry,1610612741,CHI,38,19,19,5.6,0.2,0.4,0.429,0.4,0.1,0.2,0.375,0.536
2022-23,1627745,Damian Jones,1610612762,UTA,41,12,29,11.6,0.0,0.0,,0.0,0.0,0.0,,
2022-23,203081,Damian Lillard,1610612757,POR,58,27,31,36.3,3.9,9.7,0.405,10.6,2.7,7.4,0.372,0.546
2022-23,1627814,Damion Lee,1610612756,PHX,74,40,34,20.4,0.4,1.3,0.312,0.8,0.0,0.2,0.125,0.323
2022-23,1629655,Daniel Gafford,1610612764,WAS,78,32,46,20.6,0.1,0.1,0.667,0.2,,,,0.667
2022-23,1628464,Daniel Theis,1610612754,IND,7,1,6,15.5,0.0,0.0,,0.0,0.0,0.0,,
2022-23,201980,Danny Green,1610612739,CLE,11,6,5,12.6,0.5,1.0,0.455,1.1,0.2,0.6,0.286,0.545
2022-23,1627863,Danuel House Jr.,1610612755,PHI,56,38,18,14.4,0.4,0.9,0.423,1.0,0.2,0.7,0.351,0.548
2022-23,203967,Dario Saric,1610612760,OKC,57,26,31,14.1,0.1,0.5,0.269,0.3,0.0,0.1,0.2,0.288
2022-23,1629647,Darius Bazley,1610612756,PHX,43,19,24,14.3,0.0,0.3,0.167,0.1,0.0,0.0,0.5,0.208
2022-23,1630620,Darius Days,1610612745,HOU,4,0,4,6.2,0.0,0.0,,0.0,0.0,0.0,,
2022-23,1629636,Darius Garland,1610612739,CLE,69,40,29,35.5,3.0,7.2,0.421,7.4,1.3,3.4,0.391,0.512
2022-23,1630561,David Duke Jr.,1610612751,BKN,23,10,13,9.9,0.1,0.3,0.375,0.3,0.0,0.0,0.0,0.375
2022-23,1631223,David Roddy,1610612763,MEM,70,44,26,18.0,0.2,0.4,0.419,0.4,0.0,0.2,0.231,0.468
2022-23,1630558,Davion Mitchell,1610612758,SAC,80,47,33,18.1,0.6,1.7,0.353,1.4,0.2,0.8,0.262,0.414
2022-23,202722,Davis Bertans,1610612742,DAL,45,20,25,10.9,0.1,0.3,0.429,0.4,0.1,0.3,0.385,0.607
2022-23,1628432,Davon Reed,1610612747,LAL,43,29,14,8.0,0.2,0.7,0.345,0.6,0.1,0.1,0.667,0.414
2022-23,1630549,Day'Ron Sharpe,1610612751,BKN,48,22,26,11.5,0.0,0.0,1.0,0.1,0.0,0.0,1.0,1.5
2022-23,1628368,De'Aaron Fox,1610612758,SAC,73,44,29,33.4,3.5,8.6,0.41,7.9,0.8,2.7,0.301,0.456
2022-23,1629631,De'Andre Hunter,1610612737,ATL,67,35,32,31.7,2.0,3.9,0.51,4.2,0.2,0.5,0.389,0.536
2022-23,1629001,De'Anthony Melton,1610612755,PHI,77,50,27,27.9,0.6,1.8,0.317,1.6,0.4,1.3,0.32,0.43
2022-23,201599,DeAndre Jordan,1610612743,DEN,39,23,16,15.0,0.0,0.0,1.0,0.1,0.0,0.0,,1.0
2022-23,201942,DeMar DeRozan,1610612741,CHI,74,37,37,36.2,4.8,10.1,0.472,9.6,0.1,0.4,0.308,0.478
2022-23,1629731,Dean Wade,1610612739,CLE,44,30,14,20.3,0.0,0.2,0.25,0.1,0.0,0.0,0.5,0.313
2022-23,1629028,Deandre Ayton,1610612756,PHX,67,36,31,30.4,0.5,1.1,0.465,1.0,0.0,0.0,1.0,0.479
2022-23,1627749,Dejounte Murray,1610612737,ATL,74,38,36,36.4,3.9,8.5,0.463,8.5,0.6,1.8,0.364,0.502
2022-23,1626153,Delon Wright,1610612764,WAS,50,26,24,24.4,0.5,1.4,0.377,1.3,0.3,0.9,0.349,0.486
2022-23,1630166,Deni Avdija,1610612764,WAS,76,33,43,26.6,0.1,0.8,0.175,0.4,0.1,0.5,0.189,0.237
2022-23,203471,Dennis Schroder,1610612747,LAL,66,37,29,30.1,1.4,3.2,0.421,2.8,0.1,0.5,0.242,0.439
2022-23,1628372,Dennis Smith Jr.,1610612766,CHA,54,19,35,25.7,0.6,2.3,0.252,1.2,0.0,0.4,0.053,0.256
2022-23,1629126,Deonte Burton,1610612758,SAC,2,1,1,3.2,0.0,0.0,,0.0,0.0,0.0,,
2022-23,1631220,Dereon Seabron,1610612740,NOP,5,2,3,2.3,0.0,0.0,,0.0,,,,
2022-23,1627884,Derrick Jones Jr.,1610612741,CHI,64,29,35,14.0,0.0,0.0,0.667,0.1,0.0,0.0,0.5,0.833
2022-23,201565,Derrick Rose,1610612752,NYK,27,12,15,12.5,0.9,2.1,0.414,2.1,0.4,1.0,0.385,0.5
2022-23,1628401,Derrick White,1610612738,BOS,82,57,25,28.3,0.8,1.9,0.442,2.0,0.3,0.9,0.351,0.529
2022-23,1630217,Desmond Bane,1610612763,MEM,58,38,20,31.7,2.3,5.4,0.42,5.8,1.3,3.3,0.401,0.543
2022-23,1626164,Devin Booker,1610612756,PHX,53,34,19,34.6,4.9,11.0,0.443,10.9,1.2,3.8,0.309,0.497
2022-23,1630170,Devin Vassell,1610612759,SAS,38,12,26,31.0,2.8,7.0,0.4,6.2,0.6,2.1,0.282,0.442
2022-23,1629653,Devon Dotson,1610612764,WAS,6,1,5,8.9,0.0,0.5,0.0,0.0,0.0,0.0,,0.0
2022-23,1628984,Devonte' Graham,1610612759,SAS,73,31,42,18.3,0.9,2.5,0.354,2.4,0.6,1.9,0.329,0.481
2022-23,203473,Dewayne Dedmon,1610612755,PHI,38,23,15,11.2,0.2,0.4,0.643,0.5,0.1,0.1,1.0,0.714
2022-23,1628415,Dillon Brooks,1610612763,MEM,73,46,27,30.3,1.7,5.0,0.345,4.1,0.6,2.1,0.271,0.402
2022-23,1627734,Domantas Sabonis,1610612758,SAC,79,47,32,34.6,0.1,0.3,0.45,0.2,0.0,0.0,0.0,0.45
2022-23,1631230,Dominick Barlow,1610612759,SAS,28,5,23,14.6,0.0,0.0,1.0,0.1,0.0,0.0,,1.0
2022-23,1628378,Donovan Mitchell,1610612739,CLE,68,44,24,35.8,4.1,9.6,0.428,10.4,2.2,5.7,0.392,0.544
2022-23,1631495,Donovan Williams,1610612737,ATL,2,1,1,2.1,0.0,0.5,0.0,0.0,0.0,0.5,0.0,0.0
2022-23,1628978,Donte DiVincenzo,1610612744,GSW,72,42,30,26.3,0.2,1.0,0.236,0.6,0.2,0.7,0.226,0.319
2022-23,1627827,Dorian Finney-Smith,1610612751,BKN,66,31,35,30.4,0.1,0.4,0.231,0.3,0.1,0.3,0.286,0.346
2022-23,203926,Doug McDermott,1610612759,SAS,64,19,45,20.5,0.6,1.6,0.394,1.6,0.3,0.7,0.426,0.49
2022-23,203110,Draymond Green,1610612744,GSW,73,41,32,31.5,0.0,0.2,0.231,0.1,0.0,0.0,0.333,0.269
2022-23,1629234,Drew Eubanks,1610612757,POR,78,31,47,20.3,0.1,0.3,0.435,0.3,0.0,0.0,,0.435
2022-23,1630696,Dru Smith,1610612751,BKN,15,7,8,10.6,0.3,1.0,0.333,0.7,0.0,0.3,0.0,0.333
2022-23,1630613,Duane Washington Jr.,1610612752,NYK,31,17,14,12.7,1.4,3.5,0.393,3.4,0.6,1.5,0.435,0.486
2022-23,1629130,Duncan Robinson,1610612748,MIA,42,19,23,16.4,0.6,1.6,0.403,1.8,0.5,1.3,0.377,0.552
2022-23,203939,Dwight Powell,1610612742,DAL,76,37,39,19.2,0.0,0.0,0.333,0.0,0.0,0.0,0.0,0.333
2022-23,1629685,Dylan Windler,1610612739,CLE,3,3,0,3.5,0.0,0.0,,0.0,0.0,0.0,,
2022-23,1630700,Dyson Daniels,1610612740,NOP,59,33,26,17.7,0.1,0.5,0.276,0.3,0.1,0.3,0.2,0.328
2022-23,1628410,Edmond Sumner,1610612751,BKN,53,33,20,13.9,0.3,0.7,0.389,0.6,0.1,0.2,0.308,0.444
2022-23,201569,Eric Gordon,1610612746,LAC,69,25,44,28.5,0.6,1.7,0.362,1.7,0.5,1.3,0.386,0.509
2022-23,1630647,Eugene Omoruyi,1610612765,DET,40,10,30,16.1,0.1,0.3,0.3,0.2,0.1,0.2,0.429,0.45
2022-23,203095,Evan Fournier,1610612752,NYK,27,15,12,17.0,0.9,2.8,0.303,2.2,0.5,1.8,0.265,0.388
2022-23,1630596,Evan Mobley,1610612739,CLE,79,48,31,34.4,0.6,1.5,0.391,1.2,0.0,0.0,1.0,0.396
2022-23,1630267,Facundo Campazzo,1610612742,DAL,8,2,6,6.5,0.1,0.6,0.2,0.4,0.1,0.6,0.2,0.3
2022-23,1628402,Frank Jackson,1610612762,UTA,1,0,1,5.1,0.0,1.0,0.0,0.0,0.0,0.0,,0.0
2022-23,1626163,Frank Kaminsky,1610612745,HOU,36,13,23,6.5,0.0,0.1,0.2,0.1,0.0,0.0,,0.2
2022-23,1628373,Frank Ntilikina,1610612742,DAL,47,20,27,12.9,0.3,0.6,0.467,0.7,0.1,0.2,0.273,0.517
2022-23,1630532,Franz Wagner,1610612753,ORL,80,33,47,32.6,1.1,3.2,0.345,2.7,0.5,1.8,0.291,0.427
2022-23,1627832,Fred VanVleet,1610612761,TOR,69,34,35,36.7,2.9,7.5,0.383,7.2,1.5,4.4,0.336,0.483
2022-23,1627788,Furkan Korkmaz,1610612755,PHI,37,24,13,9.6,0.3,0.9,0.375,0.8,0.1,0.4,0.385,0.453
2022-23,1629216,Gabe Vincent,1610612748,MIA,68,37,31,25.9,1.3,3.1,0.416,3.2,0.6,1.8,0.325,0.509
2022-23,1628221,Gabe York,1610612754,IND,3,1,2,18.6,0.0,1.3,0.0,0.0,0.0,1.3,0.0,0.0
2022-23,202066,Garrett Temple,1610612740,NOP,25,16,9,6.5,0.1,0.3,0.25,0.2,0.1,0.2,0.4,0.375
2022-23,1629726,Garrison Mathews,1610612737,ATL,54,16,38,12.7,0.2,0.6,0.353,0.6,0.2,0.6,0.355,0.515
2022-23,203914,Gary Harris,1610612753,ORL,48,22,26,24.7,0.4,1.0,0.404,1.1,0.3,0.6,0.452,0.553
2022-23,1627780,Gary Payton II,1610612744,GSW,22,13,9,16.7,0.0,0.0,,0.0,0.0,0.0,,
2022-23,1629018,Gary Trent Jr.,1610612761,TOR,66,31,35,32.1,2.3,5.9,0.39,5.3,0.7,2.2,0.299,0.445
2022-23,201588,George Hill,1610612754,IND,46,27,19,18.1,0.4,0.9,0.405,0.9,0.1,0.5,0.261,0.476
2022-23,1627777,Georges Niang,1610612755,PHI,78,51,27,19.4,0.2,0.6,0.318,0.4,0.1,0.4,0.241,0.398
2022-23,203507,Giannis Antetokounmpo,1610612749,MIL,63,47,16,32.1,1.6,4.8,0.323,3.5,0.3,1.5,0.229,0.36
2022-23,1629048,Goga Bitadze,1610612753,ORL,38,13,25,12.0,0.0,0.1,0.5,0.1,0.0,0.1,0.5,0.75
2022-23,201609,Goran Dragic,1610612749,MIL,58,27,31,15.0,0.8,2.2,0.354,1.7,0.1,0.7,0.175,0.381
2022-23,202330,Gordon Hayward,1610612766,CHA,50,20,30,31.5,2.2,4.9,0.437,4.5,0.2,0.7,0.278,0.457
2022-23,203476,Gorgui Dieng,1610612759,SAS,31,3,28,11.6,0.3,1.0,0.25,0.6,0.1,0.7,0.143,0.297
2022-23,1629684,Grant Williams,1610612738,BOS,79,55,24,25.9,0.4,1.0,0.405,1.1,0.3,0.7,0.462,0.557
2022-23,1628960,Grayson Allen,1610612749,MIL,72,53,19,27.4,0.6,1.7,0.331,1.6,0.5,1.3,0.362,0.471
2022-23,1630535,Greg Brown III,1610612757,POR,16,10,6,5.8,0.0,0.1,0.0,0.0,0.0,0.1,0.0,0.0
2022-23,1628977,Hamidou Diallo,1610612765,DET,56,12,44,17.8,0.5,1.2,0.42,1.1,0.0,0.1,0.5,0.435
2022-23,203084,Harrison Barnes,1610612758,SAC,82,48,34,32.5,0.5,1.3,0.402,1.3,0.3,0.7,0.418,0.509
2022-23,1629312,Haywood Highsmith,1610612748,MIA,54,28,26,18.0,0.1,0.3,0.313,0.2,0.0,0.1,0.4,0.375
2022-23,1630529,Herbert Jones,1610612740,NOP,66,31,35,29.6,0.1,0.2,0.308,0.1,0.0,0.0,0.333,0.346
2022-23,1630193,Immanuel Quickley,1610612752,NYK,81,47,34,28.9,1.8,4.8,0.38,4.6,0.9,2.5,0.345,0.471
2022-23,1630171,Isaac Okoro,1610612739,CLE,76,48,28,21.7,0.0,0.1,0.333,0.1,0.0,0.1,0.429,0.5
2022-23,1628392,Isaiah Hartenstein,1610612752,NYK,82,47,35,19.9,0.0,0.1,0.375,0.1,0.0,0.0,,0.375
2022-23,1630543,Isaiah Jackson,1610612754,IND,63,24,39,16.5,0.1,0.2,0.462,0.2,0.0,0.0,0.0,0.462
2022-23,1630198,Isaiah Joe,1610612760,OKC,73,36,37,19.1,0.8,2.0,0.431,2.1,0.4,1.2,0.345,0.531
2022-23,1630587,Isaiah Livers,1610612765,DET,52,10,42,23.1,0.5,1.2,0.406,1.2,0.2,0.4,0.391,0.477
2022-23,1630600,Isaiah Mobley,1610612739,CLE,12,8,4,7.0,0.0,0.1,0.0,0.0,0.0,0.0,,0.0
2022-23,1629676,Isaiah Roby,1610612752,NYK,42,9,33,11.3,0.2,0.6,0.296,0.5,0.1,0.3,0.286,0.37
2022-23,1630191,Isaiah Stewart,1610612765,DET,50,12,38,28.3,0.0,0.1,0.167,0.0,0.0,0.1,0.0,0.167
2022-23,1630225,Isaiah Todd,1610612764,WAS,6,2,4,10.2,0.2,0.2,1.0,0.3,0.0,0.0,,1.0
2022-23,202397,Ish Smith,1610612743,DEN,43,25,18,9.3,0.7,2.0,0.352,1.4,0.0,0.1,0.0,0.352
2022-23,1630688,Ish Wainright,1610612756,PHX,60,33,27,15.3,0.1,0.2,0.357,0.2,0.1,0.2,0.333,0.5
2022-23,1627826,Ivica Zubac,1610612746,LAC,76,43,33,28.5,0.0,0.0,0.0,0.0,0.0,0.0,,0.0
2022-23,1631120,JD Davison,1610612738,BOS,12,11,1,5.5,0.2,0.6,0.286,0.3,0.0,0.1,0.0,0.286
2022-23,1630550,JT Thor,1610612766,CHA,69,22,47,14.0,0.1,0.4,0.276,0.2,0.0,0.1,0.0,0.276
2022-23,1629630,Ja Morant,1610612763,MEM,61,40,21,31.9,2.7,7.1,0.385,6.4,0.9,3.1,0.298,0.451
2022-23,203210,JaMychal Green,1610612744,GSW,57,30,27,14.0,0.0,0.0,0.0,0.0,0.0,0.0,0.0,0.0
2022-23,201580,JaVale McGee,1610612742,DAL,42,20,22,8.4,0.0,0.1,0.25,0.0,0.0,0.0,0.0,0.25
2022-23,1631095,Jabari Smith Jr.,1610612745,HOU,79,21,58,31.0,1.3,3.2,0.388,2.8,0.3,0.8,0.373,0.437
2022-23,1631133,Jabari Walker,1610612757,POR,56,21,35,11.1,0.0,0.2,0.182,0.1,0.0,0.1,0.0,0.182
2022-23,1631298,Jack White,1610612743,DEN,17,13,4,3.9,0.0,0.0,,0.0,0.0,0.0,,
2022-23,1631367,Jacob Gilyard,1610612763,MEM,1,0,1,40.8,0.0,1.0,0.0,0.0,0.0,1.0,0.0,0.0
2022-23,1630702,Jaden Hardy,1610612742,DAL,48,20,28,14.8,0.8,2.1,0.374,2.0,0.5,1.2,0.386,0.485
2022-23,1631093,Jaden Ivey,1610612765,DET,74,16,58,31.1,1.9,5.1,0.363,4.4,0.7,2.3,0.305,0.431
2022-23,1630183,Jaden McDaniels,1610612750,MIN,79,41,38,30.6,0.6,1.4,0.407,1.2,0.1,0.2,0.421,0.444
2022-23,1630531,Jaden Springer,1610612755,PHI,16,13,3,5.6,0.2,0.6,0.333,0.4,0.1,0.1,1.0,0.389
2022-23,203109,Jae Crowder,1610612749,MIL,18,13,5,18.9,0.6,1.6,0.393,1.4,0.2,0.6,0.364,0.464
2022-23,1630256,Jae'Sean Tate,1610612745,HOU,31,7,24,21.9,0.1,0.5,0.25,0.3,0.0,0.2,0.2,0.281
2022-23,1631222,Jake LaRavia,1610612763,MEM,35,22,13,11.8,0.1,0.3,0.25,0.2,0.1,0.3,0.182,0.333
2022-23,1627751,Jakob Poeltl,1610612761,TOR,72,26,46,26.5,0.2,0.4,0.548,0.5,0.0,0.0,0.0,0.548
2022-23,1628973,Jalen Brunson,1610612752,NYK,68,40,28,35.0,3.7,8.3,0.447,8.5,1.1,2.8,0.38,0.512
2022-23,1631105,Jalen Duren,1610612765,DET,67,16,51,24.9,0.1,0.2,0.333,0.1,0.0,0.0,,0.333
2022-23,1630224,Jalen Green,1610612745,HOU,76,20,56,34.2,2.6,7.3,0.364,6.6,1.3,4.0,0.327,0.454
2022-23,1630552,Jalen Johnson,1610612737,ATL,70,35,35,14.9,0.1,0.4,0.31,0.3,0.0,0.1,0.0,0.31
2022-23,1629667,Jalen McDaniels,1610612755,PHI,80,31,49,23.9,0.3,0.9,0.333,0.7,0.0,0.1,0.25,0.347
2022-23,1630188,Jalen Smith,1610612754,IND,68,31,37,18.8,0.1,0.4,0.333,0.3,0.0,0.1,0.6,0.396
2022-23,1630591,Jalen Suggs,1610612753,ORL,53,20,33,23.5,1.0,2.9,0.34,2.5,0.5,1.7,0.303,0.426
2022-23,1631114,Jalen Williams,1610612760,OKC,75,36,39,30.3,0.8,2.0,0.395,1.7,0.1,0.4,0.333,0.432
2022-23,1631288,Jamal Cain,1610612748,MIA,18,10,8,13.3,0.1,0.4,0.143,0.1,0.0,0.1,0.0,0.143
2022-23,1627750,Jamal Murray,1610612743,DEN,65,43,22,32.8,3.4,8.5,0.401,8.3,1.5,3.8,0.393,0.488
2022-23,1631123,Jamaree Bouyea,1610612764,WAS,5,2,3,14.1,0.2,0.8,0.25,0.6,0.2,0.6,0.333,0.375
2022-23,1630547,James Bouknight,1610612766,CHA,34,9,25,15.2,0.7,2.1,0.324,1.7,0.4,1.3,0.273,0.408
2022-23,201935,James Harden,1610612755,PHI,58,39,19,36.8,3.0,7.6,0.395,8.0,2.0,5.3,0.376,0.525
2022-23,201949,James Johnson,1610612754,IND,18,7,11,9.0,0.3,0.6,0.455,0.6,0.1,0.2,0.25,0.5
2022-23,1630164,James Wiseman,1610612765,DET,45,11,34,19.3,0.1,0.6,0.2,0.2,0.0,0.0,,0.2
2022-23,1630215,Jared Butler,1610612760,OKC,6,3,3,12.8,0.5,1.3,0.375,1.3,0.3,0.8,0.4,0.5
2022-23,1631197,Jared Rhoden,1610612765,DET,14,2,12,14.1,0.1,0.4,0.333,0.3,0.0,0.1,0.0,0.333
2022-23,1628991,Jaren Jackson Jr.,1610612763,MEM,63,41,22,28.4,0.2,0.7,0.319,0.6,0.1,0.4,0.333,0.404
2022-23,1629020,Jarred Vanderbilt,1610612747,LAL,78,43,35,24.1,0.1,0.2,0.25,0.1,0.0,0.0,0.5,0.281
2022-23,1629714,Jarrell Brantley,1610612762,UTA,4,0,4,9.7,0.0,0.3,0.0,0.0,0.0,0.3,0.0,0.0
2022-23,1628386,Jarrett Allen,1610612739,CLE,68,44,24,32.6,0.0,0.1,0.5,0.1,0.0,0.0,,0.5
2022-23,1629633,Jarrett Culver,1610612737,ATL,10,5,5,13.7,0.3,0.8,0.375,0.6,0.0,0.2,0.0,0.375
2022-23,1630554,Jason Preston,1610612746,LAC,14,4,10,8.8,0.4,1.1,0.375,0.9,0.1,0.3,0.25,0.406
2022-23,1629750,Javonte Green,1610612741,CHI,32,13,19,15.0,0.1,0.2,0.4,0.2,0.0,0.0,1.0,0.5
2022-23,1629637,Jaxson Hayes,1610612740,NOP,47,22,25,13.0,0.0,0.0,0.0,0.0,0.0,0.0,,0.0
2022-23,1630643,Jay Huff,1610612764,WAS,7,2,5,13.6,0.1,0.4,0.333,0.3,0.0,0.0,,0.333
2022-23,1630206,Jay Scrubb,1610612753,ORL,2,1,1,15.1,0.5,0.5,1.0,1.5,0.5,0.5,1.0,1.5
2022-23,1627759,Jaylen Brown,1610612738,BOS,67,46,21,35.9,2.6,6.4,0.403,6.0,0.8,2.6,0.318,0.467
2022-23,1629669,Jaylen Nowell,1610612750,MIN,65,34,31,19.3,1.3,3.0,0.431,3.0,0.4,1.4,0.304,0.503
2022-23,1631119,Jaylin Williams,1610612760,OKC,49,23,26,18.7,0.0,0.1,0.667,0.1,0.0,0.0,1.0,0.833
2022-23,1628369,Jayson Tatum,1610612738,BOS,74,52,22,36.9,2.1,6.9,0.302,5.5,1.4,4.8,0.291,0.404
2022-23,1630288,Jeff Dowtin Jr.,1610612761,TOR,25,17,8,10.3,0.3,0.9,0.348,0.7,0.0,0.1,0.333,0.37
2022-23,201145,Jeff Green,1610612743,DEN,56,33,23,19.5,0.2,0.8,0.279,0.5,0.1,0.3,0.286,0.326
2022-23,203924,Jerami Grant,1610612757,POR,63,28,35,35.6,1.1,2.8,0.403,2.4,0.2,0.4,0.444,0.438
2022-23,1630526,Jeremiah Robinson-Earl,1610612760,OKC,43,16,27,18.9,0.0,0.1,0.667,0.1,0.0,0.0,0.5,0.833
2022-23,1631110,Jeremy Sochan,1610612759,SAS,56,15,41,26.0,0.5,1.4,0.395,1.2,0.1,0.3,0.333,0.428
2022-23,1630579,Jericho Sims,1610612752,NYK,52,31,21,15.6,0.0,0.1,0.0,0.0,0.0,0.0,0.0,0.0
2022-23,1628975,Jevon Carter,1610612749,MIL,81,57,24,22.4,1.4,3.3,0.416,3.4,0.7,1.7,0.393,0.515
2022-23,202710,Jimmy Butler,1610612748,MIA,64,35,29,33.4,1.5,3.5,0.427,3.1,0.1,0.5,0.281,0.447
2022-23,1629111,Jock Landale,1610612756,PHX,69,35,34,14.2,0.0,0.2,0.091,0.0,0.0,0.0,0.0,0.091
2022-23,203925,Joe Harris,1610612751,BKN,74,40,34,20.6,0.3,0.8,0.4,0.9,0.2,0.6,0.429,0.55
2022-23,204060,Joe Ingles,1610612749,MIL,46,32,14,22.7,0.7,1.5,0.479,2.1,0.7,1.4,0.469,0.69
2022-23,1630580,Joe Wieskamp,1610612761,TOR,9,6,3,5.5,0.0,0.1,0.0,0.0,0.0,0.1,0.0,0.0
2022-23,203954,Joel Embiid,1610612755,PHI,66,43,23,34.6,3.1,7.0,0.435,6.4,0.3,1.2,0.224,0.454
2022-23,1631219,John Butler Jr.,1610612757,POR,19,4,15,11.6,0.1,0.3,0.2,0.1,0.0,0.1,0.0,0.2
2022-23,1628381,John Collins,1610612737,ATL,71,37,34,30.0,0.3,0.9,0.377,0.6,0.0,0.1,0.0,0.377
2022-23,1629723,John Konchar,1610612763,MEM,72,45,27,20.7,0.1,0.3,0.36,0.3,0.1,0.3,0.368,0.5
2022-23,202322,John Wall,1610612746,LAC,34,15,19,22.2,0.8,3.1,0.267,1.7,0.0,0.6,0.05,0.271
2022-23,1631098,Johnny Davis,1610612764,WAS,28,10,18,15.1,0.7,2.1,0.333,1.5,0.0,0.5,0.077,0.342
2022-23,1630548,Johnny Juzang,1610612762,UTA,18,6,12,12.9,0.7,1.8,0.406,1.7,0.2,0.7,0.308,0.469
2022-23,202685,Jonas Valanciunas,1610612740,NOP,79,40,39,24.9,0.1,0.4,0.258,0.2,0.0,0.0,0.0,0.258
2022-23,1628371,Jonathan Isaac,1610612753,ORL,11,8,3,11.3,0.1,0.5,0.167,0.2,0.0,0.0,,0.167
2022-23,1630228,Jonathan Kuminga,1610612744,GSW,67,38,29,20.8,0.4,0.8,0.436,0.8,0.1,0.2,0.438,0.5
2022-23,203903,Jordan Clarkson,1610612762,UTA,61,30,31,32.6,2.4,6.0,0.397,5.9,1.2,3.5,0.343,0.497
2022-23,1630692,Jordan Goodwin,1610612764,WAS,62,22,40,17.8,0.7,1.9,0.39,1.6,0.2,0.6,0.263,0.432
2022-23,1631160,Jordan Hall,1610612759,SAS,9,1,8,9.2,0.4,1.0,0.444,1.1,0.2,0.3,0.667,0.556
2022-23,1629162,Jordan McLaughlin,1610612750,MIN,43,22,21,15.8,0.3,0.8,0.364,0.7,0.2,0.5,0.304,0.47
2022-23,1629670,Jordan Nwora,1610612754,IND,62,36,26,19.2,0.5,1.6,0.31,1.2,0.2,0.7,0.302,0.375
2022-23,1629673,Jordan Poole,1610612744,GSW,82,44,38,30.0,2.0,5.8,0.34,5.0,1.0,3.5,0.303,0.431
2022-23,1630648,Jordan Schakel,1610612764,WAS,2,0,2,3.1,0.5,0.5,1.0,1.5,0.5,0.5,1.0,1.5
2022-23,1630631,Jose Alvarado,1610612740,NOP,61,30,31,21.5,0.4,1.2,0.329,1.0,0.2,0.5,0.323,0.397
2022-23,1630528,Josh Christopher,1610612745,HOU,64,16,48,12.3,0.7,1.8,0.407,1.6,0.2,0.6,0.27,0.451
2022-23,1630581,Josh Giddey,1610612760,OKC,76,34,42,31.1,1.0,2.4,0.403,2.0,0.1,0.3,0.174,0.414
2022-23,1630182,Josh Green,1610612742,DAL,60,27,33,25.7,0.2,0.5,0.419,0.5,0.0,0.1,0.25,0.452
2022-23,1628404,Josh Hart,1610612752,NYK,76,42,34,32.3,0.3,0.8,0.297,0.5,0.0,0.2,0.067,0.305
2022-23,1631169,Josh Minott,1610612750,MIN,15,7,8,6.4,0.0,0.1,0.0,0.0,0.0,0.1,0.0,0.0
2022-23,1629006,Josh Okogie,1610612756,PHX,72,38,34,18.8,0.2,0.9,0.266,0.6,0.1,0.4,0.29,0.336
2022-23,1626196,Josh Richardson,1610612740,NOP,65,24,41,23.5,1.3,2.9,0.434,2.7,0.2,0.5,0.333,0.463
2022-23,1630563,Joshua Primo,1610612759,SAS,4,3,1,23.3,1.0,2.3,0.444,2.3,0.3,0.8,0.333,0.5
2022-23,201950,Jrue Holiday,1610612749,MIL,67,50,17,32.6,2.9,7.3,0.401,7.4,1.5,4.3,0.361,0.507
2022-23,1629308,Juan Toscano-Anderson,1610612762,UTA,52,19,33,13.5,0.1,0.3,0.278,0.2,0.0,0.1,0.0,0.278
2022-23,1627823,Juancho Hernangomez,1610612761,TOR,42,20,22,14.6,0.0,0.1,0.0,0.0,0.0,0.1,0.0,0.0
2022-23,1630577,Julian Champagnie,1610612759,SAS,17,7,10,18.8,0.2,0.5,0.5,0.5,0.1,0.2,0.333,0.563
2022-23,203944,Julius Randle,1610612752,NYK,77,44,33,35.5,2.6,6.6,0.393,6.2,1.0,3.0,0.335,0.469
2022-23,1630551,Justin Champagnie,1610612738,BOS,5,4,1,6.9,0.2,0.2,1.0,0.6,0.2,0.2,1.0,1.5
2022-23,203200,Justin Holiday,1610612742,DAL,46,18,28,15.4,0.3,1.1,0.286,0.8,0.2,0.5,0.292,0.357
2022-23,1628382,Justin Jackson,1610612738,BOS,23,15,8,4.7,0.0,0.2,0.2,0.1,0.0,0.1,0.5,0.3
2022-23,1631303,Justin Minaya,1610612757,POR,4,0,4,22.2,0.0,0.5,0.0,0.0,0.0,0.3,0.0,0.0
2022-23,1626159,Justise Winslow,1610612757,POR,29,15,14,26.8,0.3,1.0,0.321,0.6,0.0,0.0,0.0,0.321
2022-23,203994,Jusuf Nurkic,1610612757,POR,52,24,28,26.8,0.1,0.2,0.273,0.1,0.0,0.1,0.333,0.318
2022-23,1630231,KJ Martin,1610612745,HOU,82,22,60,28.0,0.0,0.1,0.125,0.0,0.0,0.1,0.0,0.125
2022-23,1629644,KZ Okpala,1610612758,SAC,35,19,16,7.1,0.0,0.1,0.5,0.1,0.0,0.0,,0.5
2022-23,1630539,Kai Jones,1610612766,CHA,46,13,33,11.9,0.1,0.3,0.214,0.1,0.0,0.0,0.0,0.214
2022-23,1626157,Karl-Anthony Towns,1610612750,MIN,29,15,14,33.0,0.6,1.6,0.362,1.4,0.2,0.6,0.412,0.436
2022-23,202695,Kawhi Leonard,1610612746,LAC,52,33,19,33.6,4.1,8.4,0.482,8.9,0.8,2.1,0.402,0.531
2022-23,1631099,Keegan Murray,1610612758,SAC,80,47,33,29.8,0.5,1.1,0.44,1.1,0.2,0.4,0.4,0.524
2022-23,1628966,Keita Bates-Diop,1610612759,SAS,67,18,49,21.7,0.2,0.5,0.324,0.3,0.0,0.1,0.0,0.324
2022-23,1629640,Keldon Johnson,1610612759,SAS,63,17,46,32.8,0.8,2.9,0.293,2.0,0.3,1.3,0.266,0.351
2022-23,203482,Kelly Olynyk,1610612762,UTA,68,28,40,28.6,0.5,1.1,0.421,1.1,0.2,0.4,0.448,0.507
2022-23,1626162,Kelly Oubre Jr.,1610612766,CHA,48,16,32,32.2,1.5,3.8,0.396,3.5,0.5,1.5,0.306,0.456
2022-23,202689,Kemba Walker,1610612742,DAL,9,5,4,16.0,1.4,3.4,0.419,3.7,0.8,2.3,0.333,0.532
2022-23,1631112,Kendall Brown,1610612754,IND,6,1,5,6.7,0.2,0.2,1.0,0.3,0.0,0.0,,1.0
2022-23,1629134,Kendrick Nunn,1610612764,WAS,70,30,40,13.8,1.0,2.5,0.398,2.5,0.5,1.3,0.386,0.494
2022-23,1631113,Kennedy Chandler,1610612763,MEM,36,22,14,7.8,0.2,0.5,0.444,0.4,0.0,0.1,0.0,0.444
2022-23,1631254,Kenneth Lofton Jr.,1610612763,MEM,24,15,9,7.3,0.1,0.7,0.188,0.3,0.0,0.1,0.333,0.219
2022-23,1629026,Kenrich Williams,1610612760,OKC,53,26,27,22.8,0.5,1.2,0.391,1.0,0.1,0.3,0.286,0.422
2022-23,203484,Kentavious Caldwell-Pope,1610612743,DEN,76,51,25,31.3,1.0,2.3,0.41,2.1,0.2,0.7,0.32,0.455
2022-23,1631165,Keon Ellis,1610612758,SAC,16,7,9,4.4,0.2,0.4,0.429,0.6,0.2,0.3,0.6,0.643
2022-23,1630553,Keon Johnson,1610612757,POR,40,13,27,10.4,0.5,1.5,0.311,1.3,0.3,0.8,0.406,0.418
2022-23,1630556,Kessler Edwards,1610612758,SAC,36,17,19,10.7,0.1,0.2,0.25,0.1,0.0,0.1,0.0,0.25
2022-23,201142,Kevin Durant,1610612756,PHX,47,34,13,35.6,5.5,10.0,0.548,11.7,0.8,2.1,0.37,0.587
2022-23,1628989,Kevin Huerter,1610612758,SAC,75,44,31,29.4,1.5,3.5,0.426,3.9,0.9,2.1,0.416,0.553
2022-23,1628995,Kevin Knox II,1610612757,POR,63,12,51,15.1,0.3,1.0,0.311,0.7,0.1,0.4,0.185,0.352
2022-23,201567,Kevin Love,1610612748,MIA,62,35,27,20.0,0.3,1.0,0.333,0.8,0.2,0.7,0.279,0.433
2022-23,1629645,Kevin Porter Jr.,1610612745,HOU,59,18,41,34.3,2.8,7.3,0.386,7.1,1.5,4.4,0.337,0.488
2022-23,1630284,Kevon Harris,1610612753,ORL,34,12,22,13.4,0.1,0.5,0.188,0.2,0.1,0.3,0.182,0.25
2022-23,1626172,Kevon Looney,1610612744,GSW,82,44,38,23.9,0.0,0.1,0.0,0.0,0.0,0.0,,0.0
2022-23,203920,Khem Birch,1610612759,SAS,20,9,11,8.1,0.0,0.0,,0.0,0.0,0.0,,
2022-23,203114,Khris Middleton,1610612749,MIL,33,25,8,24.3,2.4,5.9,0.412,5.7,0.8,2.5,0.333,0.482
2022-23,1630165,Killian Hayes,1610612765,DET,76,16,60,28.3,2.1,5.5,0.377,4.4,0.3,1.2,0.244,0.403
2022-23,1630184,Kira Lewis Jr.,1610612740,NOP,25,11,14,9.4,0.4,0.8,0.476,0.9,0.1,0.2,0.5,0.548
2022-23,202691,Klay Thompson,1610612744,GSW,69,38,31,33.0,2.5,6.2,0.397,6.0,1.1,2.7,0.4,0.484
2022-23,1628424,Kobi Simmons,1610612766,CHA,5,1,4,5.6,0.2,0.6,0.333,0.6,0.2,0.6,0.333,0.5
2022-23,1627739,Kris Dunn,1610612762,UTA,22,8,14,25.8,0.5,1.0,0.524,1.2,0.2,0.3,0.571,0.619
2022-23,204001,Kristaps Porzingis,1610612764,WAS,65,27,38,32.6,1.6,3.6,0.435,3.3,0.2,0.6,0.306,0.459
2022-23,203937,Kyle Anderson,1610612750,MIN,69,36,33,28.4,0.4,1.1,0.419,1.0,0.1,0.2,0.412,0.466
2022-23,1628398,Kyle Kuzma,1610612764,WAS,64,29,35,35.0,1.5,4.5,0.328,3.7,0.7,2.3,0.32,0.409
2022-23,200768,Kyle Lowry,1610612748,MIA,55,30,25,31.2,1.2,3.0,0.392,3.0,0.7,1.9,0.346,0.503
2022-23,202681,Kyrie Irving,1610612742,DAL,60,32,28,37.3,4.3,9.3,0.461,10.2,1.7,4.4,0.377,0.551
2022-23,1630163,LaMelo Ball,1610612766,CHA,36,13,23,35.2,3.0,8.2,0.367,7.8,1.8,5.1,0.348,0.476
2022-23,1630205,Lamar Stevens,1610612739,CLE,62,39,23,18.1,0.3,0.9,0.34,0.6,0.0,0.0,0.0,0.34
2022-23,1629013,Landry Shamet,1610612756,PHX,40,19,21,20.2,0.7,2.5,0.287,2.0,0.5,1.6,0.317,0.386
2022-23,1626204,Larry Nance Jr.,1610612740,NOP,65,34,31,21.2,0.1,0.2,0.308,0.1,0.0,0.0,0.0,0.308
2022-23,1628374,Lauri Markkanen,1610612762,UTA,66,32,34,34.4,0.8,2.2,0.389,1.9,0.2,0.8,0.296,0.444
2022-23,2544,LeBron James,1610612747,LAL,55,30,25,35.5,2.1,6.5,0.33,5.2,0.9,2.8,0.316,0.398
2022-23,1630195,Leandro Bolmaro,1610612762,UTA,14,8,6,4.9,0.1,0.4,0.4,0.3,0.0,0.0,,0.4
2022-23,1631311,Lester Quinones,1610612744,GSW,4,4,0,4.5,0.3,0.5,0.5,0.8,0.3,0.5,0.5,0.75
2022-23,1629623,Lindell Wigginton,1610612749,MIL,7,4,3,12.4,0.3,1.1,0.25,0.6,0.0,0.7,0.0,0.25
2022-23,1630322,Lindy Waters III,1610612760,OKC,41,20,21,12.9,0.2,0.7,0.345,0.7,0.2,0.6,0.269,0.466
2022-23,1629022,Lonnie Walker IV,1610612747,LAL,56,27,29,23.2,0.8,2.2,0.352,1.8,0.2,0.8,0.283,0.406
2022-23,1629663,Louis King,1610612755,PHI,1,1,0,28.8,4.0,6.0,0.667,10.0,2.0,4.0,0.5,0.833
2022-23,1629652,Luguentz Dort,1610612760,OKC,74,36,38,30.7,0.6,1.6,0.353,1.4,0.3,0.9,0.318,0.444
2022-23,1629029,Luka Doncic,1610612742,DAL,66,33,33,36.2,4.6,11.6,0.394,11.5,2.4,7.0,0.344,0.497
2022-23,1630568,Luka Garza,1610612750,MIN,28,15,13,8.7,0.1,0.1,0.667,0.1,0.0,0.0,,0.667
2022-23,1629677,Luka Samanic,1610612762,UTA,7,2,5,23.0,0.0,0.4,0.0,0.0,0.0,0.1,0.0,0.0
2022-23,1628379,Luke Kennard,1610612763,MEM,59,37,22,22.3,0.8,1.9,0.425,2.0,0.4,0.9,0.375,0.518
2022-23,1628436,Luke Kornet,1610612738,BOS,69,45,24,11.7,0.0,0.1,0.5,0.1,0.0,0.0,0.5,0.625
2022-23,1630644,Mac McClung,1610612755,PHI,2,2,0,20.5,0.5,1.5,0.333,1.5,0.5,1.0,0.5,0.5
2022-23,1630201,Malachi Flynn,1610612761,TOR,53,29,24,13.0,0.5,1.7,0.3,1.3,0.2,0.8,0.317,0.372
2022-23,1631103,Malaki Branham,1610612759,SAS,66,15,51,23.5,1.3,2.8,0.444,2.7,0.2,0.7,0.217,0.471
2022-23,1627763,Malcolm Brogdon,1610612738,BOS,67,46,21,26.0,1.7,3.9,0.452,4.4,0.9,2.0,0.448,0.568
2022-23,1630792,Malcolm Hill,1610612741,CHI,5,4,1,1.8,0.0,0.0,,0.0,0.0,0.0,,
2022-23,1627736,Malik Beasley,1610612747,LAL,81,45,36,25.8,1.3,3.6,0.372,3.4,0.8,2.1,0.361,0.477
2022-23,1628370,Malik Monk,1610612758,SAC,77,47,30,22.3,1.0,2.8,0.363,2.6,0.6,1.8,0.324,0.467
2022-23,1629603,Mamadi Diakite,1610612739,CLE,22,15,7,8.0,0.1,0.2,0.4,0.2,0.0,0.1,0.5,0.5
2022-23,1630699,MarJon Beauchamp,1610612749,MIL,52,34,18,13.5,0.4,1.2,0.344,1.0,0.2,0.7,0.343,0.443
2022-23,202694,Marcus Morris Sr.,1610612746,LAC,65,35,30,28.1,1.8,4.0,0.442,3.8,0.2,0.7,0.364,0.473
2022-23,203935,Marcus Smart,1610612738,BOS,61,43,18,32.1,0.6,1.8,0.318,1.4,0.3,1.1,0.294,0.411
2022-23,1631109,Mark Williams,1610612766,CHA,43,18,25,19.3,0.0,0.0,1.0,0.0,,,,1.0
2022-23,1628365,Markelle Fultz,1610612753,ORL,60,29,31,29.6,1.6,3.6,0.442,3.3,0.1,0.3,0.389,0.458
2022-23,202693,Markieff Morris,1610612742,DAL,35,17,18,10.1,0.3,0.7,0.48,0.7,0.1,0.1,0.667,0.52
2022-23,1630250,Marko Simonovic,1610612741,CHI,7,3,4,2.8,0.0,0.0,,0.0,0.0,0.0,,
2022-23,1628963,Marvin Bagley III,1610612765,DET,42,7,35,23.6,0.3,1.0,0.3,0.6,0.0,0.3,0.182,0.325
2022-23,203486,Mason Plumlee,1610612746,LAC,79,28,51,26.0,0.1,0.2,0.529,0.2,,,,0.529
2022-23,1629680,Matisse Thybulle,1610612757,POR,71,38,33,16.9,0.1,0.2,0.429,0.2,0.1,0.2,0.455,0.607
2022-23,1630346,Matt Ryan,1610612750,MIN,34,15,19,9.1,0.1,0.6,0.25,0.4,0.1,0.2,0.375,0.325
2022-23,203521,Matthew Dellavedova,1610612758,SAC,32,19,13,6.6,0.1,0.4,0.286,0.3,0.1,0.2,0.4,0.357
2022-23,1631108,Max Christie,1610612747,LAL,41,19,22,12.5,0.2,0.5,0.476,0.5,0.0,0.1,0.667,0.524
2022-23,1629622,Max Strus,1610612748,MIA,80,42,38,28.4,0.4,1.4,0.315,1.2,0.3,1.1,0.298,0.428
2022-23,1628467,Maxi Kleber,1610612742,DAL,37,18,19,25.1,0.1,0.2,0.375,0.2,0.0,0.1,0.0,0.375
2022-23,1630593,McKinley Wright IV,1610612742,DAL,27,14,13,12.4,0.4,1.1,0.367,0.9,0.1,0.4,0.2,0.4
2022-23,203086,Meyers Leonard,1610612749,MIL,9,6,3,12.6,0.0,0.0,,0.0,0.0,0.0,,
2022-23,1629662,Mfiondu Kabengele,1610612738,BOS,4,3,1,9.1,0.0,0.0,,0.0,0.0,0.0,,
2022-23,1630695,Micah Potter,1610612762,UTA,7,4,3,7.5,0.0,0.0,,0.0,0.0,0.0,,
2022-23,203487,Michael Carter-Williams,1610612753,ORL,4,1,3,11.1,0.0,0.3,0.0,0.0,0.0,0.0,,0.0
2022-23,1630701,Michael Foster Jr.,1610612755,PHI,1,1,0,1.0,0.0,0.0,,0.0,,,,
2022-23,1629008,Michael Porter Jr.,1610612743,DEN,62,41,21,29.0,1.3,3.5,0.372,3.2,0.6,1.8,0.36,0.465
2022-23,1628969,Mikal Bridges,1610612751,BKN,83,42,41,35.7,2.7,5.9,0.454,5.7,0.3,0.9,0.359,0.483
2022-23,201144,Mike Conley,1610612750,MIN,67,34,33,30.3,1.5,4.2,0.357,3.9,1.0,2.9,0.332,0.471
2022-23,203488,Mike Muscala,1610612738,BOS,63,32,31,15.0,0.2,0.3,0.619,0.5,0.1,0.2,0.727,0.81
2022-23,1630540,Miles McBride,1610612752,NYK,64,36,28,11.9,0.2,0.9,0.232,0.5,0.1,0.4,0.185,0.277
2022-23,1629011,Mitchell Robinson,1610612752,NYK,59,35,24,26.9,0.0,0.0,0.0,0.0,,,,0.0
2022-23,1628964,Mo Bamba,1610612747,LAL,49,25,24,15.7,0.0,0.2,0.111,0.1,0.0,0.1,0.167,0.167
2022-23,1628420,Monte Morris,1610612764,WAS,62,28,34,27.4,1.6,3.6,0.462,3.7,0.4,1.1,0.362,0.518
2022-23,1626149,Montrezl Harrell,1610612755,PHI,57,35,22,11.9,0.0,0.2,0.091,0.0,0.0,0.0,0.0,0.091
2022-23,1629021,Moritz Wagner,1610612753,ORL,57,27,30,19.5,0.0,0.1,0.0,0.0,0.0,0.1,0.0,0.0
2022-23,1629650,Moses Brown,1610612751,BKN,36,17,19,8.2,0.0,0.0,,0.0,,,,
2022-23,1630541,Moses Moody,1610612744,GSW,63,37,26,13.0,0.2,0.4,0.435,0.4,0.1,0.2,0.333,0.522
2022-23,1631217,Moussa Diabate,1610612746,LAC,22,10,12,8.9,0.0,0.1,0.0,0.0,0.0,0.0,,0.0
2022-23,1626167,Myles Turner,1610612754,IND,62,29,33,29.4,0.4,0.9,0.393,0.8,0.1,0.3,0.333,0.455
2022-23,1630230,Naji Marshall,1610612740,NOP,77,40,37,23.3,0.4,1.1,0.326,0.8,0.0,0.3,0.1,0.337
2022-23,1629642,Nassir Little,1610612757,POR,54,22,32,18.1,0.7,1.6,0.414,1.6,0.3,0.7,0.389,0.494
2022-23,1631466,Nate Williams,1610612757,POR,5,1,4,25.3,0.0,0.0,,0.0,0.0,0.0,,
2022-23,1630233,Nathan Knight,1610612750,MIN,38,19,19,7.7,0.0,0.2,0.167,0.1,0.0,0.1,0.25,0.25
2022-23,1629675,Naz Reid,1610612750,MIN,68,32,36,18.4,0.1,0.4,0.2,0.2,0.0,0.2,0.143,0.24
2022-23,1629674,Neemias Queta,1610612758,SAC,5,1,4,5.7,0.0,0.0,,0.0,,,,
2022-23,203457,Nerlens Noel,1610612751,BKN,17,4,13,11.5,0.1,0.2,0.25,0.1,0.0,0.0,,0.25
2022-23,1629651,Nic Claxton,1610612751,BKN,76,41,35,29.9,0.0,0.1,0.6,0.1,0.0,0.0,0.0,0.6
2022-23,1630208,Nick Richards,1610612766,CHA,65,21,44,18.7,0.0,0.1,0.0,0.0,0.0,0.0,,0.0
2022-23,1629638,Nickeil Alexander-Walker,1610612750,MIN,59,29,30,15.0,0.6,1.4,0.422,1.5,0.3,0.8,0.408,0.542
2022-23,201587,Nicolas Batum,1610612746,LAC,78,44,34,21.9,0.1,0.2,0.471,0.3,0.1,0.2,0.583,0.676
2022-23,203999,Nikola Jokic,1610612743,DEN,69,48,21,33.7,0.5,1.1,0.462,1.2,0.1,0.3,0.409,0.519
2022-23,1631107,Nikola Jovic,1610612748,MIA,15,7,8,13.6,0.0,0.2,0.0,0.0,0.0,0.0,,0.0
2022-23,202696,Nikola Vucevic,1610612741,CHI,82,40,42,33.5,0.3,1.0,0.308,0.6,0.0,0.0,,0.308
2022-23,203943,Noah Vonleh,1610612738,BOS,23,17,6,7.5,0.0,0.1,0.333,0.1,0.0,0.0,0.0,0.333
2022-23,1626181,Norman Powell,1610612746,LAC,60,31,29,26.1,1.2,3.2,0.389,3.0,0.5,1.5,0.337,0.468
2022-23,1628384,OG Anunoby,1610612761,TOR,67,33,34,35.6,0.9,2.4,0.367,2.0,0.2,0.7,0.313,0.415
2022-23,1630167,Obi Toppin,1610612752,NYK,67,37,30,15.7,0.1,0.5,0.313,0.4,0.1,0.3,0.4,0.438
2022-23,1630534,Ochai Agbaji,1610612762,UTA,59,29,30,20.5,0.3,0.9,0.288,0.6,0.1,0.6,0.235,0.365
2022-23,1630846,Olivier Sarr,1610612760,OKC,9,5,4,12.6,0.0,0.0,,0.0,0.0,0.0,,
2022-23,1630209,Omer Yurtseven,1610612748,MIA,9,5,4,9.2,0.0,0.1,0.0,0.0,0.0,0.0,,0.0
2022-23,1630168,Onyeka Okongwu,1610612737,ATL,80,41,39,23.1,0.0,0.1,0.333,0.1,0.0,0.0,0.0,0.333
2022-23,1631115,Orlando Robinson,1610612748,MIA,31,18,13,13.7,0.0,0.0,,0.0,0.0,0.0,,
2022-23,1629052,Oshae Brissett,1610612754,IND,65,27,38,16.7,0.1,0.3,0.211,0.2,0.0,0.2,0.3,0.289
2022-23,203490,Otto Porter Jr.,1610612761,TOR,8,4,4,18.3,0.3,0.8,0.333,0.5,0.0,0.1,0.0,0.333
2022-23,1631172,Ousmane Dieng,1610612760,OKC,39,20,19,14.6,0.1,0.6,0.167,0.2,0.0,0.3,0.077,0.188
2022-23,200782,P.J. Tucker,1610612755,PHI,75,48,27,25.6,0.0,0.1,0.125,0.0,0.0,0.0,0.333,0.188
2022-23,1629023,P.J. Washington,1610612766,CHA,73,24,49,32.6,0.9,2.4,0.378,2.1,0.3,0.9,0.373,0.451
2022-23,1628408,PJ Dozier,1610612758,SAC,16,11,5,5.0,0.3,0.9,0.286,0.6,0.1,0.3,0.2,0.321
2022-23,1631094,Paolo Banchero,1610612753,ORL,72,31,41,33.7,2.0,5.6,0.351,4.4,0.5,1.8,0.262,0.392
2022-23,1627783,Pascal Siakam,1610612761,TOR,71,35,36,37.4,2.6,6.2,0.416,5.4,0.3,1.0,0.274,0.439
2022-23,1626192,Pat Connaughton,1610612749,MIL,61,43,18,23.7,0.1,0.3,0.5,0.4,0.1,0.2,0.467,0.694
2022-23,1631116,Patrick Baldwin Jr.,1610612744,GSW,31,15,16,7.3,0.1,0.4,0.273,0.3,0.1,0.1,0.667,0.364
2022-23,201976,Patrick Beverley,1610612741,CHI,67,34,33,27.1,0.3,0.8,0.411,0.9,0.2,0.6,0.324,0.518
2022-23,1630172,Patrick Williams,1610612741,CHI,82,40,42,28.3,0.8,1.9,0.411,1.7,0.1,0.2,0.368,0.434
2022-23,201988,Patty Mills,1610612751,BKN,40,18,22,14.2,0.8,1.9,0.416,1.9,0.3,0.7,0.414,0.494
2022-23,202331,Paul George,1610612746,LAC,56,32,24,34.6,3.2,8.1,0.393,7.8,1.4,3.8,0.36,0.477
2022-23,1630194,Paul Reed,1610612755,PHI,69,44,25,10.9,0.0,0.1,0.25,0.0,0.0,0.0,,0.25
2022-23,1630202,Payton Pritchard,1610612738,BOS,48,32,16,13.4,0.5,1.5,0.338,1.4,0.4,1.1,0.327,0.458
2022-23,1631212,Peyton Watson,1610612743,DEN,23,13,10,8.1,0.0,0.3,0.167,0.1,0.0,0.0,0.0,0.167
2022-23,1630173,Precious Achiuwa,1610612761,TOR,55,30,25,20.7,0.1,0.5,0.2,0.3,0.0,0.2,0.182,0.233
2022-23,1629656,Quentin Grimes,1610612752,NYK,71,41,30,29.9,0.3,1.0,0.26,0.8,0.2,0.8,0.291,0.37
2022-23,1631245,Quenton Jackson,1610612764,WAS,9,3,6,15.0,0.3,0.7,0.5,0.7,0.0,0.2,0.0,0.5
2022-23,1630181,R.J. Hampton,1610612765,DET,47,9,38,15.9,0.4,1.1,0.327,0.9,0.1,0.5,0.28,0.394
2022-23,1629628,RJ Barrett,1610612752,NYK,73,40,33,33.9,0.5,2.2,0.248,1.2,0.1,0.7,0.196,0.28
2022-23,1630564,RaiQuan Gray,1610612751,BKN,1,0,1,35.1,0.0,0.0,,0.0,0.0,0.0,,
2022-23,203526,Raul Neto,1610612739,CLE,48,31,17,10.5,0.3,0.5,0.565,0.6,0.0,0.2,0.222,0.609
2022-23,203493,Reggie Bullock Jr.,1610612742,DAL,78,37,41,30.3,0.1,0.5,0.25,0.3,0.0,0.3,0.15,0.288
2022-23,202704,Reggie Jackson,1610612743,DEN,68,36,32,24.4,1.2,3.3,0.359,2.6,0.3,1.2,0.22,0.399
2022-23,1626158,Richaun Holmes,1610612758,SAC,42,22,20,8.3,0.0,0.0,,0.0,0.0,0.0,,
2022-23,201937,Ricky Rubio,1610612739,CLE,33,23,10,17.2,1.0,2.4,0.413,2.2,0.2,0.7,0.208,0.444
2022-23,203496,Robert Covington,1610612746,LAC,48,20,28,16.2,0.1,0.4,0.35,0.4,0.1,0.2,0.3,0.425
2022-23,1629057,Robert Williams III,1610612738,BOS,35,24,11,23.5,0.0,0.1,0.0,0.0,0.0,0.0,,0.0
2022-23,201577,Robin Lopez,1610612739,CLE,37,25,12,8.1,0.0,0.0,1.0,0.1,0.0,0.0,,1.0
2022-23,203585,Rodney McGruder,1610612765,DET,32,4,28,16.4,0.3,0.8,0.44,0.9,0.3,0.4,0.571,0.6
2022-23,1629641,Romeo Langford,1610612759,SAS,43,14,29,19.6,0.5,1.0,0.465,0.9,0.0,0.1,0.0,0.465
2022-23,1631199,Ron Harper Jr.,1610612761,TOR,9,6,3,5.3,0.0,0.1,0.0,0.0,0.0,0.1,0.0,0.0
2022-23,1626220,Royce O'Neale,1610612751,BKN,76,42,34,31.7,0.4,1.1,0.346,1.1,0.3,0.9,0.369,0.494
2022-23,200752,Rudy Gay,1610612762,UTA,56,29,27,14.6,0.7,1.7,0.409,1.5,0.1,0.3,0.316,0.441
2022-23,203497,Rudy Gobert,1610612750,MIN,70,34,36,30.7,0.0,0.1,0.167,0.0,0.0,0.0,0.0,0.167
2022-23,1629060,Rui Hachimura,1610612747,LAL,63,38,25,23.3,1.3,2.7,0.5,2.7,0.0,0.0,0.0,0.5
2022-23,201566,Russell Westbrook,1610612746,LAC,73,36,37,29.1,1.3,3.8,0.351,3.0,0.4,1.3,0.292,0.402
2022-23,1627853,Ryan Arcidiacono,1610612757,POR,20,9,11,8.6,0.1,0.6,0.083,0.2,0.1,0.3,0.2,0.125
2022-23,1631157,Ryan Rollins,1610612744,GSW,12,5,7,5.2,0.0,0.2,0.0,0.0,0.0,0.1,0.0,0.0
2022-23,1630240,Saben Lee,1610612756,PHX,25,15,10,14.9,0.2,1.0,0.25,0.6,0.1,0.4,0.273,0.313
2022-23,1630180,Saddiq Bey,1610612737,ATL,77,24,53,27.6,0.8,2.4,0.316,2.0,0.4,1.4,0.309,0.406
2022-23,1630573,Sam Hauser,1610612738,BOS,80,55,25,16.1,0.1,0.4,0.314,0.4,0.1,0.4,0.321,0.443
2022-23,1630241,Sam Merrill,1610612739,CLE,5,4,1,11.7,0.8,1.6,0.5,2.2,0.6,1.4,0.429,0.688
2022-23,1630572,Sandro Mamukelashvili,1610612759,SAS,43,23,20,15.3,0.1,0.3,0.364,0.2,0.0,0.0,0.5,0.409
2022-23,1630583,Santi Aldama,1610612763,MEM,77,47,30,21.8,0.1,0.5,0.275,0.4,0.1,0.3,0.308,0.375
2022-23,1630567,Scottie Barnes,1610612761,TOR,77,38,39,34.8,0.9,2.9,0.319,2.0,0.2,0.7,0.214,0.345
2022-23,1630590,Scotty Pippen Jr.,1610612747,LAL,6,1,5,5.3,0.2,0.8,0.2,0.5,0.2,0.3,0.5,0.3
2022-23,201586,Serge Ibaka,1610612749,MIL,16,11,5,11.6,0.1,0.3,0.4,0.3,0.0,0.0,,0.4
2022-23,203552,Seth Curry,1610612751,BKN,61,37,24,19.8,1.7,3.5,0.491,3.9,0.5,1.1,0.412,0.556
2022-23,1631101,Shaedon Sharpe,1610612757,POR,80,32,48,22.2,0.9,2.9,0.323,2.3,0.4,1.6,0.25,0.392
2022-23,1628983,Shai Gilgeous-Alexander,1610612760,OKC,68,33,35,35.5,4.2,9.0,0.462,8.9,0.6,1.7,0.356,0.497
2022-23,1629003,Shake Milton,1610612755,PHI,76,52,24,20.6,0.6,1.7,0.349,1.3,0.1,0.4,0.303,0.388
2022-23,1627885,Shaquille Harrison,1610612747,LAL,5,1,4,24.0,0.4,1.6,0.25,1.0,0.2,0.6,0.333,0.313
2022-23,1631323,Simone Fontecchio,1610612762,UTA,52,25,27,14.7,0.5,1.5,0.355,1.2,0.2,0.7,0.27,0.421
2022-23,1630219,Skylar Mays,1610612757,POR,6,1,5,31.5,2.3,4.0,0.583,5.5,0.8,1.2,0.714,0.688
2022-23,203915,Spencer Dinwiddie,1610612751,BKN,79,41,38,34.5,2.0,5.5,0.36,5.2,1.2,3.5,0.335,0.467
2022-23,1626169,Stanley Johnson,1610612759,SAS,30,5,25,15.6,0.3,0.7,0.455,0.7,0.1,0.2,0.4,0.5
2022-23,1630649,Stanley Umude,1610612765,DET,1,0,1,2.1,0.0,0.0,,0.0,0.0,0.0,,
2022-23,201939,Stephen Curry,1610612744,GSW,56,30,26,34.7,4.0,8.8,0.454,10.7,2.7,6.0,0.451,0.609
2022-23,1628425,Sterling Brown,1610612747,LAL,4,2,2,6.1,0.0,0.0,,0.0,0.0,0.0,,
2022-23,203500,Steven Adams,1610612763,MEM,42,28,14,27.0,0.0,0.0,0.0,0.0,0.0,0.0,,0.0
2022-23,1629004,Svi Mykhailiuk,1610612766,CHA,32,16,16,14.6,0.8,2.0,0.375,2.0,0.5,1.3,0.405,0.508
2022-23,204456,T.J. McConnell,1610612754,IND,75,31,44,20.4,1.1,2.0,0.553,2.3,0.1,0.2,0.625,0.587
2022-23,203933,T.J. Warren,1610612756,PHX,42,26,16,16.4,1.1,2.5,0.462,2.3,0.0,0.2,0.125,0.466
2022-23,201959,Taj Gibson,1610612764,WAS,49,21,28,9.8,0.1,0.2,0.5,0.2,0.0,0.0,0.0,0.5
2022-23,1629659,Talen Horton-Tucker,1610612762,UTA,65,30,35,20.2,1.0,2.8,0.341,2.3,0.4,1.4,0.28,0.412
2022-23,1631106,Tari Eason,1610612745,HOU,82,22,60,21.6,0.1,0.4,0.212,0.2,0.0,0.1,0.1,0.227
2022-23,1627752,Taurean Prince,1610612750,MIN,54,31,23,22.1,0.5,1.4,0.378,1.2,0.1,0.6,0.242,0.432
2022-23,1629611,Terance Mann,1610612746,LAC,81,44,37,23.1,0.6,1.4,0.407,1.4,0.2,0.7,0.37,0.496
2022-23,1629056,Terence Davis,1610612758,SAC,64,38,26,13.1,0.5,1.3,0.372,1.4,0.4,1.0,0.391,0.517
2022-23,203082,Terrence Ross,1610612756,PHX,63,27,36,21.1,1.3,2.8,0.449,2.7,0.2,0.8,0.271,0.486
2022-23,1626179,Terry Rozier,1610612766,CHA,63,19,44,35.3,3.1,8.3,0.373,7.5,1.4,4.3,0.314,0.456
2022-23,1630678,Terry Taylor,1610612741,CHI,31,13,18,8.5,0.0,0.2,0.2,0.1,0.0,0.0,0.0,0.2
2022-23,201152,Thaddeus Young,1610612761,TOR,54,23,31,14.7,0.1,0.2,0.333,0.1,0.0,0.0,0.0,0.333
2022-23,203648,Thanasis Antetokounmpo,1610612749,MIL,37,25,12,5.6,0.0,0.1,0.0,0.0,0.0,0.1,0.0,0.0
2022-23,1630177,Theo Maledon,1610612766,CHA,44,14,30,19.4,0.6,1.9,0.329,1.5,0.2,0.9,0.2,0.376
2022-23,1629033,Theo Pinson,1610612742,DAL,40,19,21,8.1,0.1,0.3,0.455,0.4,0.1,0.2,0.444,0.636
2022-23,1628418,Thomas Bryant,1610612743,DEN,59,33,26,18.3,0.1,0.2,0.3,0.1,0.0,0.0,0.0,0.3
2022-23,203501,Tim Hardaway Jr.,1610612742,DAL,71,37,34,30.3,1.3,3.5,0.367,3.2,0.6,1.7,0.358,0.457
2022-23,202699,Tobias Harris,1610612755,PHI,74,47,27,32.9,0.9,2.1,0.442,2.0,0.2,0.5,0.4,0.487
2022-23,1628396,Tony Bradley,1610612741,CHI,12,5,7,2.8,0.0,0.0,,0.0,0.0,0.0,,
2022-23,1628470,Torrey Craig,1610612756,PHX,79,44,35,24.7,0.2,0.6,0.255,0.3,0.0,0.1,0.2,0.277
2022-23,1629027,Trae Young,1610612737,ATL,73,38,35,34.8,3.9,10.1,0.387,9.5,1.6,5.0,0.327,0.468
2022-23,1630200,Tre Jones,1610612759,SAS,68,20,48,29.2,1.5,3.9,0.391,3.1,0.1,0.5,0.188,0.402
2022-23,1630544,Tre Mann,1610612760,OKC,67,31,36,17.7,1.3,3.5,0.359,3.2,0.7,2.3,0.305,0.457
2022-23,1630570,Trendon Watford,1610612757,POR,62,26,36,19.1,0.2,0.5,0.5,0.5,0.0,0.0,0.0,0.5
2022-23,1630235,Trent Forrest,1610612737,ATL,23,9,14,12.0,0.3,0.6,0.5,0.6,0.0,0.0,0.0,0.5
2022-23,1630243,Trevelin Queen,1610612754,IND,7,2,5,10.0,0.1,1.6,0.091,0.4,0.1,1.4,0.1,0.136
2022-23,1631309,Trevor Hudgins,1610612745,HOU,5,0,5,5.7,0.0,1.0,0.0,0.0,0.0,1.0,0.0,0.0
2022-23,1631211,Trevor Keels,1610612752,NYK,3,3,0,2.7,0.0,0.0,,0.0,0.0,0.0,,
2022-23,1626168,Trey Lyles,1610612758,SAC,74,43,31,16.9,0.1,0.4,0.269,0.3,0.1,0.3,0.238,0.365
2022-23,1630530,Trey Murphy III,1610612740,NOP,79,39,40,31.0,0.4,1.0,0.35,0.9,0.2,0.6,0.396,0.469
2022-23,1628972,Troy Brown Jr.,1610612747,LAL,76,40,36,24.5,0.3,0.9,0.328,0.7,0.1,0.4,0.313,0.403
2022-23,1629660,Ty Jerome,1610612744,GSW,45,22,23,18.1,0.8,1.8,0.446,1.9,0.2,0.6,0.407,0.512
2022-23,1631102,TyTy Washington Jr.,1610612745,HOU,31,6,25,14.0,0.8,2.4,0.351,1.8,0.2,0.7,0.217,0.385
2022-23,1628416,Tyler Dorsey,1610612742,DAL,3,2,1,2.8,1.0,1.0,1.0,2.0,0.0,0.0,,1.0
2022-23,1629639,Tyler Herro,1610612748,MIA,67,37,30,34.9,3.2,8.0,0.393,7.8,1.4,3.9,0.369,0.482
2022-23,1630169,Tyrese Haliburton,1610612754,IND,56,28,28,33.6,3.1,7.4,0.417,8.4,2.2,5.5,0.397,0.564
2022-23,1631213,Tyrese Martin,1610612737,ATL,16,10,6,4.1,0.2,0.3,0.6,0.4,0.1,0.1,1.0,0.7
2022-23,1630178,Tyrese Maxey,1610612755,PHI,60,39,21,33.6,2.3,5.6,0.417,5.7,1.0,2.6,0.387,0.506
2022-23,1626145,Tyus Jones,1610612763,MEM,80,51,29,24.2,1.8,3.9,0.444,3.9,0.4,1.2,0.365,0.5
2022-23,1628962,Udoka Azubuike,1610612762,UTA,36,17,19,10.0,0.0,0.0,,0.0,,,,
2022-23,2617,Udonis Haslem,1610612748,MIA,7,4,3,10.3,0.3,0.6,0.5,0.6,0.0,0.0,,0.5
2022-23,1630586,Usman Garuba,1610612745,HOU,75,21,54,12.9,0.0,0.0,0.0,0.0,0.0,0.0,0.0,0.0
2022-23,1630176,Vernon Carey Jr.,1610612762,UTA,11,8,3,2.6,0.0,0.0,,0.0,,,,
2022-23,203506,Victor Oladipo,1610612748,MIA,42,23,19,26.3,1.5,3.8,0.404,3.9,0.8,2.1,0.371,0.506
2022-23,1631246,Vince Williams Jr.,1610612763,MEM,15,7,8,7.0,0.0,0.1,0.0,0.0,0.0,0.1,0.0,0.0
2022-23,1630249,Vit Krejci,1610612737,ATL,29,15,14,5.7,0.1,0.2,0.429,0.3,0.1,0.2,0.4,0.571
2022-23,1628427,Vlatko Cancar,1610612743,DEN,60,38,22,14.8,0.1,0.2,0.286,0.2,0.1,0.1,0.375,0.393
2022-23,1631117,Walker Kessler,1610612762,UTA,74,34,40,23.0,0.0,0.0,,0.0,0.0,0.0,,
2022-23,1628976,Wendell Carter Jr.,1610612753,ORL,57,26,31,29.6,0.4,1.1,0.391,0.9,0.0,0.1,0.167,0.398
2022-23,1631111,Wendell Moore Jr.,1610612750,MIN,29,16,13,5.3,0.0,0.2,0.2,0.1,0.0,0.1,0.5,0.3
2022-23,1629117,Wenyen Gabriel,1610612747,LAL,68,37,31,15.1,0.0,0.0,0.5,0.0,0.0,0.0,0.5,0.75
2022-23,202083,Wesley Matthews,1610612749,MIL,52,37,15,15.8,0.1,0.4,0.273,0.3,0.1,0.3,0.267,0.364
2022-23,203115,Will Barton,1610612761,TOR,56,27,29,17.7,0.8,2.4,0.328,2.0,0.4,1.4,0.316,0.416
2022-23,1626195,Willy Hernangomez,1610612740,NOP,38,23,15,12.0,0.0,0.0,0.0,0.0,0.0,0.0,,0.0
2022-23,1641645,Xavier Cooks,1610612764,WAS,10,2,8,12.6,0.0,0.2,0.0,0.0,0.0,0.1,0.0,0.0
2022-23,1629875,Xavier Moon,1610612746,LAC,4,2,2,4.9,0.3,1.5,0.167,0.5,0.0,0.3,0.0,0.167
2022-23,1630270,Xavier Sneed,1610612766,CHA,4,0,4,12.1,0.0,0.3,0.0,0.0,0.0,0.0,,0.0
2022-23,1630214,Xavier Tillman,1610612763,MEM,61,40,21,19.3,0.1,0.3,0.474,0.3,0.0,0.0,0.0,0.474
2022-23,1629139,Yuta Watanabe,1610612751,BKN,58,30,28,16.0,0.1,0.3,0.222,0.1,0.0,0.1,0.0,0.222
2022-23,1628380,Zach Collins,1610612759,SAS,63,20,43,22.9,0.1,0.3,0.211,0.1,0.0,0.1,0.2,0.237
2022-23,203897,Zach LaVine,1610612741,CHI,77,38,39,35.9,3.0,7.6,0.387,7.2,1.3,3.9,0.342,0.474
2022-23,1630192,Zeke Nnaji,1610612743,DEN,53,34,19,13.7,0.0,0.1,0.0,0.0,0.0,0.1,0.0,0.0
2022-23,1630533,Ziaire Williams,1610612763,MEM,37,21,16,15.2,0.5,1.2,0.435,1.3,0.2,0.4,0.438,0.511
2022-23,1629627,Zion Williamson,1610612740,NOP,29,17,12,33.0,0.2,0.8,0.318,0.5,0.0,0.1,0.25,0.341
2021-22,203932,Aaron Gordon,1610612743,DEN,75,46,29,31.7,0.8,2.1,0.369,1.7,0.2,0.7,0.3,0.417
2021-22,1630565,Aaron Henry,1610612755,PHI,6,6,0,2.8,0.0,0.3,0.0,0.0,0.0,0.2,0.0,0.0
2021-22,1628988,Aaron Holiday,1610612756,PHX,63,34,29,16.2,0.7,1.6,0.398,1.5,0.2,0.5,0.448,0.461
2021-22,1630174,Aaron Nesmith,1610612738,BOS,52,32,20,11.0,0.2,0.6,0.333,0.5,0.1,0.3,0.176,0.379
2021-22,1630598,Aaron Wiggins,1610612760,OKC,50,13,37,24.2,0.1,0.4,0.263,0.2,0.0,0.2,0.2,0.316
2021-22,1627846,Abdel Nader,1610612756,PHX,14,11,3,10.4,0.0,0.2,0.0,0.0,0.0,0.2,0.0,0.0
2021-22,1630278,Ade Murkey,1610612758,SAC,1,0,1,1.5,0.0,0.0,,0.0,,,,
2021-22,1629678,Admiral Schofield,1610612753,ORL,38,10,28,12.3,0.1,0.2,0.333,0.2,0.1,0.2,0.286,0.444
2021-22,1629958,Ahmad Caver,1610612754,IND,1,0,1,0.8,0.0,0.0,,0.0,,,,
2021-22,201143,Al Horford,1610612738,BOS,69,46,23,29.1,0.2,0.3,0.524,0.4,0.1,0.1,1.0,0.619
2021-22,202692,Alec Burks,1610612752,NYK,81,37,44,28.6,1.3,3.5,0.363,3.2,0.7,1.8,0.386,0.461
2021-22,1630758,Aleem Ford,1610612753,ORL,5,2,3,14.7,0.0,0.0,,0.0,0.0,0.0,,
2021-22,1630197,Aleksej Pokusevski,1610612760,OKC,61,19,42,20.2,0.4,1.4,0.277,0.8,0.1,0.4,0.192,0.307
2021-22,1627936,Alex Caruso,1610612741,CHI,41,24,17,28.0,0.4,1.3,0.321,1.0,0.1,0.6,0.217,0.368
2021-22,203458,Alex Len,1610612758,SAC,39,17,22,15.9,0.0,0.1,0.2,0.1,0.0,0.0,,0.2
2021-22,1628035,Alfonzo McKinnie,1610612741,CHI,17,8,9,12.1,0.1,0.6,0.2,0.2,0.0,0.1,0.0,0.2
2021-22,1628993,Alize Johnson,1610612740,NOP,23,14,9,7.3,0.0,0.0,0.0,0.0,0.0,0.0,,0.0
2021-22,1630578,Alperen Sengun,1610612745,HOU,72,18,54,20.7,0.1,0.5,0.211,0.3,0.0,0.2,0.125,0.237
2021-22,1629599,Amir Coffey,1610612746,LAC,69,33,36,22.7,0.5,1.3,0.382,1.1,0.1,0.5,0.286,0.438
2021-22,203083,Andre Drummond,1610612751,BKN,73,42,31,19.7,0.0,0.1,0.375,0.1,0.0,0.0,0.0,0.375
2021-22,2738,Andre Iguodala,1610612744,GSW,31,20,11,19.4,0.1,0.5,0.118,0.2,0.0,0.4,0.091,0.147
2021-22,203952,Andrew Wiggins,1610612744,GSW,73,47,26,31.9,1.4,3.9,0.362,3.1,0.3,1.0,0.338,0.404
2021-22,1629014,Anfernee Simons,1610612757,POR,57,25,32,29.5,2.8,7.0,0.406,6.9,1.2,3.6,0.337,0.494
2021-22,203076,Anthony Davis,1610612747,LAL,40,17,23,35.1,1.2,3.9,0.312,2.5,0.1,0.1,0.5,0.318
2021-22,1630162,Anthony Edwards,1610612750,MIN,72,39,33,34.2,2.2,6.8,0.325,6.1,1.7,5.1,0.325,0.446
2021-22,1630264,Anthony Gill,1610612764,WAS,44,15,29,10.5,0.0,0.0,,0.0,0.0,0.0,,
2021-22,1630237,Anthony Lamb,1610612745,HOU,2,0,2,3.8,0.0,0.0,,0.0,0.0,0.0,,
2021-22,1629717,Armoni Brooks,1610612761,TOR,54,20,34,15.6,0.6,1.9,0.288,1.6,0.5,1.8,0.292,0.423
2021-22,1629083,Arnoldas Kulboka,1610612766,CHA,2,2,0,2.7,0.0,0.0,,0.0,0.0,0.0,,
2021-22,1630559,Austin Reaves,1610612747,LAL,61,28,33,23.2,0.4,1.1,0.324,0.8,0.1,0.6,0.147,0.36
2021-22,203085,Austin Rivers,1610612743,DEN,67,41,26,22.1,0.2,1.0,0.212,0.6,0.2,0.8,0.222,0.303
2021-22,202340,Avery Bradley,1610612747,LAL,62,27,35,22.7,0.5,1.3,0.372,1.1,0.2,0.5,0.419,0.455
2021-22,1630245,Ayo Dosunmu,1610612741,CHI,77,42,35,27.4,0.7,1.4,0.505,1.4,0.0,0.1,0.222,0.514
2021-22,1629168,BJ Johnson,1610612753,ORL,4,2,2,16.1,0.8,1.5,0.5,1.5,0.0,0.3,0.0,0.5
2021-22,1628389,Bam Adebayo,1610612748,MIA,56,36,20,32.6,0.9,2.5,0.353,1.8,0.0,0.1,0.0,0.353
2021-22,203463,Ben McLemore,1610612757,POR,64,20,44,20.1,0.6,1.7,0.342,1.5,0.3,1.2,0.282,0.441
2021-22,202687,Bismack Biyombo,1610612756,PHX,36,30,6,14.1,0.0,0.1,0.0,0.0,,,,0.0
2021-22,201933,Blake Griffin,1610612751,BKN,56,29,27,17.1,0.2,0.6,0.355,0.5,0.1,0.4,0.3,0.452
2021-22,1626246,Boban Marjanovic,1610612742,DAL,23,15,8,5.6,0.3,0.6,0.571,0.7,0.0,0.0,,0.571
2021-22,1626171,Bobby Portis,1610612749,MIL,72,46,26,28.2,0.8,1.9,0.449,1.8,0.1,0.2,0.5,0.471
2021-22,203992,Bogdan Bogdanovic,1610612737,ATL,63,33,30,29.3,2.0,4.7,0.42,4.8,0.9,2.5,0.357,0.515
2021-22,202711,Bojan Bogdanovic,1610612762,UTA,69,45,24,30.9,1.1,3.0,0.362,2.7,0.5,1.4,0.378,0.45
2021-22,1629626,Bol Bol,1610612753,ORL,14,5,9,5.8,0.1,0.6,0.25,0.3,0.0,0.0,,0.25
2021-22,1630538,Bones Hyland,1610612743,DEN,69,41,28,19.0,1.1,3.1,0.37,3.0,0.8,2.0,0.369,0.493
2021-22,202954,Brad Wanamaker,1610612764,WAS,23,10,13,13.9,0.5,1.4,0.333,1.0,0.0,0.4,0.0,0.333
2021-22,203078,Bradley Beal,1610612764,WAS,40,17,23,36.0,3.3,8.1,0.41,7.4,0.8,2.5,0.31,0.458
2021-22,1630527,Brandon Boston Jr.,1610612746,LAC,51,26,25,14.9,0.9,2.8,0.34,2.2,0.3,1.1,0.309,0.401
2021-22,1629634,Brandon Clarke,1610612763,MEM,64,44,20,19.5,0.1,0.4,0.36,0.3,0.0,0.0,,0.36
2021-22,1629164,Brandon Goodwin,1610612739,CLE,36,19,17,13.9,0.6,1.5,0.364,1.3,0.2,0.7,0.333,0.436
2021-22,1627742,Brandon Ingram,1610612740,NOP,55,29,26,34.0,3.5,8.1,0.436,7.2,0.2,0.9,0.213,0.447
2021-22,202688,Brandon Knight,1610612742,DAL,5,2,3,12.9,0.2,1.8,0.111,0.6,0.2,1.6,0.125,0.167
2021-22,1630314,Brandon Williams,1610612757,POR,24,2,22,26.7,1.3,4.0,0.313,2.9,0.4,1.9,0.222,0.365
2021-22,1630296,Braxton Key,1610612765,DET,11,5,6,17.9,0.2,1.0,0.182,0.5,0.1,0.4,0.25,0.227
2021-22,1630271,Brodric Thomas,1610612738,BOS,12,8,4,5.0,0.1,0.3,0.333,0.3,0.1,0.3,0.333,0.5
2021-22,201572,Brook Lopez,1610612749,MIL,13,10,3,23.0,0.2,1.2,0.2,0.6,0.2,0.5,0.333,0.267
2021-22,1628971,Bruce Brown,1610612751,BKN,72,37,35,24.6,0.1,0.4,0.25,0.2,0.0,0.0,0.333,0.266
2021-22,1628981,Bruno Fernando,1610612745,HOU,30,15,15,5.1,0.0,0.0,1.0,0.1,0.0,0.0,,1.0
2021-22,1627854,Bryn Forbes,1610612743,DEN,75,36,39,17.1,1.0,2.4,0.404,2.2,0.3,0.7,0.38,0.456
2021-22,1627741,Buddy Hield,1610612754,IND,81,26,55,30.8,1.6,4.7,0.346,4.2,0.9,3.0,0.31,0.445
2021-22,1629604,CJ Elleby,1610612757,POR,58,17,41,20.2,0.2,0.6,0.257,0.3,0.0,0.1,0.0,0.257
2021-22,203468,CJ McCollum,1610612740,NOP,62,28,34,34.6,4.2,9.8,0.429,9.9,1.5,4.1,0.35,0.502
2021-22,101139,CJ Miles,1610612738,BOS,1,1,0,2.0,0.0,0.0,,0.0,,,,
2021-22,1630595,Cade Cunningham,1610612765,DET,64,20,44,32.6,1.8,5.1,0.354,4.2,0.6,2.0,0.302,0.412
2021-22,1628997,Caleb Martin,1610612748,MIA,60,37,23,22.9,0.4,1.0,0.407,1.0,0.2,0.5,0.429,0.508
2021-22,1629629,Cam Reddish,1610612752,NYK,49,20,29,20.7,0.8,2.8,0.304,2.0,0.3,1.0,0.275,0.356
2021-22,1630560,Cam Thomas,1610612751,BKN,67,32,35,17.6,1.9,4.2,0.443,4.0,0.3,1.2,0.253,0.479
2021-22,1629661,Cameron Johnson,1610612756,PHX,66,50,16,26.2,0.2,1.1,0.222,0.6,0.1,0.4,0.292,0.271
2021-22,1630787,Cameron McGriff,1610612757,POR,3,0,3,15.3,0.7,1.3,0.5,2.0,0.7,0.7,1.0,0.75
2021-22,1628419,Cameron Oliver,1610612737,ATL,2,1,1,21.6,0.5,0.5,1.0,1.0,0.0,0.0,,1.0
2021-22,1626166,Cameron Payne,1610612756,PHX,58,46,12,22.0,1.2,3.4,0.364,3.0,0.5,1.7,0.299,0.437
2021-22,1627747,Caris LeVert,1610612739,CLE,58,23,35,30.7,2.4,6.6,0.36,5.4,0.7,2.6,0.262,0.411
2021-22,1630637,Carlik Jones,1610612743,DEN,5,3,2,4.7,0.0,0.8,0.0,0.0,0.0,0.0,,0.0
2021-22,2546,Carmelo Anthony,1610612747,LAL,69,27,42,26.0,1.5,3.3,0.471,3.3,0.3,0.7,0.383,0.511
2021-22,1629035,Carsen Edwards,1610612765,DET,4,1,3,19.8,1.5,3.5,0.429,3.8,0.8,2.3,0.333,0.536
2021-22,1630199,Cassius Stanley,1610612765,DET,9,3,6,17.2,0.1,0.7,0.167,0.2,0.0,0.2,0.0,0.167
2021-22,1630216,Cassius Winston,1610612764,WAS,7,1,6,5.6,0.3,0.7,0.4,0.6,0.0,0.3,0.0,0.4
2021-22,1627760,Cat Barber,1610612737,ATL,3,0,3,4.3,0.0,0.7,0.0,0.0,,,,0.0
2021-22,1626224,Cedi Osman,1610612739,CLE,66,37,29,22.1,0.6,1.6,0.374,1.7,0.5,1.1,0.4,0.514
2021-22,1628990,Chandler Hutchison,1610612756,PHX,6,4,2,3.7,0.0,0.0,,0.0,,,,
2021-22,1629646,Charles Bassey,1610612755,PHI,23,11,12,7.3,0.0,0.1,0.5,0.1,0.0,0.0,0.0,0.5
2021-22,1629718,Charlie Brown Jr.,1610612755,PHI,22,16,6,8.1,0.0,0.1,0.0,0.0,0.0,0.0,,0.0
2021-22,1630602,Chaundee Brown Jr.,1610612737,ATL,5,1,4,20.7,0.4,1.4,0.286,1.0,0.2,0.4,0.5,0.357
2021-22,1627767,Cheick Diallo,1610612765,DET,3,0,3,10.2,0.0,0.0,,0.0,,,,
2021-22,1629002,Chimezie Metu,1610612758,SAC,60,23,37,21.3,0.4,1.1,0.358,0.9,0.1,0.3,0.222,0.388
2021-22,1628449,Chris Boucher,1610612761,TOR,80,48,32,21.1,0.1,0.5,0.167,0.2,0.0,0.1,0.182,0.194
2021-22,1629185,Chris Chiozza,1610612744,GSW,34,21,13,10.9,0.2,0.7,0.261,0.4,0.1,0.4,0.214,0.326
2021-22,1630537,Chris Duarte,1610612754,IND,55,21,34,28.0,1.7,4.7,0.365,4.1,0.6,2.0,0.315,0.431
2021-22,101108,Chris Paul,1610612756,PHX,65,53,12,32.9,4.1,8.5,0.481,8.9,0.6,2.1,0.302,0.519
2021-22,1629735,Chris Silva,1610612748,MIA,10,7,3,9.1,0.0,0.0,,0.0,,,,
2021-22,1626174,Christian Wood,1610612745,HOU,68,19,49,30.8,0.7,2.0,0.343,1.8,0.4,1.2,0.375,0.455
2021-22,1629643,Chuma Okeke,1610612753,ORL,70,21,49,25.0,0.4,1.6,0.264,1.1,0.2,0.9,0.262,0.336
2021-22,203991,Clint Capela,1610612737,ATL,74,40,34,27.6,0.0,0.0,0.333,0.0,0.0,0.0,,0.333
2021-22,1629632,Coby White,1610612741,CHI,61,32,29,27.5,1.0,2.9,0.362,2.5,0.4,1.2,0.311,0.427
2021-22,1628998,Cody Martin,1610612766,CHA,71,41,30,26.3,0.2,0.8,0.315,0.6,0.1,0.2,0.471,0.389
2021-22,203469,Cody Zeller,1610612757,POR,27,13,14,13.1,0.0,0.0,0.0,0.0,0.0,0.0,0.0,0.0
2021-22,1630175,Cole Anthony,1610612753,ORL,65,18,47,31.7,1.9,5.5,0.343,4.5,0.7,2.4,0.288,0.405
2021-22,1629012,Collin Sexton,1610612739,CLE,11,7,4,28.8,0.9,3.5,0.263,2.1,0.3,1.1,0.25,0.303
2021-22,1630557,Corey Kispert,1610612764,WAS,77,31,46,23.4,0.2,0.8,0.31,0.5,0.0,0.2,0.167,0.336
2021-22,202709,Cory Joseph,1610612765,DET,65,19,46,24.6,0.6,1.8,0.325,1.3,0.2,0.5,0.314,0.373
2021-22,1628591,Craig Sword,1610612764,WAS,3,1,2,6.3,0.0,0.0,,0.0,0.0,0.0,,
2021-22,1626156,D'Angelo Russell,1610612750,MIN,65,39,26,31.9,2.5,6.9,0.36,6.2,1.2,3.8,0.329,0.45
2021-22,201571,D.J. Augustin,1610612747,LAL,55,15,40,16.1,0.4,1.3,0.301,1.1,0.3,1.1,0.302,0.432
2021-22,1628391,D.J. Wilson,1610612761,TOR,4,2,2,13.5,0.8,1.5,0.5,1.5,0.0,0.3,0.0,0.5
2021-22,1629610,DaQuan Jeffries,1610612763,MEM,3,3,0,2.9,0.0,0.0,,0.0,0.0,0.0,,
2021-22,1630227,Daishen Nix,1610612745,HOU,24,3,21,10.9,0.1,0.5,0.231,0.4,0.1,0.5,0.273,0.346
2021-22,1629751,Dakota Mathias,1610612763,MEM,6,5,1,2.7,0.0,0.2,0.0,0.0,0.0,0.2,0.0,0.0
2021-22,1630625,Dalano Banton,1610612761,TOR,64,37,27,10.9,0.3,0.8,0.333,0.6,0.1,0.2,0.385,0.382
2021-22,1627745,Damian Jones,1610612758,SAC,56,19,37,18.2,0.1,0.2,0.231,0.1,0.0,0.0,0.0,0.231
2021-22,203081,Damian Lillard,1610612757,POR,29,12,17,36.4,3.6,10.4,0.348,9.4,2.2,7.1,0.304,0.452
2021-22,1627814,Damion Lee,1610612744,GSW,63,41,22,19.9,0.4,1.3,0.316,0.9,0.1,0.3,0.444,0.367
2021-22,1628422,Damyean Dotson,1610612752,NYK,2,1,1,10.3,0.5,1.0,0.5,1.0,0.0,0.0,,0.5
2021-22,1629655,Daniel Gafford,1610612764,WAS,72,30,42,20.1,0.0,0.0,1.0,0.0,0.0,0.0,,1.0
2021-22,1630187,Daniel Oturu,1610612761,TOR,3,1,2,9.1,0.0,0.0,,0.0,0.0,0.0,,
2021-22,1628464,Daniel Theis,1610612738,BOS,47,20,27,20.8,0.0,0.2,0.125,0.0,0.0,0.0,0.0,0.125
2021-22,201568,Danilo Gallinari,1610612737,ATL,66,35,31,25.3,1.0,2.9,0.344,2.1,0.2,0.8,0.192,0.37
2021-22,201980,Danny Green,1610612755,PHI,62,37,25,21.8,0.2,0.8,0.224,0.5,0.1,0.6,0.175,0.296
2021-22,1627863,Danuel House Jr.,1610612762,UTA,42,18,24,17.3,0.3,0.8,0.353,0.7,0.1,0.5,0.316,0.441
2021-22,1629647,Darius Bazley,1610612760,OKC,69,19,50,27.9,0.2,0.7,0.245,0.4,0.1,0.5,0.206,0.316
2021-22,1629636,Darius Garland,1610612739,CLE,68,37,31,35.7,3.4,7.8,0.434,8.3,1.5,3.8,0.405,0.533
2021-22,201954,Darren Collison,1610612747,LAL,3,1,2,12.4,0.0,0.7,0.0,0.0,0.0,0.0,,0.0
2021-22,1630561,David Duke Jr.,1610612751,BKN,22,10,12,15.5,0.1,0.5,0.167,0.2,0.0,0.2,0.0,0.167
2021-22,1630525,David Johnson,1610612761,TOR,2,2,0,1.0,0.0,0.0,,0.0,0.0,0.0,,
2021-22,1628021,David Nwaba,1610612745,HOU,46,6,40,13.2,0.1,0.1,0.75,0.2,0.0,0.0,0.5,0.875
2021-22,1630558,Davion Mitchell,1610612758,SAC,75,28,47,27.7,1.8,5.1,0.357,4.2,0.5,1.9,0.284,0.409
2021-22,202722,Davis Bertans,1610612742,DAL,56,32,24,14.4,0.2,0.5,0.346,0.5,0.1,0.4,0.348,0.5
2021-22,1628432,Davon Reed,1610612743,DEN,48,29,19,13.9,0.6,1.0,0.551,1.3,0.1,0.4,0.353,0.612
2021-22,1630549,Day'Ron Sharpe,1610612751,BKN,32,12,20,12.2,0.0,0.0,,0.0,0.0,0.0,,
2021-22,1628368,De'Aaron Fox,1610612758,SAC,59,22,37,35.3,3.6,8.7,0.409,7.8,0.7,2.6,0.271,0.449
2021-22,1629631,De'Andre Hunter,1610612737,ATL,53,28,25,29.8,1.1,2.8,0.377,2.2,0.1,0.3,0.278,0.394
2021-22,1629001,De'Anthony Melton,1610612763,MEM,73,49,24,22.7,0.8,2.6,0.318,2.1,0.4,1.4,0.307,0.398
2021-22,201599,DeAndre Jordan,1610612755,PHI,48,26,22,13.0,0.0,0.0,0.0,0.0,,,,0.0
2021-22,1627761,DeAndre' Bembry,1610612749,MIL,56,31,25,18.3,0.0,0.1,0.0,0.0,0.0,0.0,,0.0
2021-22,1630610,DeJon Jarreau,1610612754,IND,1,0,1,0.9,0.0,0.0,,0.0,,,,
2021-22,201942,DeMar DeRozan,1610612741,CHI,76,43,33,36.1,6.0,12.2,0.493,12.1,0.1,0.3,0.304,0.497
2021-22,202326,DeMarcus Cousins,1610612743,DEN,48,33,15,14.9,0.0,0.2,0.222,0.1,0.0,0.1,0.167,0.278
2021-22,1629731,Dean Wade,1610612739,CLE,51,27,24,19.2,0.2,0.4,0.409,0.4,0.0,0.1,0.25,0.432
2021-22,1629028,Deandre Ayton,1610612756,PHX,58,46,12,29.5,0.3,0.5,0.516,0.6,0.0,0.0,0.0,0.516
2021-22,1629686,Deividas Sirvydis,1610612765,DET,3,1,2,8.9,0.0,0.3,0.0,0.0,0.0,0.3,0.0,0.0
2021-22,1627749,Dejounte Murray,1610612759,SAS,68,30,38,34.8,3.5,8.4,0.413,7.4,0.5,1.7,0.28,0.441
2021-22,1626153,Delon Wright,1610612737,ATL,77,42,35,18.9,0.3,0.7,0.412,0.7,0.2,0.4,0.382,0.539
2021-22,1630166,Deni Avdija,1610612764,WAS,82,35,47,24.2,0.2,0.7,0.31,0.5,0.1,0.3,0.333,0.388
2021-22,203471,Dennis Schroder,1610612745,HOU,64,32,32,28.7,1.5,3.9,0.388,3.3,0.3,1.0,0.323,0.428
2021-22,1628372,Dennis Smith Jr.,1610612757,POR,37,15,22,17.3,0.4,1.2,0.318,0.8,0.1,0.3,0.273,0.352
2021-22,1627756,Denzel Valentine,1610612762,UTA,24,14,10,9.2,0.1,0.5,0.154,0.2,0.0,0.3,0.143,0.192
2021-22,202324,Derrick Favors,1610612760,OKC,39,15,24,16.7,0.1,0.1,0.6,0.2,0.0,0.0,,0.6
2021-22,1627884,Derrick Jones Jr.,1610612741,CHI,51,28,23,17.6,0.0,0.0,0.5,0.1,0.0,0.0,0.5,0.75
2021-22,201565,Derrick Rose,1610612752,NYK,26,11,15,24.5,1.2,3.6,0.34,3.0,0.5,1.3,0.382,0.41
2021-22,1628476,Derrick Walton Jr.,1610612765,DET,3,1,2,36.1,0.3,2.7,0.125,0.7,0.0,0.7,0.0,0.125
2021-22,1628401,Derrick White,1610612738,BOS,75,40,35,29.3,1.1,2.8,0.378,2.4,0.3,1.2,0.287,0.438
2021-22,1630217,Desmond Bane,1610612763,MEM,76,53,23,29.8,2.5,6.0,0.417,6.3,1.3,3.0,0.431,0.523
2021-22,1626164,Devin Booker,1610612756,PHX,68,56,12,34.5,5.2,11.8,0.443,11.8,1.3,3.8,0.357,0.499
2021-22,1629962,Devin Cannady,1610612753,ORL,5,2,3,28.9,0.2,1.4,0.143,0.6,0.2,0.8,0.25,0.214
2021-22,1630170,Devin Vassell,1610612759,SAS,71,29,42,27.3,1.3,3.3,0.386,2.7,0.1,0.6,0.22,0.406
2021-22,1629653,Devon Dotson,1610612741,CHI,11,5,6,7.7,0.0,0.3,0.0,0.0,0.0,0.0,,0.0
2021-22,1629719,Devontae Cacok,1610612759,SAS,15,5,10,8.1,0.1,0.1,0.5,0.1,,,,0.5
2021-22,1628984,Devonte' Graham,1610612740,NOP,76,34,42,28.4,1.4,4.6,0.301,3.5,0.7,2.8,0.257,0.38
2021-22,203473,Dewayne Dedmon,1610612748,MIA,67,43,24,15.9,0.0,0.1,0.2,0.0,0.0,0.0,0.0,0.2
2021-22,1629712,Didi Louzada,1610612757,POR,9,0,9,14.4,0.3,0.6,0.6,0.9,0.2,0.3,0.667,0.8
2021-22,1628415,Dillon Brooks,1610612763,MEM,32,22,10,27.7,2.7,7.2,0.371,5.9,0.6,2.1,0.288,0.413
2021-22,1627734,Domantas Sabonis,1610612758,SAC,62,21,41,34.4,0.1,0.5,0.182,0.2,0.0,0.1,0.2,0.197
2021-22,1628378,Donovan Mitchell,1610612762,UTA,67,41,26,33.8,3.7,9.5,0.394,9.7,2.2,6.2,0.356,0.509
2021-22,1628978,Donte DiVincenzo,1610612758,SAC,42,21,21,23.9,0.5,1.9,0.244,1.3,0.4,1.3,0.278,0.34
2021-22,1627827,Dorian Finney-Smith,1610612742,DAL,80,51,29,33.0,0.2,0.7,0.308,0.5,0.1,0.4,0.286,0.385
2021-22,203926,Doug McDermott,1610612759,SAS,51,21,30,24.0,0.6,1.5,0.446,1.7,0.4,0.9,0.432,0.574
2021-22,203110,Draymond Green,1610612744,GSW,46,34,12,28.9,0.1,0.3,0.2,0.1,0.0,0.0,0.0,0.2
2021-22,1629234,Drew Eubanks,1610612757,POR,71,19,52,17.5,0.2,0.3,0.579,0.3,0.0,0.0,,0.579
2021-22,1630613,Duane Washington Jr.,1610612754,IND,48,12,36,20.2,0.8,2.4,0.351,2.0,0.3,1.2,0.281,0.421
2021-22,1629130,Duncan Robinson,1610612748,MIA,79,52,27,25.9,0.9,2.0,0.453,2.6,0.8,1.8,0.451,0.657
2021-22,2730,Dwight Howard,1610612747,LAL,60,21,39,16.2,0.0,0.1,0.333,0.1,0.0,0.0,0.5,0.5
2021-22,203939,Dwight Powell,1610612742,DAL,82,52,30,21.9,0.0,0.1,0.333,0.0,0.0,0.0,0.0,0.333
2021-22,1629685,Dylan Windler,1610612739,CLE,50,28,22,9.2,0.0,0.1,0.167,0.1,0.0,0.1,0.25,0.25
2021-22,202334,Ed Davis,1610612739,CLE,31,15,16,6.5,0.0,0.0,,0.0,,,,
2021-22,203901,Elfrid Payton,1610612756,PHX,50,39,11,11.0,0.2,0.6,0.286,0.3,0.0,0.1,0.333,0.304
2021-22,1630190,Elijah Hughes,1610612757,POR,36,15,21,12.1,0.4,1.1,0.325,0.9,0.2,0.5,0.421,0.425
2021-22,1629150,Emanuel Terry,1610612756,PHX,3,2,1,6.1,0.0,0.0,,0.0,,,,
2021-22,1626144,Emmanuel Mudiay,1610612758,SAC,2,0,2,5.5,0.0,1.0,0.0,0.0,,,,0.0
2021-22,202683,Enes Freedom,1610612738,BOS,35,20,15,11.8,0.0,0.1,0.5,0.1,0.0,0.0,1.0,0.75
2021-22,202339,Eric Bledsoe,1610612757,POR,54,27,27,25.2,0.8,2.7,0.292,1.7,0.1,0.7,0.158,0.313
2021-22,201569,Eric Gordon,1610612745,HOU,57,19,38,29.3,0.8,2.2,0.381,2.4,0.7,1.9,0.374,0.54
2021-22,1629672,Eric Paschall,1610612762,UTA,58,36,22,12.7,0.1,0.1,0.375,0.1,0.0,0.0,0.0,0.375
2021-22,1630647,Eugene Omoruyi,1610612742,DAL,4,1,3,4.5,0.0,0.5,0.0,0.0,0.0,0.0,,0.0
2021-22,203095,Evan Fournier,1610612752,NYK,80,36,44,29.5,1.8,4.7,0.39,4.6,1.0,2.7,0.349,0.492
2021-22,1630596,Evan Mobley,1610612739,CLE,69,40,29,33.8,0.8,2.1,0.374,1.6,0.0,0.1,0.125,0.378
2021-22,1630267,Facundo Campazzo,1610612743,DEN,65,38,27,18.2,0.4,1.3,0.289,1.0,0.3,1.0,0.266,0.392
2021-22,1630624,Feron Hunt,1610612752,NYK,2,2,0,4.2,0.0,0.0,,0.0,,,,
2021-22,1628402,Frank Jackson,1610612765,DET,53,9,44,22.0,0.8,2.2,0.371,1.9,0.3,1.2,0.25,0.44
2021-22,1626163,Frank Kaminsky,1610612756,PHX,9,8,1,20.1,0.3,0.6,0.6,0.7,0.0,0.0,,0.6
2021-22,1628373,Frank Ntilikina,1610612742,DAL,58,34,24,11.8,0.4,1.1,0.344,0.8,0.1,0.4,0.238,0.383
2021-22,1630532,Franz Wagner,1610612753,ORL,79,21,58,30.7,0.7,2.0,0.342,1.8,0.4,1.3,0.324,0.447
2021-22,1627832,Fred VanVleet,1610612761,TOR,65,39,26,37.9,3.3,8.8,0.373,8.3,1.7,5.2,0.331,0.47
2021-22,1630273,Freddie Gillespie,1610612753,ORL,9,1,8,13.2,0.1,0.1,1.0,0.2,0.0,0.0,,1.0
2021-22,1627788,Furkan Korkmaz,1610612755,PHI,67,44,23,21.1,0.6,2.1,0.305,1.6,0.3,1.2,0.265,0.383
2021-22,1629216,Gabe Vincent,1610612748,MIA,68,47,21,23.4,1.0,2.9,0.364,2.7,0.6,1.8,0.325,0.464
2021-22,1628221,Gabe York,1610612754,IND,2,0,2,10.7,0.0,0.5,0.0,0.0,0.0,0.5,0.0,0.0
2021-22,1630466,Gabriel Deck,1610612760,OKC,7,2,5,7.9,0.3,0.4,0.667,0.6,0.0,0.0,,0.667
2021-22,1630994,Gabriel Lundberg,1610612756,PHX,4,1,3,11.1,0.8,2.8,0.273,1.8,0.3,1.0,0.25,0.318
2021-22,202066,Garrett Temple,1610612740,NOP,59,23,36,18.6,0.2,1.0,0.211,0.5,0.1,0.4,0.217,0.254
2021-22,1629726,Garrison Mathews,1610612745,HOU,65,19,46,26.3,0.3,0.9,0.328,0.9,0.3,0.8,0.327,0.483
2021-22,1629109,Gary Clark,1610612740,NOP,38,20,18,10.0,0.1,0.2,0.444,0.3,0.1,0.2,0.5,0.667
2021-22,203914,Gary Harris,1610612753,ORL,61,16,45,28.4,0.6,2.2,0.271,1.4,0.2,0.9,0.222,0.316
2021-22,1627780,Gary Payton II,1610612744,GSW,71,47,24,17.6,0.0,0.1,0.2,0.0,0.0,0.0,0.0,0.2
2021-22,1629018,Gary Trent Jr.,1610612761,TOR,70,44,26,35.0,3.0,7.5,0.395,7.0,1.0,3.0,0.346,0.464
2021-22,201588,George Hill,1610612749,MIL,54,36,18,23.2,0.2,1.0,0.218,0.5,0.1,0.5,0.111,0.245
2021-22,1628994,George King,1610612742,DAL,4,2,2,4.8,0.0,0.0,,0.0,0.0,0.0,,
2021-22,1627777,Georges Niang,1610612755,PHI,76,48,28,22.8,0.2,0.6,0.333,0.5,0.1,0.2,0.471,0.422
2021-22,1630686,Georgios Kalaitzakis,1610612760,OKC,13,8,5,16.4,0.2,0.9,0.25,0.5,0.1,0.2,0.333,0.292
2021-22,203507,Giannis Antetokounmpo,1610612749,MIL,67,45,22,32.9,2.4,6.6,0.362,5.5,0.7,2.7,0.275,0.418
2021-22,1629048,Goga Bitadze,1610612754,IND,50,17,33,14.6,0.0,0.2,0.125,0.0,0.0,0.1,0.0,0.125
2021-22,201609,Goran Dragic,1610612751,BKN,21,10,11,23.7,0.6,2.3,0.25,1.2,0.1,0.7,0.143,0.271
2021-22,202330,Gordon Hayward,1610612766,CHA,49,26,23,31.9,1.7,3.8,0.439,3.7,0.3,0.8,0.425,0.484
2021-22,203476,Gorgui Dieng,1610612737,ATL,44,23,21,8.4,0.3,0.6,0.556,0.9,0.2,0.3,0.615,0.704
2021-22,1629684,Grant Williams,1610612738,BOS,77,49,28,24.4,0.1,0.4,0.29,0.3,0.1,0.2,0.389,0.403
2021-22,1628960,Grayson Allen,1610612749,MIL,66,43,23,27.3,0.8,1.8,0.441,2.1,0.5,1.2,0.432,0.589
2021-22,1630535,Greg Brown III,1610612757,POR,48,14,34,13.3,0.1,0.4,0.158,0.2,0.0,0.1,0.4,0.211
2021-22,202328,Greg Monroe,1610612750,MIN,14,7,7,13.9,0.0,0.1,0.0,0.0,,,,0.0
2021-22,1628977,Hamidou Diallo,1610612765,DET,58,14,44,21.9,0.8,1.8,0.411,1.6,0.1,0.2,0.444,0.43
2021-22,203084,Harrison Barnes,1610612758,SAC,77,27,50,33.6,0.6,1.8,0.355,1.6,0.3,1.1,0.317,0.447
2021-22,202355,Hassan Whiteside,1610612762,UTA,65,40,25,17.9,0.0,0.2,0.1,0.0,,,,0.1
2021-22,1629755,Hassani Gravett,1610612753,ORL,8,2,6,21.4,0.8,2.0,0.375,1.8,0.3,1.4,0.182,0.438
2021-22,1629312,Haywood Highsmith,1610612748,MIA,19,13,6,8.6,0.1,0.2,0.333,0.1,0.0,0.1,0.0,0.333
2021-22,1630529,Herbert Jones,1610612740,NOP,78,36,42,29.9,0.1,0.3,0.292,0.2,0.0,0.1,0.0,0.292
2021-22,1629649,Ignas Brazdeikis,1610612753,ORL,42,9,33,12.8,0.2,0.6,0.346,0.5,0.1,0.4,0.267,0.423
2021-22,1630193,Immanuel Quickley,1610612752,NYK,78,35,43,23.1,1.9,5.3,0.36,5.0,1.2,3.3,0.351,0.469
2021-22,1629067,Isaac Bonga,1610612761,TOR,15,9,6,4.6,0.0,0.0,,0.0,0.0,0.0,,
2021-22,1630171,Isaac Okoro,1610612739,CLE,67,34,33,29.6,0.0,0.3,0.053,0.0,0.0,0.1,0.0,0.053
2021-22,1628392,Isaiah Hartenstein,1610612746,LAC,68,37,31,17.9,0.1,0.3,0.278,0.2,0.0,0.1,0.4,0.333
2021-22,1630543,Isaiah Jackson,1610612754,IND,36,9,27,15.0,0.1,0.3,0.182,0.1,0.0,0.1,0.5,0.227
2021-22,1630198,Isaiah Joe,1610612755,PHI,55,35,20,11.1,0.2,0.7,0.22,0.4,0.0,0.3,0.118,0.244
2021-22,1630587,Isaiah Livers,1610612765,DET,19,8,11,20.2,0.3,0.7,0.385,0.6,0.1,0.2,0.333,0.423
2021-22,1629676,Isaiah Roby,1610612760,OKC,45,10,35,21.1,0.3,0.5,0.542,0.8,0.2,0.3,0.667,0.75
2021-22,1630191,Isaiah Stewart,1610612765,DET,71,21,50,25.6,0.0,0.1,0.111,0.0,0.0,0.0,0.5,0.167
2021-22,202738,Isaiah Thomas,1610612766,CHA,22,12,10,15.2,1.4,3.2,0.437,3.3,0.5,1.5,0.333,0.514
2021-22,1630225,Isaiah Todd,1610612764,WAS,12,1,11,6.2,0.0,0.2,0.0,0.0,0.0,0.0,,0.0
2021-22,202397,Ish Smith,1610612764,WAS,65,27,38,17.3,1.6,3.9,0.426,3.5,0.2,0.6,0.293,0.45
2021-22,1630688,Ish Wainright,1610612756,PHX,45,36,9,8.0,0.0,0.0,0.0,0.0,0.0,0.0,,0.0
2021-22,1627826,Ivica Zubac,1610612746,LAC,76,40,36,24.4,0.0,0.1,0.75,0.1,,,,0.75
2021-22,1630550,JT Thor,1610612766,CHA,33,18,15,7.9,0.1,0.2,0.25,0.1,0.0,0.1,0.0,0.25
2021-22,1629630,Ja Morant,1610612763,MEM,57,36,21,33.1,2.3,6.3,0.369,5.5,0.8,2.4,0.338,0.433
2021-22,203210,JaMychal Green,1610612743,DEN,67,36,31,16.2,0.1,0.1,0.4,0.1,0.0,0.0,0.0,0.4
2021-22,1630605,JaQuori McLaughlin,1610612742,DAL,4,2,2,2.7,0.0,0.5,0.0,0.0,0.0,0.3,0.0,0.0
2021-22,201580,JaVale McGee,1610612756,PHX,74,57,17,15.8,0.1,0.4,0.423,0.3,0.0,0.0,0.5,0.442
2021-22,203953,Jabari Parker,1610612738,BOS,12,4,8,9.4,0.3,0.7,0.375,0.6,0.1,0.2,0.5,0.438
2021-22,1630183,Jaden McDaniels,1610612750,MIN,70,40,30,25.8,0.4,0.9,0.452,0.9,0.1,0.2,0.353,0.5
2021-22,1630531,Jaden Springer,1610612755,PHI,2,2,0,2.8,0.0,0.0,,0.0,,,,
2021-22,203109,Jae Crowder,1610612756,PHX,67,54,13,28.1,0.6,1.8,0.358,1.5,0.2,0.8,0.264,0.417
2021-22,1630256,Jae'Sean Tate,1610612745,HOU,78,19,59,26.4,0.1,0.3,0.308,0.3,0.1,0.3,0.4,0.462
2021-22,1630186,Jahmi'us Ramsey,1610612758,SAC,19,2,17,7.0,0.3,0.6,0.417,0.6,0.1,0.1,0.5,0.458
2021-22,1630693,Jaime Echenique,1610612764,WAS,1,1,0,3.1,0.0,0.0,,0.0,,,,
2021-22,1627774,Jake Layman,1610612750,MIN,34,20,14,6.8,0.1,0.3,0.333,0.2,0.0,0.1,0.0,0.333
2021-22,1627751,Jakob Poeltl,1610612759,SAS,68,30,38,29.0,0.1,0.4,0.4,0.3,0.0,0.0,1.0,0.42
2021-22,1628973,Jalen Brunson,1610612742,DAL,79,50,29,31.9,2.4,5.2,0.451,5.0,0.3,1.0,0.313,0.482
2021-22,1630224,Jalen Green,1610612745,HOU,67,12,55,31.9,1.6,4.7,0.348,4.3,1.0,3.0,0.342,0.456
2021-22,1630552,Jalen Johnson,1610612737,ATL,22,14,8,5.5,0.0,0.3,0.0,0.0,0.0,0.0,0.0,0.0
2021-22,1629667,Jalen McDaniels,1610612766,CHA,55,34,21,16.3,0.1,0.3,0.412,0.3,0.0,0.1,0.333,0.441
2021-22,1630188,Jalen Smith,1610612754,IND,51,29,22,18.1,0.1,0.3,0.176,0.1,0.0,0.0,0.0,0.176
2021-22,1630591,Jalen Suggs,1610612753,ORL,48,16,32,27.2,0.8,3.5,0.234,2.0,0.3,1.8,0.19,0.281
2021-22,1630547,James Bouknight,1610612766,CHA,31,15,16,9.8,0.3,1.1,0.294,0.9,0.3,0.7,0.364,0.412
2021-22,203516,James Ennis III,1610612743,DEN,7,3,4,7.9,0.0,0.1,0.0,0.0,0.0,0.0,,0.0
2021-22,201935,James Harden,1610612755,PHI,65,40,25,37.2,2.6,7.4,0.344,7.0,1.9,5.8,0.332,0.473
2021-22,201949,James Johnson,1610612751,BKN,62,30,32,19.2,0.1,0.6,0.194,0.3,0.0,0.3,0.167,0.236
2021-22,1630691,Jamorko Pickett,1610612765,DET,13,4,9,13.6,0.2,0.5,0.333,0.5,0.2,0.2,1.0,0.5
2021-22,1630215,Jared Butler,1610612762,UTA,42,31,11,8.6,0.7,1.7,0.384,1.7,0.4,1.3,0.309,0.5
2021-22,1629607,Jared Harper,1610612740,NOP,5,2,3,8.6,1.4,2.2,0.636,3.2,0.4,0.8,0.5,0.727
2021-22,1628991,Jaren Jackson Jr.,1610612763,MEM,78,53,25,27.3,0.2,0.7,0.293,0.5,0.1,0.3,0.25,0.345
2021-22,1629020,Jarred Vanderbilt,1610612750,MIN,74,41,33,25.4,0.0,0.0,0.333,0.0,0.0,0.0,0.0,0.333
2021-22,1628386,Jarrett Allen,1610612739,CLE,56,35,21,32.3,0.1,0.1,0.429,0.1,0.0,0.0,0.5,0.5
2021-22,1629633,Jarrett Culver,1610612763,MEM,37,28,9,9.1,0.3,1.0,0.333,0.7,0.1,0.3,0.25,0.375
2021-22,1629600,Jarron Cumberland,1610612757,POR,3,0,3,4.1,0.0,0.0,,0.0,0.0,0.0,,
2021-22,1629602,Javin DeLaurier,1610612749,MIL,1,1,0,2.8,0.0,0.0,,0.0,,,,
2021-22,1629750,Javonte Green,1610612741,CHI,65,38,27,23.4,0.1,0.2,0.455,0.2,0.0,0.0,0.5,0.5
2021-22,1630606,Javonte Smart,1610612748,MIA,17,11,6,11.8,0.3,1.3,0.227,0.7,0.1,0.6,0.2,0.273
2021-22,1629637,Jaxson Hayes,1610612740,NOP,70,29,41,20.0,0.0,0.2,0.154,0.1,0.0,0.1,0.2,0.192
2021-22,1630643,Jay Huff,1610612747,LAL,4,0,4,5.1,0.0,0.0,,0.0,0.0,0.0,,
2021-22,1630206,Jay Scrubb,1610612746,LAC,18,8,10,6.7,0.3,0.7,0.462,0.8,0.1,0.3,0.4,0.538
2021-22,1627759,Jaylen Brown,1610612738,BOS,66,43,23,33.6,2.2,5.6,0.398,5.3,0.8,2.4,0.348,0.474
2021-22,1629658,Jaylen Hoard,1610612760,OKC,7,2,5,34.2,0.4,1.4,0.3,1.0,0.1,0.6,0.25,0.35
2021-22,1628537,Jaylen Morris,1610612759,SAS,3,0,3,5.3,0.0,0.3,0.0,0.0,0.0,0.3,0.0,0.0
2021-22,1629669,Jaylen Nowell,1610612750,MIN,62,37,25,15.7,0.9,2.0,0.452,2.1,0.3,0.7,0.413,0.528
2021-22,1629873,Jaysean Paige,1610612765,DET,1,1,0,6.6,0.0,1.0,0.0,0.0,0.0,0.0,,0.0
2021-22,1628369,Jayson Tatum,1610612738,BOS,76,49,27,35.9,2.9,8.2,0.352,7.5,1.7,5.0,0.334,0.454
2021-22,1630288,Jeff Dowtin Jr.,1610612753,ORL,9,4,5,12.0,0.3,1.0,0.333,0.7,0.0,0.2,0.0,0.333
2021-22,201145,Jeff Green,1610612743,DEN,75,44,31,24.7,0.2,0.7,0.321,0.5,0.0,0.1,0.333,0.348
2021-22,1629203,Jemerrio Jones,1610612747,LAL,2,0,2,7.4,0.0,0.0,,0.0,,,,
2021-22,203924,Jerami Grant,1610612765,DET,47,11,36,31.9,1.5,4.2,0.36,3.1,0.1,0.4,0.3,0.376
2021-22,1630526,Jeremiah Robinson-Earl,1610612760,OKC,49,15,34,22.2,0.1,0.2,0.273,0.1,0.0,0.1,0.0,0.273
2021-22,203087,Jeremy Lamb,1610612758,SAC,56,23,33,16.7,0.9,2.4,0.371,2.1,0.3,1.0,0.327,0.439
2021-22,1630579,Jericho Sims,1610612752,NYK,41,19,22,13.5,0.0,0.0,0.0,0.0,,,,0.0
2021-22,1628975,Jevon Carter,1610612749,MIL,66,39,27,13.7,0.7,1.7,0.44,1.8,0.4,0.8,0.453,0.55
2021-22,202710,Jimmy Butler,1610612748,MIA,57,38,19,33.9,1.7,4.4,0.392,3.6,0.1,0.7,0.19,0.408
2021-22,1629111,Jock Landale,1610612759,SAS,54,24,30,10.9,0.1,0.1,0.429,0.1,0.0,0.1,0.333,0.5
2021-22,203925,Joe Harris,1610612751,BKN,14,10,4,30.2,0.5,1.1,0.438,1.2,0.2,0.5,0.429,0.531
2021-22,204060,Joe Ingles,1610612757,POR,45,28,17,24.9,0.6,1.8,0.309,1.6,0.5,1.6,0.297,0.444
2021-22,2207,Joe Johnson,1610612738,BOS,1,1,0,2.0,1.0,1.0,1.0,2.0,,,,1.0
2021-22,1630580,Joe Wieskamp,1610612759,SAS,29,11,18,7.1,0.1,0.5,0.267,0.4,0.1,0.4,0.273,0.367
2021-22,1630555,Joel Ayayi,1610612764,WAS,7,1,6,2.9,0.1,0.7,0.2,0.3,0.0,0.1,0.0,0.2
2021-22,203954,Joel Embiid,1610612755,PHI,68,45,23,33.8,3.0,7.3,0.411,6.5,0.5,1.3,0.356,0.444
2021-22,1628381,John Collins,1610612737,ATL,54,26,28,30.8,0.4,1.0,0.407,0.8,0.0,0.1,0.333,0.417
2021-22,1629723,John Konchar,1610612763,MEM,72,48,24,17.9,0.1,0.5,0.303,0.3,0.1,0.2,0.364,0.364
2021-22,1630257,Jon Teske,1610612763,MEM,3,3,0,2.6,0.0,0.0,,0.0,,,,
2021-22,202685,Jonas Valanciunas,1610612740,NOP,74,34,40,30.3,0.3,0.9,0.328,0.6,0.0,0.0,,0.328
2021-22,1630228,Jonathan Kuminga,1610612744,GSW,70,44,26,16.9,0.1,0.5,0.27,0.3,0.0,0.2,0.188,0.311
2021-22,1628395,Jordan Bell,1610612741,CHI,1,1,0,2.0,0.0,0.0,,0.0,,,,
2021-22,203903,Jordan Clarkson,1610612762,UTA,79,47,32,27.1,1.9,5.0,0.375,4.9,1.2,3.6,0.332,0.495
2021-22,1630692,Jordan Goodwin,1610612764,WAS,2,1,1,3.0,0.0,0.5,0.0,0.0,0.0,0.0,,0.0
2021-22,1629162,Jordan McLaughlin,1610612750,MIN,62,36,26,14.5,0.2,0.6,0.306,0.5,0.1,0.4,0.292,0.403
2021-22,1629670,Jordan Nwora,1610612749,MIL,62,34,28,19.1,0.8,2.5,0.331,2.0,0.4,1.0,0.355,0.403
2021-22,1629673,Jordan Poole,1610612744,GSW,76,49,27,30.0,1.8,4.7,0.379,4.6,1.0,2.9,0.342,0.483
2021-22,1630648,Jordan Schakel,1610612764,WAS,4,1,3,7.6,0.0,0.3,0.0,0.0,0.0,0.0,,0.0
2021-22,1630631,Jose Alvarado,1610612740,NOP,54,25,29,15.4,0.4,1.3,0.353,0.9,0.0,0.4,0.091,0.368
2021-22,1630528,Josh Christopher,1610612745,HOU,74,18,56,18.0,0.6,1.8,0.343,1.5,0.2,0.8,0.279,0.407
2021-22,1630581,Josh Giddey,1610612760,OKC,54,17,37,31.5,1.1,3.3,0.344,2.6,0.3,0.9,0.327,0.389
2021-22,1630182,Josh Green,1610612742,DAL,67,44,23,15.5,0.2,0.6,0.359,0.4,0.0,0.0,0.333,0.372
2021-22,1628404,Josh Hart,1610612757,POR,54,20,34,33.2,0.9,2.4,0.386,2.3,0.4,1.2,0.375,0.48
2021-22,1628367,Josh Jackson,1610612758,SAC,51,12,39,16.3,0.4,1.3,0.308,0.9,0.1,0.4,0.238,0.346
2021-22,1629006,Josh Okogie,1610612750,MIN,49,23,26,10.5,0.0,0.0,1.0,0.1,0.0,0.0,1.0,1.5
2021-22,1626196,Josh Richardson,1610612759,SAS,65,38,27,24.6,0.9,2.1,0.413,1.8,0.1,0.2,0.4,0.435
2021-22,1630563,Joshua Primo,1610612759,SAS,50,22,28,19.3,0.3,0.9,0.295,0.6,0.1,0.3,0.313,0.352
2021-22,201950,Jrue Holiday,1610612749,MIL,67,47,20,32.9,2.9,6.2,0.458,7.1,1.4,3.3,0.406,0.567
2021-22,1629308,Juan Toscano-Anderson,1610612744,GSW,73,51,22,13.6,0.1,0.2,0.412,0.3,0.1,0.2,0.385,0.559
2021-22,1627823,Juancho Hernangomez,1610612762,UTA,40,20,20,11.1,0.0,0.0,0.0,0.0,0.0,0.0,0.0,0.0
2021-22,203944,Julius Randle,1610612752,NYK,72,32,40,35.3,2.4,6.9,0.346,5.4,0.7,2.0,0.333,0.394
2021-22,1626147,Justin Anderson,1610612754,IND,16,3,13,19.7,0.6,1.3,0.5,1.4,0.2,0.4,0.5,0.575
2021-22,1630551,Justin Champagnie,1610612761,TOR,36,21,15,7.8,0.0,0.0,,0.0,0.0,0.0,,
2021-22,203200,Justin Holiday,1610612758,SAC,74,25,49,27.8,0.8,2.1,0.389,2.1,0.4,1.2,0.36,0.487
2021-22,1628382,Justin Jackson,1610612756,PHX,7,6,1,5.2,0.1,0.7,0.2,0.3,0.0,0.0,,0.2
2021-22,1629620,Justin Robinson,1610612765,DET,25,13,12,12.1,0.3,1.2,0.258,0.8,0.1,0.5,0.25,0.306
2021-22,1626159,Justise Winslow,1610612757,POR,48,24,24,16.1,0.1,0.6,0.226,0.3,0.0,0.1,0.333,0.242
2021-22,203994,Jusuf Nurkic,1610612757,POR,56,25,31,28.2,0.1,0.3,0.25,0.2,0.0,0.1,0.5,0.313
2021-22,1629752,Juwan Morgan,1610612738,BOS,2,1,1,15.5,0.0,0.0,,0.0,0.0,0.0,,
2021-22,1630231,KJ Martin,1610612745,HOU,79,20,59,21.0,0.0,0.1,0.286,0.1,0.0,0.1,0.4,0.429
2021-22,1629644,KZ Okpala,1610612748,MIA,21,14,7,11.6,0.0,0.1,0.333,0.1,0.0,0.0,0.0,0.333
2021-22,1630539,Kai Jones,1610612766,CHA,21,14,7,3.0,0.0,0.1,0.0,0.0,0.0,0.0,,0.0
2021-22,1626157,Karl-Anthony Towns,1610612750,MIN,74,44,30,33.5,0.7,1.7,0.402,1.7,0.3,0.7,0.455,0.5
2021-22,1626208,Keifer Sykes,1610612754,IND,32,6,26,17.7,0.6,2.5,0.253,1.4,0.2,0.9,0.179,0.285
2021-22,1628966,Keita Bates-Diop,1610612759,SAS,59,23,36,16.2,0.1,0.3,0.294,0.2,0.0,0.1,0.2,0.324
2021-22,1629103,Kelan Martin,1610612738,BOS,30,14,16,15.0,0.7,1.9,0.357,1.4,0.1,0.5,0.133,0.375
2021-22,1629640,Keldon Johnson,1610612759,SAS,75,33,42,31.9,0.6,1.7,0.328,1.3,0.1,0.5,0.216,0.359
2021-22,1629833,Keljin Blevins,1610612757,POR,31,4,27,11.3,0.3,0.9,0.286,0.7,0.2,0.6,0.278,0.375
2021-22,203482,Kelly Olynyk,1610612765,DET,40,13,27,19.1,0.4,1.5,0.259,1.0,0.2,0.9,0.257,0.336
2021-22,1626162,Kelly Oubre Jr.,1610612766,CHA,76,39,37,26.3,0.8,2.3,0.343,2.1,0.5,1.5,0.345,0.455
2021-22,202689,Kemba Walker,1610612752,NYK,37,16,21,25.6,2.0,5.5,0.361,5.2,1.2,3.6,0.348,0.475
2021-22,1629026,Kenrich Williams,1610612760,OKC,49,17,32,21.9,0.6,1.5,0.37,1.3,0.2,0.5,0.333,0.425
2021-22,203145,Kent Bazemore,1610612747,LAL,39,16,23,14.0,0.3,0.9,0.278,0.7,0.2,0.4,0.471,0.389
2021-22,203484,Kentavious Caldwell-Pope,1610612764,WAS,77,34,43,30.2,1.6,3.9,0.401,3.5,0.4,1.2,0.312,0.45
2021-22,1630553,Keon Johnson,1610612757,POR,37,8,29,18.8,0.6,2.4,0.261,1.7,0.5,1.1,0.405,0.358
2021-22,1630556,Kessler Edwards,1610612751,BKN,48,22,26,20.6,0.3,0.6,0.483,0.6,0.0,0.0,0.0,0.483
2021-22,201142,Kevin Durant,1610612751,BKN,55,36,19,37.2,5.6,11.4,0.488,12.3,1.1,2.8,0.403,0.537
2021-22,1628989,Kevin Huerter,1610612737,ATL,74,40,34,29.6,1.4,3.4,0.42,3.3,0.4,1.3,0.299,0.476
2021-22,1628995,Kevin Knox II,1610612737,ATL,30,18,12,7.4,0.1,0.4,0.182,0.2,0.0,0.2,0.167,0.227
2021-22,201567,Kevin Love,1610612739,CLE,74,38,36,22.5,0.7,1.9,0.353,1.7,0.4,1.1,0.367,0.457
2021-22,1630698,Kevin Pangos,1610612739,CLE,24,16,8,6.9,0.3,0.7,0.438,0.8,0.2,0.4,0.4,0.563
2021-22,1629645,Kevin Porter Jr.,1610612745,HOU,61,16,45,31.3,2.2,6.5,0.332,5.9,1.6,4.8,0.332,0.454
2021-22,1626172,Kevon Looney,1610612744,GSW,82,53,29,21.1,0.0,0.3,0.182,0.1,0.0,0.0,,0.182
2021-22,203920,Khem Birch,1610612761,TOR,55,34,21,18.0,0.1,0.2,0.333,0.1,0.0,0.0,,0.333
2021-22,203114,Khris Middleton,1610612749,MIL,66,44,22,32.4,3.3,8.0,0.413,7.8,1.2,3.3,0.361,0.488
2021-22,1630165,Killian Hayes,1610612765,DET,66,21,45,25.0,0.6,2.1,0.277,1.2,0.1,0.5,0.125,0.292
2021-22,1629681,Killian Tillie,1610612763,MEM,36,27,9,12.8,0.1,0.2,0.286,0.1,0.0,0.1,0.25,0.357
2021-22,1630184,Kira Lewis Jr.,1610612740,NOP,24,6,18,14.2,0.5,2.0,0.277,1.3,0.2,0.9,0.19,0.319
2021-22,202691,Klay Thompson,1610612744,GSW,32,17,15,29.4,3.3,7.3,0.451,7.8,1.2,2.6,0.452,0.532
2021-22,1627739,Kris Dunn,1610612757,POR,14,1,13,24.0,0.8,2.1,0.367,1.6,0.0,0.2,0.0,0.367
2021-22,204001,Kristaps Porzingis,1610612764,WAS,51,26,25,29.0,1.2,2.8,0.434,2.5,0.0,0.3,0.118,0.441
2021-22,203937,Kyle Anderson,1610612763,MEM,69,46,23,21.5,0.5,1.4,0.344,1.0,0.0,0.2,0.231,0.359
2021-22,1629657,Kyle Guy,1610612748,MIA,19,15,4,9.8,0.4,0.9,0.389,0.8,0.1,0.5,0.2,0.444
2021-22,1628398,Kyle Kuzma,1610612764,WAS,66,29,37,33.4,1.3,3.8,0.332,2.9,0.3,1.3,0.274,0.377
2021-22,200768,Kyle Lowry,1610612748,MIA,63,41,22,33.9,2.0,4.7,0.419,5.1,1.1,2.9,0.381,0.535
2021-22,202681,Kyrie Irving,1610612751,BKN,29,14,15,37.6,4.8,10.9,0.44,11.2,1.6,3.7,0.435,0.514
2021-22,200746,LaMarcus Aldridge,1610612751,BKN,47,26,21,22.3,1.0,2.0,0.489,2.0,0.0,0.0,0.0,0.489
2021-22,1630163,LaMelo Ball,1610612766,CHA,75,39,36,32.3,2.3,6.3,0.369,5.6,1.0,3.0,0.341,0.451
2021-22,1630205,Lamar Stevens,1610612739,CLE,63,35,28,16.1,0.5,1.1,0.403,0.9,0.0,0.0,0.0,0.403
2021-22,202362,Lance Stephenson,1610612754,IND,46,11,35,17.7,1.2,3.1,0.38,2.6,0.2,0.7,0.333,0.419
2021-22,1629013,Landry Shamet,1610612756,PHX,69,53,16,20.8,0.6,1.8,0.331,1.4,0.3,0.9,0.277,0.405
2021-22,204038,Langston Galloway,1610612749,MIL,7,4,3,15.2,0.6,1.0,0.571,1.3,0.1,0.1,1.0,0.643
2021-22,1626204,Larry Nance Jr.,1610612740,NOP,46,19,27,22.6,0.0,0.2,0.182,0.1,0.0,0.1,0.0,0.182
2021-22,1628374,Lauri Markkanen,1610612739,CLE,61,32,29,30.8,0.3,1.0,0.266,0.6,0.0,0.2,0.0,0.266
2021-22,2544,LeBron James,1610612747,LAL,56,25,31,37.2,2.6,7.1,0.374,6.6,1.3,4.0,0.336,0.468
2021-22,1630195,Leandro Bolmaro,1610612750,MIN,35,19,16,6.9,0.1,0.3,0.25,0.2,0.0,0.1,0.333,0.292
2021-22,1629623,Lindell Wigginton,1610612749,MIL,19,11,8,10.5,0.1,0.4,0.286,0.3,0.1,0.4,0.286,0.429
2021-22,1630322,Lindy Waters III,1610612760,OKC,25,6,19,18.6,0.6,1.3,0.438,1.6,0.5,1.2,0.448,0.641
2021-22,1629022,Lonnie Walker IV,1610612759,SAS,70,27,43,23.0,1.3,3.9,0.348,3.0,0.3,1.2,0.262,0.389
2021-22,1628366,Lonzo Ball,1610612741,CHI,35,22,13,34.6,1.1,3.1,0.339,2.9,0.7,1.8,0.413,0.459
2021-22,101150,Lou Williams,1610612737,ATL,56,33,23,14.3,1.1,3.2,0.352,2.6,0.3,0.9,0.354,0.399
2021-22,1629663,Louis King,1610612758,SAC,10,2,8,10.4,0.7,2.2,0.318,1.7,0.3,0.8,0.375,0.386
2021-22,1629652,Luguentz Dort,1610612760,OKC,51,17,34,32.7,1.0,2.7,0.364,2.7,0.7,1.9,0.396,0.5
2021-22,1629029,Luka Doncic,1610612742,DAL,65,44,21,35.4,4.8,12.9,0.375,12.4,2.7,7.6,0.358,0.48
2021-22,1630568,Luka Garza,1610612765,DET,32,3,29,12.2,0.1,0.3,0.333,0.2,0.0,0.0,0.0,0.333
2021-22,1628379,Luke Kennard,1610612746,LAC,70,35,35,27.4,1.2,3.1,0.405,3.0,0.5,1.3,0.396,0.488
2021-22,1628436,Luke Kornet,1610612738,BOS,15,11,4,6.9,0.0,0.0,,0.0,0.0,0.0,,
2021-22,1630640,MJ Walker,1610612756,PHX,2,1,1,4.2,0.0,0.5,0.0,0.0,0.0,0.0,,0.0
2021-22,1630644,Mac McClung,1610612747,LAL,2,2,0,12.2,0.5,1.0,0.5,1.0,0.0,0.5,0.0,0.5
2021-22,1630201,Malachi Flynn,1610612761,TOR,44,25,19,12.2,0.5,1.8,0.304,1.3,0.2,0.8,0.206,0.348
2021-22,1627763,Malcolm Brogdon,1610612754,IND,36,14,22,33.5,2.0,5.4,0.362,4.7,0.8,2.6,0.298,0.434
2021-22,1630792,Malcolm Hill,1610612741,CHI,19,8,11,11.2,0.2,0.3,0.5,0.4,0.1,0.2,0.5,0.667
2021-22,1627736,Malik Beasley,1610612750,MIN,79,46,33,25.0,0.8,2.4,0.344,2.2,0.5,1.5,0.355,0.456
2021-22,1630238,Malik Fitts,1610612738,BOS,15,13,2,4.2,0.0,0.1,0.0,0.0,0.0,0.0,,0.0
2021-22,1628370,Malik Monk,1610612747,LAL,76,32,44,28.1,1.1,3.2,0.357,3.0,0.8,2.3,0.345,0.479
2021-22,1629005,Malik Newman,1610612739,CLE,1,0,1,7.7,2.0,4.0,0.5,4.0,0.0,1.0,0.0,0.5
2021-22,1629603,Mamadi Diakite,1610612760,OKC,13,4,9,14.4,0.0,0.1,0.0,0.0,0.0,0.0,,0.0
2021-22,1630585,Marcus Garrett,1610612748,MIA,12,11,1,10.7,0.1,0.3,0.333,0.2,0.0,0.0,,0.333
2021-22,202694,Marcus Morris Sr.,1610612746,LAC,54,26,28,29.0,2.7,6.1,0.439,5.6,0.2,0.9,0.277,0.459
2021-22,203935,Marcus Smart,1610612738,BOS,71,47,24,32.3,0.4,1.5,0.264,1.0,0.2,0.8,0.22,0.323
2021-22,1628365,Markelle Fultz,1610612753,ORL,18,6,12,20.0,1.8,4.5,0.395,3.7,0.1,0.4,0.286,0.407
2021-22,202693,Markieff Morris,1610612748,MIA,17,10,7,17.5,0.5,1.5,0.36,1.1,0.0,0.1,0.0,0.36
2021-22,1630250,Marko Simonovic,1610612741,CHI,9,4,5,3.9,0.0,0.0,,0.0,0.0,0.0,,
2021-22,1630210,Markus Howard,1610612743,DEN,31,17,14,5.7,0.5,1.5,0.313,1.4,0.4,1.2,0.316,0.438
2021-22,1627737,Marquese Chriss,1610612742,DAL,34,24,10,10.2,0.0,0.1,0.25,0.1,0.0,0.1,0.25,0.375
2021-22,1628963,Marvin Bagley III,1610612765,DET,48,17,31,23.9,0.1,0.5,0.231,0.3,0.0,0.1,0.25,0.25
2021-22,1630222,Mason Jones,1610612747,LAL,4,2,2,12.6,0.5,1.3,0.4,1.3,0.3,0.8,0.333,0.5
2021-22,203486,Mason Plumlee,1610612766,CHA,73,40,33,24.6,0.0,0.2,0.273,0.1,0.0,0.0,0.0,0.273
2021-22,1629680,Matisse Thybulle,1610612755,PHI,66,43,23,25.5,0.1,0.2,0.4,0.3,0.1,0.2,0.5,0.567
2021-22,1629760,Matt Mooney,1610612752,NYK,1,1,0,1.9,0.0,0.0,,0.0,0.0,0.0,,
2021-22,1630346,Matt Ryan,1610612738,BOS,1,1,0,5.3,0.0,0.0,,0.0,0.0,0.0,,
2021-22,1629744,Matt Thomas,1610612741,CHI,40,23,17,11.5,0.7,1.5,0.459,1.7,0.3,0.6,0.4,0.541
2021-22,203090,Maurice Harkless,1610612758,SAC,47,15,32,18.4,0.0,0.2,0.182,0.1,0.0,0.1,0.143,0.227
2021-22,1629622,Max Strus,1610612748,MIA,68,46,22,23.3,0.5,1.3,0.378,1.4,0.4,1.1,0.384,0.533
2021-22,1628467,Maxi Kleber,1610612742,DAL,59,36,23,24.6,0.1,0.5,0.172,0.2,0.0,0.1,0.2,0.19
2021-22,1630593,McKinley Wright IV,1610612750,MIN,5,3,2,3.8,0.2,0.4,0.5,0.6,0.2,0.4,0.5,0.75
2021-22,1628982,Melvin Frazier Jr.,1610612760,OKC,3,0,3,39.9,0.0,0.3,0.0,0.0,0.0,0.3,0.0,0.0
2021-22,1630695,Micah Potter,1610612765,DET,3,2,1,10.3,0.0,0.0,,0.0,0.0,0.0,,
2021-22,1629008,Michael Porter Jr.,1610612743,DEN,9,5,4,29.4,1.3,3.9,0.343,3.1,0.4,1.8,0.25,0.4
2021-22,1628969,Mikal Bridges,1610612756,PHX,82,64,18,34.8,1.2,2.5,0.473,2.5,0.1,0.4,0.31,0.495
2021-22,201144,Mike Conley,1610612762,UTA,72,44,28,28.6,2.2,5.4,0.412,6.0,1.6,3.9,0.409,0.559
2021-22,203488,Mike Muscala,1610612760,OKC,43,15,28,13.8,0.1,0.2,0.625,0.3,0.0,0.0,0.5,0.688
2021-22,1628970,Miles Bridges,1610612766,CHA,80,41,39,35.5,0.9,3.0,0.296,2.3,0.6,2.0,0.28,0.39
2021-22,1630540,Miles McBride,1610612752,NYK,40,19,21,9.3,0.3,1.1,0.267,0.8,0.2,0.8,0.233,0.344
2021-22,1629011,Mitchell Robinson,1610612752,NYK,72,32,40,25.7,0.0,0.0,,0.0,,,,
2021-22,1629671,Miye Oni,1610612762,UTA,16,15,1,2.8,0.0,0.1,0.0,0.0,0.0,0.1,0.0,0.0
2021-22,1628964,Mo Bamba,1610612753,ORL,71,19,52,25.7,0.2,0.6,0.261,0.4,0.0,0.1,0.1,0.272
2021-22,1628420,Monte Morris,1610612743,DEN,75,44,31,29.9,1.7,3.9,0.445,3.8,0.3,0.9,0.324,0.485
2021-22,1626149,Montrezl Harrell,1610612766,CHA,71,36,35,23.1,0.2,0.7,0.319,0.5,0.0,0.1,0.286,0.34
2021-22,1629021,Moritz Wagner,1610612753,ORL,63,16,47,15.2,0.0,0.1,0.125,0.0,0.0,0.1,0.143,0.188
2021-22,1629650,Moses Brown,1610612739,CLE,40,19,21,8.6,0.0,0.0,,0.0,,,,
2021-22,1630541,Moses Moody,1610612744,GSW,52,35,17,11.7,0.2,0.5,0.417,0.5,0.1,0.2,0.4,0.5
2021-22,1630589,Moses Wright,1610612742,DAL,4,4,0,3.7,0.0,0.3,0.0,0.0,0.0,0.0,,0.0
2021-22,1628539,Mychal Mulder,1610612748,MIA,17,3,14,14.1,0.2,0.6,0.3,0.5,0.1,0.4,0.333,0.4
2021-22,1629619,Myles Powell,1610612755,PHI,11,8,3,4.7,0.1,0.6,0.143,0.3,0.1,0.5,0.2,0.214
2021-22,1626167,Myles Turner,1610612754,IND,42,15,27,29.4,0.3,0.7,0.448,0.7,0.1,0.3,0.273,0.5
2021-22,1630230,Naji Marshall,1610612740,NOP,55,23,32,13.4,0.3,0.7,0.368,0.6,0.1,0.2,0.333,0.408
2021-22,1629642,Nassir Little,1610612757,POR,42,19,23,25.9,0.5,1.3,0.382,1.2,0.2,0.6,0.346,0.464
2021-22,1630207,Nate Hinton,1610612754,IND,2,0,2,1.2,0.0,0.0,,0.0,,,,
2021-22,1630233,Nathan Knight,1610612750,MIN,37,22,15,7.2,0.0,0.1,0.0,0.0,0.0,0.0,0.0,0.0
2021-22,1629675,Naz Reid,1610612750,MIN,77,42,35,15.8,0.0,0.1,0.125,0.0,0.0,0.1,0.2,0.188
2021-22,1629674,Neemias Queta,1610612758,SAC,15,4,11,8.0,0.1,0.1,0.5,0.1,,,,0.5
2021-22,202357,Nemanja Bjelica,1610612744,GSW,71,48,23,16.1,0.1,0.3,0.3,0.2,0.1,0.2,0.364,0.4
2021-22,203457,Nerlens Noel,1610612752,NYK,25,10,15,22.5,0.1,0.2,0.5,0.2,0.0,0.0,0.0,0.5
2021-22,1629651,Nic Claxton,1610612751,BKN,47,24,23,20.7,0.0,0.0,1.0,0.0,,,,1.0
2021-22,1630208,Nick Richards,1610612766,CHA,50,25,25,7.3,0.1,0.1,1.0,0.1,,,,1.0
2021-22,1629638,Nickeil Alexander-Walker,1610612762,UTA,65,29,36,22.6,0.8,2.6,0.296,1.9,0.4,1.3,0.293,0.367
2021-22,201587,Nicolas Batum,1610612746,LAC,59,31,28,24.8,0.3,0.9,0.34,0.8,0.2,0.4,0.346,0.425
2021-22,203917,Nik Stauskas,1610612738,BOS,8,7,1,4.8,0.3,0.9,0.286,0.6,0.1,0.5,0.25,0.357
2021-22,203999,Nikola Jokic,1610612743,DEN,74,46,28,33.5,0.6,1.5,0.444,1.4,0.1,0.5,0.324,0.495
2021-22,202696,Nikola Vucevic,1610612741,CHI,73,41,32,33.1,0.4,1.0,0.408,0.9,0.0,0.0,0.333,0.414
2021-22,1626181,Norman Powell,1610612746,LAC,45,15,30,32.4,1.5,3.8,0.406,3.8,0.7,2.0,0.352,0.497
2021-22,203658,Norvel Pelle,1610612762,UTA,3,0,3,6.3,0.0,0.0,,0.0,,,,
2021-22,1628384,OG Anunoby,1610612761,TOR,48,31,17,36.0,1.2,3.9,0.299,2.8,0.4,1.6,0.267,0.353
2021-22,1630167,Obi Toppin,1610612752,NYK,72,32,40,17.1,0.0,0.2,0.188,0.1,0.0,0.1,0.0,0.188
2021-22,1630846,Olivier Sarr,1610612760,OKC,22,6,16,19.1,0.1,0.2,0.4,0.2,0.0,0.0,,0.4
2021-22,1630209,Omer Yurtseven,1610612748,MIA,56,39,17,12.6,0.1,0.2,0.25,0.1,0.0,0.0,,0.25
2021-22,1630168,Onyeka Okongwu,1610612737,ATL,48,26,22,20.7,0.0,0.1,0.667,0.1,,,,0.667
2021-22,1629052,Oshae Brissett,1610612754,IND,67,19,48,23.3,0.1,0.6,0.214,0.3,0.1,0.3,0.238,0.274
2021-22,203490,Otto Porter Jr.,1610612744,GSW,63,41,22,22.2,0.5,1.0,0.476,1.1,0.1,0.3,0.563,0.548
2021-22,200782,P.J. Tucker,1610612748,MIA,71,45,26,27.9,0.2,0.4,0.393,0.4,0.0,0.1,0.6,0.446
2021-22,1629023,P.J. Washington,1610612766,CHA,65,33,32,27.2,0.2,0.6,0.3,0.6,0.2,0.5,0.353,0.45
2021-22,1628408,PJ Dozier,1610612743,DEN,18,9,9,18.9,0.6,1.9,0.314,1.4,0.2,0.8,0.214,0.357
2021-22,1628238,Paris Bass,1610612756,PHX,2,2,0,3.7,0.0,0.0,,0.0,0.0,0.0,,
2021-22,1627783,Pascal Siakam,1610612761,TOR,68,40,28,37.9,2.0,5.0,0.391,4.1,0.1,0.5,0.257,0.404
2021-22,1626192,Pat Connaughton,1610612749,MIL,65,41,24,26.0,0.1,0.3,0.429,0.3,0.1,0.2,0.308,0.524
2021-22,201976,Patrick Beverley,1610612750,MIN,58,33,25,25.4,0.5,2.0,0.27,1.4,0.3,1.2,0.25,0.348
2021-22,1630172,Patrick Williams,1610612741,CHI,17,9,8,24.8,0.9,2.1,0.457,2.0,0.1,0.2,0.5,0.486
2021-22,201988,Patty Mills,1610612751,BKN,81,44,37,29.0,1.2,3.3,0.347,2.9,0.5,1.6,0.333,0.426
2021-22,202331,Paul George,1610612746,LAC,31,18,13,34.8,4.1,11.4,0.363,9.9,1.6,5.1,0.325,0.435
2021-22,200794,Paul Millsap,1610612755,PHI,33,22,11,11.4,0.0,0.2,0.125,0.1,0.0,0.1,0.0,0.125
2021-22,1630194,Paul Reed,1610612755,PHI,38,21,17,8.0,0.0,0.1,0.0,0.0,0.0,0.0,,0.0
2021-22,1628778,Paul Watson,1610612760,OKC,9,2,7,17.4,0.1,0.4,0.25,0.2,0.0,0.3,0.0,0.25
2021-22,1630202,Payton Pritchard,1610612738,BOS,71,46,25,14.1,0.7,1.7,0.419,1.9,0.4,1.0,0.392,0.536
2021-22,1627822,Petr Cornelie,1610612743,DEN,13,3,10,2.9,0.0,0.1,0.0,0.0,0.0,0.1,0.0,0.0
2021-22,1630173,Precious Achiuwa,1610612761,TOR,73,46,27,23.6,0.3,1.0,0.303,0.7,0.0,0.2,0.182,0.316
2021-22,1629656,Quentin Grimes,1610612752,NYK,46,21,25,17.1,0.3,1.2,0.273,0.8,0.2,0.8,0.257,0.355
2021-22,1629683,Quinndary Weatherspoon,1610612744,GSW,11,8,3,6.7,0.0,0.3,0.0,0.0,0.0,0.2,0.0,0.0
2021-22,1630181,R.J. Hampton,1610612753,ORL,64,15,49,21.9,0.3,1.3,0.207,0.7,0.2,0.8,0.208,0.268
2021-22,1629628,RJ Barrett,1610612752,NYK,70,33,37,34.5,0.9,3.1,0.284,2.1,0.3,1.3,0.253,0.337
2021-22,1630612,RJ Nembhard Jr.,1610612739,CLE,14,6,8,4.5,0.0,0.3,0.0,0.0,0.0,0.1,0.0,0.0
2021-22,200765,Rajon Rondo,1610612739,CLE,39,16,23,17.9,0.3,1.2,0.255,0.8,0.2,0.6,0.24,0.319
2021-22,203526,Raul Neto,1610612764,WAS,70,29,41,19.6,0.9,2.0,0.438,1.9,0.2,0.6,0.381,0.496
2021-22,1629730,Rayjon Tucker,1610612749,MIL,5,2,3,14.2,0.4,1.0,0.4,1.2,0.4,0.6,0.667,0.6
2021-22,203493,Reggie Bullock Jr.,1610612742,DAL,68,44,24,28.0,0.3,0.9,0.356,0.7,0.1,0.4,0.2,0.407
2021-22,202704,Reggie Jackson,1610612746,LAC,75,38,37,31.2,2.6,7.4,0.355,6.3,1.0,3.1,0.333,0.425
2021-22,1629617,Reggie Perry,1610612757,POR,10,0,10,18.7,0.3,0.9,0.333,0.6,0.0,0.2,0.0,0.333
2021-22,1626158,Richaun Holmes,1610612758,SAC,45,16,29,23.9,0.1,0.2,0.333,0.1,0.0,0.0,,0.333
2021-22,201937,Ricky Rubio,1610612754,IND,34,20,14,28.5,1.9,5.2,0.36,4.6,0.9,2.4,0.358,0.441
2021-22,1630306,Rob Edwards,1610612760,OKC,2,0,2,5.4,0.5,1.0,0.5,1.5,0.5,1.0,0.5,0.75
2021-22,203496,Robert Covington,1610612746,LAC,71,34,37,27.3,0.3,0.7,0.404,0.7,0.2,0.4,0.481,0.543
2021-22,1629057,Robert Williams III,1610612738,BOS,61,40,21,29.6,0.0,0.0,1.0,0.1,0.0,0.0,,1.0
2021-22,1630218,Robert Woodard II,1610612759,SAS,12,0,12,3.5,0.0,0.4,0.0,0.0,0.0,0.1,0.0,0.0
2021-22,201577,Robin Lopez,1610612753,ORL,36,9,27,17.0,0.1,0.3,0.182,0.1,0.0,0.0,0.0,0.182
2021-22,203918,Rodney Hood,1610612746,LAC,52,30,22,13.6,0.3,1.0,0.333,0.8,0.1,0.4,0.35,0.402
2021-22,203585,Rodney McGruder,1610612765,DET,51,13,38,14.8,0.2,0.6,0.31,0.5,0.1,0.4,0.278,0.397
2021-22,1629641,Romeo Langford,1610612759,SAS,48,24,24,16.1,0.3,0.6,0.464,0.6,0.1,0.2,0.444,0.536
2021-22,1626220,Royce O'Neale,1610612762,UTA,77,46,31,31.2,0.2,0.4,0.412,0.5,0.2,0.4,0.448,0.603
2021-22,200752,Rudy Gay,1610612762,UTA,55,34,21,18.9,0.6,1.9,0.343,1.5,0.2,0.7,0.333,0.402
2021-22,203497,Rudy Gobert,1610612762,UTA,66,42,24,32.1,0.0,0.1,0.167,0.0,0.0,0.0,,0.167
2021-22,1629060,Rui Hachimura,1610612764,WAS,42,16,26,22.5,1.0,2.7,0.36,2.0,0.0,0.1,0.167,0.364
2021-22,201566,Russell Westbrook,1610612747,LAL,78,31,47,34.3,1.8,5.1,0.352,4.0,0.4,1.4,0.303,0.393
2021-22,1627853,Ryan Arcidiacono,1610612752,NYK,10,8,2,7.6,0.2,0.4,0.5,0.5,0.1,0.2,0.5,0.625
2021-22,1630240,Saben Lee,1610612765,DET,37,8,29,16.3,0.2,1.0,0.167,0.4,0.1,0.8,0.143,0.222
2021-22,1630180,Saddiq Bey,1610612765,DET,82,23,59,33.0,1.2,3.8,0.314,2.9,0.5,1.8,0.253,0.375
2021-22,1626155,Sam Dekker,1610612761,TOR,1,1,0,0.9,0.0,0.0,,0.0,,,,
2021-22,1630573,Sam Hauser,1610612738,BOS,26,20,6,6.1,0.1,0.3,0.429,0.3,0.1,0.3,0.429,0.643
2021-22,1630241,Sam Merrill,1610612763,MEM,6,2,4,9.6,0.3,1.3,0.25,1.0,0.3,1.3,0.25,0.375
2021-22,1630572,Sandro Mamukelashvili,1610612749,MIL,41,22,19,9.9,0.0,0.1,0.333,0.1,0.0,0.1,0.333,0.417
2021-22,1630583,Santi Aldama,1610612763,MEM,32,20,12,11.2,0.1,0.4,0.143,0.1,0.0,0.1,0.0,0.143
2021-22,1630567,Scottie Barnes,1610612761,TOR,74,43,31,35.4,0.9,2.3,0.376,1.9,0.1,0.4,0.313,0.406
2021-22,1630575,Scottie Lewis,1610612766,CHA,2,1,1,3.3,0.0,0.0,,0.0,,,,
2021-22,203816,Scotty Hopson,1610612760,OKC,1,0,1,17.7,2.0,2.0,1.0,4.0,0.0,0.0,,1.0
2021-22,1629635,Sekou Doumbouya,1610612747,LAL,2,0,2,8.2,0.0,0.0,,0.0,0.0,0.0,,
2021-22,1628400,Semi Ojeleye,1610612746,LAC,30,14,16,13.5,0.3,0.7,0.4,0.6,0.1,0.2,0.429,0.475
2021-22,201586,Serge Ibaka,1610612749,MIL,54,30,24,16.3,0.1,0.3,0.313,0.2,0.0,0.1,0.667,0.375
2021-22,203552,Seth Curry,1610612751,BKN,64,38,26,33.3,2.8,6.0,0.474,6.4,0.7,2.1,0.348,0.535
2021-22,1628983,Shai Gilgeous-Alexander,1610612760,OKC,56,16,40,34.7,2.9,8.2,0.351,7.0,1.2,4.4,0.273,0.424
2021-22,1629003,Shake Milton,1610612755,PHI,55,34,21,21.4,0.9,2.5,0.35,1.9,0.2,0.7,0.289,0.391
2021-22,1629783,Shaq Buchanan,1610612763,MEM,2,2,0,4.9,0.0,0.5,0.0,0.0,0.0,0.5,0.0,0.0
2021-22,1627885,Shaquille Harrison,1610612751,BKN,2,1,1,11.3,0.0,0.5,0.0,0.0,0.0,0.0,,0.0
2021-22,1630536,Sharife Cooper,1610612737,ATL,13,8,5,3.0,0.1,0.2,0.333,0.2,0.1,0.2,0.333,0.5
2021-22,1630219,Skylar Mays,1610612737,ATL,28,17,11,7.9,0.1,0.3,0.375,0.2,0.0,0.1,0.0,0.375
2021-22,203524,Solomon Hill,1610612737,ATL,13,7,6,10.7,0.0,0.1,0.0,0.0,0.0,0.1,0.0,0.0
2021-22,203915,Spencer Dinwiddie,1610612742,DAL,67,38,29,29.6,1.5,4.5,0.338,3.9,0.8,2.7,0.315,0.431
2021-22,1626169,Stanley Johnson,1610612747,LAL,48,16,32,22.8,0.4,0.6,0.613,0.9,0.1,0.2,0.625,0.694
2021-22,201939,Stephen Curry,1610612744,GSW,64,45,19,34.5,3.5,9.0,0.39,9.5,2.4,6.5,0.374,0.525
2021-22,1628425,Sterling Brown,1610612742,DAL,49,31,18,12.8,0.2,0.5,0.385,0.5,0.1,0.2,0.4,0.462
2021-22,203500,Steven Adams,1610612763,MEM,76,51,25,26.3,0.0,0.1,0.2,0.0,0.0,0.0,0.0,0.2
2021-22,1629004,Svi Mykhailiuk,1610612761,TOR,56,29,27,12.8,0.3,1.1,0.3,0.8,0.2,0.7,0.289,0.392
2021-22,204456,T.J. McConnell,1610612754,IND,27,9,18,24.2,1.1,2.4,0.484,2.4,0.1,0.3,0.375,0.508
2021-22,1629605,Tacko Fall,1610612739,CLE,11,4,7,5.3,0.0,0.0,,0.0,,,,
2021-22,201959,Taj Gibson,1610612752,NYK,52,24,28,18.2,0.0,0.1,0.286,0.1,0.0,0.0,0.0,0.286
2021-22,1629659,Talen Horton-Tucker,1610612747,LAL,60,23,37,25.2,0.9,2.7,0.321,2.0,0.3,1.2,0.268,0.381
2021-22,1627752,Taurean Prince,1610612750,MIN,69,40,29,17.1,0.4,1.0,0.403,1.0,0.1,0.5,0.313,0.472
2021-22,1629611,Terance Mann,1610612746,LAC,81,41,40,28.6,1.0,2.8,0.346,2.2,0.3,1.0,0.269,0.393
2021-22,1629056,Terence Davis,1610612758,SAC,30,11,19,17.9,0.9,2.4,0.356,2.4,0.7,2.0,0.356,0.5
2021-22,203082,Terrence Ross,1610612753,ORL,63,14,49,23.0,1.5,4.0,0.376,3.4,0.4,1.4,0.264,0.424
2021-22,1626179,Terry Rozier,1610612766,CHA,73,38,35,33.7,2.2,5.3,0.41,5.2,0.9,2.5,0.346,0.492
2021-22,1630678,Terry Taylor,1610612754,IND,33,7,26,21.6,0.2,0.4,0.385,0.3,0.0,0.1,0.25,0.423
2021-22,201152,Thaddeus Young,1610612761,TOR,52,27,25,16.3,0.1,0.3,0.294,0.2,0.0,0.1,0.167,0.324
2021-22,203648,Thanasis Antetokounmpo,1610612749,MIL,48,26,22,9.9,0.0,0.2,0.222,0.1,0.0,0.1,0.2,0.278
2021-22,1630177,Theo Maledon,1610612760,OKC,51,14,37,17.8,0.5,1.3,0.354,1.2,0.3,0.7,0.378,0.462
2021-22,1629033,Theo Pinson,1610612742,DAL,19,14,5,7.8,0.2,0.6,0.333,0.5,0.1,0.3,0.167,0.375
2021-22,1628418,Thomas Bryant,1610612764,WAS,27,8,19,16.3,0.1,0.3,0.429,0.2,0.0,0.0,0.0,0.429
2021-22,204025,Tim Frazier,1610612739,CLE,12,1,11,17.3,0.4,1.8,0.238,1.1,0.3,0.6,0.429,0.31
2021-22,203501,Tim Hardaway Jr.,1610612742,DAL,42,24,18,29.6,1.9,5.1,0.364,4.4,0.7,2.2,0.319,0.432
2021-22,1627789,Timothe Luwawu-Cabarrot,1610612737,ATL,52,30,22,13.2,0.2,0.3,0.5,0.4,0.1,0.2,0.625,0.656
2021-22,202699,Tobias Harris,1610612755,PHI,73,45,28,34.8,1.5,3.6,0.416,3.2,0.2,0.6,0.439,0.45
2021-22,203107,Tomas Satoransky,1610612764,WAS,55,21,34,16.5,0.3,1.0,0.298,0.7,0.0,0.2,0.222,0.316
2021-22,1628396,Tony Bradley,1610612741,CHI,55,28,27,10.0,0.0,0.0,0.5,0.0,,,,0.5
2021-22,203503,Tony Snell,1610612740,NOP,53,19,34,15.5,0.1,0.3,0.389,0.3,0.0,0.1,0.286,0.444
2021-22,1628470,Torrey Craig,1610612756,PHX,78,36,42,20.5,0.3,0.8,0.308,0.6,0.1,0.3,0.3,0.354
2021-22,1629027,Trae Young,1610612737,ATL,76,40,36,34.9,5.1,12.0,0.424,12.7,2.6,6.9,0.37,0.53
2021-22,1629309,Trayvon Palmer,1610612765,DET,1,0,1,16.8,0.0,0.0,,0.0,,,,
2021-22,1630200,Tre Jones,1610612759,SAS,69,32,37,16.6,0.7,1.5,0.448,1.4,0.0,0.2,0.133,0.457
2021-22,1630544,Tre Mann,1610612760,OKC,60,17,43,22.8,1.7,4.5,0.381,4.3,0.9,2.5,0.342,0.478
2021-22,1629682,Tremont Waters,1610612764,WAS,3,0,3,16.8,0.7,3.3,0.2,1.7,0.3,2.7,0.125,0.25
2021-22,1630570,Trendon Watford,1610612757,POR,48,16,32,18.1,0.2,0.6,0.276,0.3,0.0,0.0,0.0,0.276
2021-22,1630235,Trent Forrest,1610612762,UTA,60,36,24,12.8,0.1,0.3,0.389,0.3,0.0,0.1,0.2,0.417
2021-22,1630243,Trevelin Queen,1610612745,HOU,10,1,9,7.4,0.5,1.1,0.455,1.5,0.5,1.1,0.455,0.682
2021-22,1630286,Trevon Scott,1610612739,CLE,2,1,1,5.7,0.0,0.5,0.0,0.0,0.0,0.0,,0.0
2021-22,2772,Trevor Ariza,1610612747,LAL,24,8,16,19.3,0.0,0.3,0.125,0.1,0.0,0.3,0.167,0.188
2021-22,203504,Trey Burke,1610612742,DAL,42,24,18,10.5,0.8,2.5,0.337,1.8,0.2,0.6,0.259,0.37
2021-22,1626168,Trey Lyles,1610612758,SAC,75,19,56,20.5,0.2,0.9,0.281,0.5,0.0,0.2,0.125,0.297
2021-22,1630530,Trey Murphy III,1610612740,NOP,62,31,31,13.9,0.1,0.4,0.182,0.2,0.0,0.2,0.273,0.25
2021-22,202684,Tristan Thompson,1610612741,CHI,57,20,37,15.7,0.1,0.1,0.375,0.1,0.0,0.0,0.0,0.375
2021-22,1628972,Troy Brown Jr.,1610612741,CHI,66,37,29,16.0,0.1,0.4,0.296,0.3,0.0,0.1,0.25,0.333
2021-22,1629660,Ty Jerome,1610612760,OKC,48,15,33,16.7,0.7,2.1,0.354,1.7,0.3,1.0,0.245,0.414
2021-22,1629076,Tyler Cook,1610612741,CHI,20,13,7,10.0,0.0,0.0,,0.0,,,,
2021-22,1629788,Tyler Hall,1610612752,NYK,1,1,0,1.9,0.0,0.0,,0.0,,,,
2021-22,1629639,Tyler Herro,1610612748,MIA,66,44,22,32.6,3.1,8.2,0.384,7.5,1.3,3.4,0.375,0.462
2021-22,204020,Tyler Johnson,1610612759,SAS,6,2,4,15.2,0.2,1.0,0.167,0.3,0.0,0.2,0.0,0.167
2021-22,1630179,Tyrell Terry,1610612763,MEM,2,2,0,1.5,0.5,0.5,1.0,1.0,,,,1.0
2021-22,1630169,Tyrese Haliburton,1610612754,IND,77,26,51,35.0,2.8,6.4,0.434,6.8,1.2,3.1,0.404,0.53
2021-22,1630178,Tyrese Maxey,1610612755,PHI,75,45,30,35.3,2.1,5.2,0.402,5.0,0.8,1.9,0.403,0.476
2021-22,1627820,Tyrone Wallace,1610612740,NOP,6,4,2,12.5,0.0,0.5,0.0,0.0,0.0,0.2,0.0,0.0
2021-22,1626145,Tyus Jones,1610612763,MEM,73,51,22,21.2,1.4,3.4,0.408,3.0,0.2,0.6,0.304,0.436
2021-22,1628962,Udoka Azubuike,1610612762,UTA,17,11,6,11.5,0.0,0.0,,0.0,,,,
2021-22,2617,Udonis Haslem,1610612748,MIA,13,10,3,6.4,0.1,0.2,0.333,0.2,0.0,0.0,,0.333
2021-22,1630586,Usman Garuba,1610612745,HOU,24,2,22,10.0,0.0,0.1,0.0,0.0,0.0,0.1,0.0,0.0
2021-22,1630176,Vernon Carey Jr.,1610612764,WAS,7,3,4,6.3,0.1,0.1,1.0,0.3,,,,1.0
2021-22,203506,Victor Oladipo,1610612748,MIA,8,4,4,21.6,1.6,3.8,0.433,4.1,0.9,2.0,0.438,0.55
2021-22,1630249,Vit Krejci,1610612760,OKC,30,8,22,23.0,0.3,0.9,0.333,0.8,0.2,0.6,0.353,0.444
2021-22,1628427,Vlatko Cancar,1610612743,DEN,15,7,8,11.8,0.1,0.2,0.667,0.3,0.1,0.1,1.0,0.833
2021-22,201961,Wayne Ellington,1610612747,LAL,43,15,28,18.8,0.4,1.4,0.295,1.2,0.3,1.2,0.294,0.418
2021-22,1627782,Wayne Selden,1610612752,NYK,3,2,1,6.4,0.3,0.3,1.0,1.0,0.3,0.3,1.0,1.5
2021-22,1628976,Wendell Carter Jr.,1610612753,ORL,62,16,46,29.9,0.6,1.1,0.522,1.2,0.0,0.1,0.286,0.537
2021-22,1629117,Wenyen Gabriel,1610612747,LAL,26,8,18,13.8,0.0,0.1,0.5,0.1,0.0,0.0,1.0,0.75
2021-22,1628411,Wes Iwundu,1610612737,ATL,3,2,1,27.4,0.3,1.0,0.333,0.7,0.0,0.0,,0.333
2021-22,202083,Wesley Matthews,1610612749,MIL,49,33,16,20.5,0.1,0.5,0.174,0.2,0.0,0.4,0.111,0.217
2021-22,203115,Will Barton,1610612743,DEN,71,41,30,32.1,1.5,4.0,0.377,3.8,0.8,2.3,0.338,0.472
2021-22,1626161,Willie Cauley-Stein,1610612755,PHI,20,12,8,9.1,0.1,0.1,1.0,0.1,0.0,0.0,,1.0
2021-22,1626195,Willy Hernangomez,1610612740,NOP,50,22,28,16.8,0.0,0.2,0.25,0.1,0.0,0.1,0.25,0.313
2021-22,1629875,Xavier Moon,1610612746,LAC,10,7,3,13.7,1.7,2.8,0.607,3.6,0.2,0.5,0.4,0.643
2021-22,1630270,Xavier Sneed,1610612762,UTA,9,7,2,4.3,0.0,0.2,0.0,0.0,0.0,0.1,0.0,0.0
2021-22,1630214,Xavier Tillman,1610612763,MEM,53,35,18,13.2,0.2,0.5,0.375,0.4,0.0,0.1,0.25,0.396
2021-22,1629139,Yuta Watanabe,1610612761,TOR,38,21,17,11.7,0.1,0.4,0.294,0.3,0.0,0.1,0.0,0.294
2021-22,1630582,Yves Pons,1610612763,MEM,12,9,3,5.9,0.0,0.0,,0.0,0.0,0.0,,
2021-22,1628380,Zach Collins,1610612759,SAS,28,14,14,17.9,0.1,0.2,0.8,0.3,0.0,0.0,,0.8
2021-22,203897,Zach LaVine,1610612741,CHI,67,37,30,34.7,3.1,8.5,0.366,7.6,1.4,4.3,0.333,0.451
2021-22,1630285,Zavier Simpson,1610612760,OKC,4,1,3,43.5,1.0,3.0,0.333,2.0,0.0,0.8,0.0,0.333
2021-22,1630192,Zeke Nnaji,1610612743,DEN,41,24,17,17.0,0.0,0.1,0.0,0.0,0.0,0.0,,0.0
2021-22,1630533,Ziaire Williams,1610612763,MEM,62,41,21,21.7,0.5,1.4,0.356,1.1,0.1,0.4,0.24,0.391
2021-22,1629597,Zylan Cheatham,1610612762,UTA,1,0,1,5.2,0.0,0.0,,0.0,0.0,0.0,,
2020-21,203932,Aaron Gordon,1610612743,DEN,50,29,21,27.7,1.0,3.2,0.323,2.4,0.4,1.3,0.273,0.38
2020-21,1628988,Aaron Holiday,1610612754,IND,66,30,36,17.8,0.6,1.6,0.374,1.4,0.2,0.7,0.304,0.439
2020-21,1630174,Aaron Nesmith,1610612738,BOS,46,22,24,14.5,0.2,0.7,0.355,0.5,0.1,0.3,0.2,0.403
2020-21,1627846,Abdel Nader,1610612756,PHX,24,16,8,14.8,0.1,0.3,0.333,0.2,0.0,0.1,0.0,0.333
2020-21,1629690,Adam Mokoka,1610612741,CHI,14,3,11,4.0,0.0,0.1,0.0,0.0,0.0,0.1,0.0,0.0
2020-21,201143,Al Horford,1610612738,BOS,28,11,17,27.9,0.5,1.2,0.412,1.0,0.0,0.2,0.167,0.426
2020-21,202329,Al-Farouq Aminu,1610612741,CHI,23,5,18,18.9,0.2,0.4,0.444,0.3,0.0,0.1,0.0,0.444
2020-21,202692,Alec Burks,1610612752,NYK,49,27,22,25.6,1.9,4.4,0.428,4.7,0.9,2.0,0.465,0.535
2020-21,1630197,Aleksej Pokusevski,1610612760,OKC,45,13,32,24.2,0.8,2.8,0.304,1.8,0.1,0.8,0.132,0.324
2020-21,1629346,Alen Smailagic,1610612744,GSW,15,10,5,5.6,0.1,0.1,0.5,0.1,0.0,0.0,,0.5
2020-21,1627936,Alex Caruso,1610612747,LAL,58,32,26,21.0,0.3,1.0,0.31,0.7,0.1,0.3,0.235,0.345
2020-21,203458,Alex Len,1610612764,WAS,64,30,34,15.3,0.0,0.0,0.5,0.0,0.0,0.0,0.0,0.5
2020-21,1628035,Alfonzo McKinnie,1610612747,LAL,39,22,17,6.6,0.1,0.3,0.385,0.3,0.0,0.1,0.0,0.385
2020-21,1628993,Alize Johnson,1610612751,BKN,18,10,8,10.5,0.2,0.3,0.5,0.3,0.0,0.0,,0.5
2020-21,1628578,Amida Brimah,1610612754,IND,5,2,3,5.9,0.0,0.0,,0.0,,,,
2020-21,1629599,Amir Coffey,1610612746,LAC,44,32,12,9.0,0.2,0.3,0.5,0.4,0.1,0.1,0.75,0.607
2020-21,2760,Anderson Varejao,1610612739,CLE,5,1,4,7.2,0.0,0.4,0.0,0.0,0.0,0.0,,0.0
2020-21,203083,Andre Drummond,1610612747,LAL,46,19,27,27.0,0.2,0.2,0.636,0.3,0.0,0.0,,0.636
2020-21,2738,Andre Iguodala,1610612748,MIA,63,37,26,21.3,0.2,0.7,0.268,0.5,0.1,0.5,0.3,0.378
2020-21,203460,Andre Roberson,1610612751,BKN,5,4,1,12.6,0.0,0.0,,0.0,0.0,0.0,,
2020-21,203952,Andrew Wiggins,1610612744,GSW,71,38,33,33.3,1.8,4.7,0.387,4.1,0.5,1.3,0.391,0.441
2020-21,1629014,Anfernee Simons,1610612757,POR,64,37,27,17.3,1.1,2.9,0.364,2.8,0.7,2.1,0.336,0.487
2020-21,203076,Anthony Davis,1610612747,LAL,36,23,13,32.3,2.0,5.1,0.391,4.1,0.1,0.3,0.167,0.397
2020-21,1630162,Anthony Edwards,1610612750,MIN,72,23,49,32.1,1.7,5.5,0.31,4.5,1.1,3.5,0.329,0.414
2020-21,1630264,Anthony Gill,1610612764,WAS,26,11,15,8.4,0.1,0.2,0.5,0.2,0.1,0.1,0.667,0.75
2020-21,1630237,Anthony Lamb,1610612745,HOU,24,3,21,17.3,0.1,0.4,0.333,0.4,0.1,0.3,0.375,0.5
2020-21,201229,Anthony Tolliver,1610612755,PHI,11,7,4,9.0,0.0,0.2,0.0,0.0,0.0,0.1,0.0,0.0
2020-21,1628394,Anzejs Pasecniks,1610612764,WAS,1,1,0,6.3,0.0,0.0,,0.0,0.0,0.0,,
2020-21,1629717,Armoni Brooks,1610612745,HOU,20,3,17,26.0,0.8,2.3,0.326,2.2,0.7,2.0,0.325,0.467
2020-21,203382,Aron Baynes,1610612761,TOR,53,20,33,18.5,0.0,0.1,0.0,0.0,0.0,0.0,0.0,0.0
2020-21,1630204,Ashton Hagans,1610612750,MIN,2,0,2,2.0,0.0,0.0,,0.0,,,,
2020-21,203085,Austin Rivers,1610612743,DEN,36,20,16,23.5,0.4,1.6,0.254,1.2,0.3,1.2,0.273,0.356
2020-21,202340,Avery Bradley,1610612745,HOU,27,6,21,22.3,0.4,1.5,0.275,1.0,0.2,0.7,0.316,0.35
2020-21,1626253,Axel Toupane,1610612749,MIL,8,2,6,7.7,0.1,0.4,0.333,0.4,0.1,0.1,1.0,0.5
2020-21,1628389,Bam Adebayo,1610612748,MIA,64,34,30,33.5,1.1,2.8,0.409,2.3,0.0,0.1,0.0,0.409
2020-21,203463,Ben McLemore,1610612747,LAL,53,20,33,17.1,0.3,1.5,0.231,0.9,0.3,1.1,0.241,0.321
2020-21,1627732,Ben Simmons,1610612755,PHI,58,42,16,32.4,0.2,0.7,0.325,0.5,0.0,0.1,0.25,0.338
2020-21,202687,Bismack Biyombo,1610612766,CHA,66,28,38,20.4,0.0,0.1,0.0,0.0,0.0,0.0,,0.0
2020-21,201933,Blake Griffin,1610612751,BKN,46,24,22,25.8,0.6,2.4,0.243,1.7,0.5,1.9,0.281,0.356
2020-21,1626246,Boban Marjanovic,1610612742,DAL,33,14,19,8.2,0.1,0.2,0.429,0.2,0.0,0.0,0.0,0.429
2020-21,1626171,Bobby Portis,1610612749,MIL,66,44,22,20.8,0.7,1.7,0.429,1.5,0.0,0.1,0.6,0.442
2020-21,203992,Bogdan Bogdanovic,1610612737,ATL,44,30,14,29.7,1.7,3.9,0.427,4.0,0.7,1.7,0.392,0.512
2020-21,202711,Bojan Bogdanovic,1610612762,UTA,72,52,20,30.8,1.1,3.0,0.367,2.8,0.5,1.4,0.382,0.456
2020-21,1629626,Bol Bol,1610612743,DEN,32,21,11,5.0,0.3,0.8,0.346,0.7,0.2,0.3,0.5,0.442
2020-21,202954,Brad Wanamaker,1610612766,CHA,61,29,32,17.3,0.4,1.5,0.278,0.9,0.1,0.6,0.143,0.306
2020-21,203078,Bradley Beal,1610612764,WAS,60,32,28,35.8,3.8,9.0,0.418,8.4,0.9,2.9,0.308,0.467
2020-21,1629634,Brandon Clarke,1610612763,MEM,59,32,27,24.0,0.2,0.7,0.35,0.5,0.0,0.0,,0.35
2020-21,1629164,Brandon Goodwin,1610612737,ATL,47,25,22,13.2,0.6,1.6,0.351,1.4,0.3,0.8,0.316,0.432
2020-21,1627742,Brandon Ingram,1610612740,NOP,61,29,32,34.3,4.1,9.4,0.432,8.8,0.7,2.3,0.302,0.469
2020-21,1628968,Brian Bowen II,1610612754,IND,6,1,5,2.5,0.0,0.2,0.0,0.0,0.0,0.0,,0.0
2020-21,1630271,Brodric Thomas,1610612739,CLE,32,6,26,12.5,0.2,0.9,0.207,0.5,0.1,0.4,0.231,0.259
2020-21,201572,Brook Lopez,1610612749,MIL,70,46,24,27.2,0.4,0.9,0.438,0.9,0.1,0.3,0.389,0.492
2020-21,1628971,Bruce Brown,1610612751,BKN,65,45,20,22.3,0.1,0.4,0.375,0.3,0.0,0.0,,0.375
2020-21,203998,Bruno Caboclo,1610612745,HOU,6,1,5,6.1,0.0,0.2,0.0,0.0,0.0,0.2,0.0,0.0
2020-21,1628981,Bruno Fernando,1610612737,ATL,33,20,13,6.8,0.0,0.1,0.333,0.1,0.0,0.0,,0.333
2020-21,1627854,Bryn Forbes,1610612749,MIL,70,45,25,19.3,1.2,2.5,0.486,2.7,0.3,0.8,0.396,0.546
2020-21,1627741,Buddy Hield,1610612758,SAC,71,31,40,34.3,2.2,5.7,0.395,5.9,1.5,3.8,0.384,0.524
2020-21,1629604,CJ Elleby,1610612757,POR,30,19,11,6.4,0.2,0.7,0.333,0.5,0.1,0.3,0.2,0.381
2020-21,203468,CJ McCollum,1610612757,POR,47,28,19,34.0,4.6,10.9,0.419,11.2,2.1,5.7,0.367,0.516
2020-21,1628997,Caleb Martin,1610612766,CHA,53,23,30,15.4,0.2,0.7,0.333,0.6,0.1,0.4,0.211,0.385
2020-21,1629629,Cam Reddish,1610612737,ATL,26,10,16,28.9,0.5,2.4,0.206,1.2,0.2,1.2,0.2,0.254
2020-21,1629244,Cam Reynolds,1610612745,HOU,5,3,2,8.1,0.2,0.4,0.5,0.6,0.2,0.2,1.0,0.75
2020-21,1629661,Cameron Johnson,1610612756,PHX,60,43,17,24.0,0.3,1.0,0.339,0.7,0.1,0.3,0.2,0.373
2020-21,1628419,Cameron Oliver,1610612745,HOU,4,1,3,21.8,0.0,0.3,0.0,0.0,0.0,0.0,,0.0
2020-21,1626166,Cameron Payne,1610612756,PHX,60,42,18,18.0,0.9,2.1,0.433,2.3,0.4,1.1,0.373,0.531
2020-21,1627747,Caris LeVert,1610612754,IND,47,24,23,31.6,3.2,8.1,0.392,7.4,1.1,3.3,0.325,0.458
2020-21,2546,Carmelo Anthony,1610612757,POR,69,39,30,24.5,2.6,6.2,0.422,5.8,0.6,1.4,0.394,0.468
2020-21,1629035,Carsen Edwards,1610612738,BOS,31,14,17,8.9,0.5,1.2,0.417,1.2,0.2,0.6,0.368,0.514
2020-21,1630199,Cassius Stanley,1610612754,IND,24,10,14,3.9,0.0,0.1,0.0,0.0,0.0,0.0,0.0,0.0
2020-21,1630216,Cassius Winston,1610612764,WAS,22,10,12,4.5,0.2,0.7,0.313,0.5,0.0,0.2,0.25,0.344
2020-21,1626224,Cedi Osman,1610612739,CLE,59,17,42,25.6,0.6,2.2,0.283,1.5,0.3,1.2,0.236,0.35
2020-21,1628990,Chandler Hutchison,1610612764,WAS,25,11,14,13.8,0.1,0.6,0.214,0.3,0.0,0.1,0.5,0.25
2020-21,1629718,Charlie Brown Jr.,1610612760,OKC,9,1,8,16.9,0.2,1.0,0.222,0.4,0.0,0.4,0.0,0.222
2020-21,1626184,Chasson Randle,1610612753,ORL,41,10,31,20.4,0.7,2.2,0.304,1.8,0.5,1.4,0.322,0.408
2020-21,1629002,Chimezie Metu,1610612758,SAC,36,14,22,13.6,0.3,0.9,0.375,0.7,0.0,0.1,0.25,0.391
2020-21,1628449,Chris Boucher,1610612761,TOR,60,25,35,24.2,0.2,0.5,0.5,0.5,0.1,0.2,0.444,0.571
2020-21,1629185,Chris Chiozza,1610612751,BKN,22,12,10,10.6,0.6,1.9,0.317,1.5,0.4,1.0,0.348,0.415
2020-21,101108,Chris Paul,1610612756,PHX,70,49,21,31.4,4.6,9.5,0.483,10.1,1.0,2.6,0.372,0.534
2020-21,1629735,Chris Silva,1610612758,SAC,15,8,7,6.2,0.0,0.1,0.0,0.0,0.0,0.0,,0.0
2020-21,1626174,Christian Wood,1610612745,HOU,41,12,29,32.3,0.9,2.3,0.409,2.2,0.3,0.8,0.412,0.484
2020-21,1629643,Chuma Okeke,1610612753,ORL,45,15,30,25.2,0.8,2.2,0.376,1.8,0.1,0.6,0.154,0.396
2020-21,203991,Clint Capela,1610612737,ATL,63,34,29,30.1,0.0,0.1,0.333,0.1,,,,0.333
2020-21,1629632,Coby White,1610612741,CHI,69,30,39,31.2,1.5,4.0,0.379,3.7,0.6,1.8,0.347,0.455
2020-21,1628998,Cody Martin,1610612766,CHA,52,26,26,16.3,0.2,0.5,0.407,0.5,0.0,0.1,0.5,0.444
2020-21,203469,Cody Zeller,1610612766,CHA,48,21,27,20.9,0.1,0.2,0.5,0.2,0.0,0.0,0.5,0.55
2020-21,1630175,Cole Anthony,1610612753,ORL,47,13,34,27.1,1.6,4.2,0.381,3.7,0.5,1.5,0.347,0.444
2020-21,1629012,Collin Sexton,1610612739,CLE,60,18,42,35.3,2.8,7.0,0.406,6.3,0.6,1.9,0.313,0.447
2020-21,202709,Cory Joseph,1610612765,DET,63,25,38,23.0,0.7,1.8,0.398,1.5,0.1,0.3,0.438,0.429
2020-21,1626245,Cristiano Felicio,1610612741,CHI,18,6,12,4.6,0.0,0.1,0.0,0.0,0.0,0.1,0.0,0.0
2020-21,1626156,D'Angelo Russell,1610612750,MIN,42,16,26,28.5,3.0,7.8,0.387,7.4,1.3,3.5,0.376,0.473
2020-21,201571,D.J. Augustin,1610612745,HOU,57,28,29,19.8,0.8,2.3,0.349,2.1,0.5,1.6,0.333,0.469
2020-21,1628391,D.J. Wilson,1610612745,HOU,35,13,22,12.4,0.3,0.7,0.375,0.6,0.1,0.3,0.4,0.458
2020-21,1629610,DaQuan Jeffries,1610612759,SAS,31,6,25,15.9,0.2,0.6,0.389,0.5,0.1,0.3,0.222,0.444
2020-21,1629751,Dakota Mathias,1610612755,PHI,8,4,4,15.4,1.1,2.8,0.409,2.4,0.1,0.8,0.167,0.432
2020-21,1627745,Damian Jones,1610612758,SAC,39,24,15,14.0,0.0,0.0,,0.0,0.0,0.0,,
2020-21,203081,Damian Lillard,1610612757,POR,67,39,28,35.8,4.2,10.9,0.385,11.4,3.0,8.1,0.371,0.523
2020-21,1627814,Damion Lee,1610612744,GSW,57,28,29,18.9,0.3,0.8,0.442,0.8,0.1,0.3,0.368,0.523
2020-21,1628422,Damyean Dotson,1610612739,CLE,46,14,32,19.7,0.7,2.1,0.316,1.5,0.2,1.0,0.196,0.362
2020-21,1629655,Daniel Gafford,1610612764,WAS,54,31,23,14.7,0.0,0.0,,0.0,,,,
2020-21,1630187,Daniel Oturu,1610612746,LAC,30,21,9,5.4,0.0,0.2,0.2,0.1,0.0,0.0,,0.2
2020-21,1628464,Daniel Theis,1610612741,CHI,65,28,37,24.6,0.2,0.4,0.458,0.4,0.0,0.2,0.231,0.521
2020-21,201568,Danilo Gallinari,1610612737,ATL,51,29,22,24.0,1.2,2.6,0.466,2.7,0.3,0.8,0.415,0.531
2020-21,201980,Danny Green,1610612755,PHI,69,46,23,28.0,0.5,1.5,0.366,1.3,0.3,0.9,0.306,0.46
2020-21,203957,Dante Exum,1610612745,HOU,6,3,3,19.4,0.3,0.8,0.4,0.8,0.2,0.3,0.5,0.5
2020-21,1627863,Danuel House Jr.,1610612745,HOU,36,8,28,25.9,0.7,2.0,0.366,1.9,0.5,1.4,0.347,0.486
2020-21,203967,Dario Saric,1610612756,PHX,50,37,13,17.4,0.1,0.3,0.2,0.1,0.0,0.1,0.25,0.233
2020-21,1629647,Darius Bazley,1610612760,OKC,55,16,39,31.2,0.7,2.3,0.313,1.9,0.5,1.5,0.325,0.414
2020-21,1629636,Darius Garland,1610612739,CLE,54,18,36,33.1,2.1,5.5,0.371,5.0,0.9,2.4,0.357,0.448
2020-21,203121,Darius Miller,1610612760,OKC,18,5,13,10.9,0.4,1.0,0.444,1.2,0.3,0.8,0.357,0.583
2020-21,1628021,David Nwaba,1610612745,HOU,30,8,22,22.6,0.0,0.2,0.0,0.0,0.0,0.1,0.0,0.0
2020-21,202722,Davis Bertans,1610612764,WAS,57,29,28,25.7,0.2,0.9,0.26,0.6,0.2,0.7,0.282,0.37
2020-21,1628368,De'Aaron Fox,1610612758,SAC,58,24,34,35.1,3.3,8.7,0.383,7.8,1.2,3.8,0.3,0.449
2020-21,1629631,De'Andre Hunter,1610612737,ATL,23,12,11,29.5,1.3,3.1,0.408,2.7,0.2,0.8,0.263,0.444
2020-21,1629001,De'Anthony Melton,1610612763,MEM,52,27,25,20.1,0.8,2.0,0.415,2.1,0.4,1.1,0.362,0.514
2020-21,201599,DeAndre Jordan,1610612751,BKN,57,37,20,21.9,0.0,0.0,0.0,0.0,0.0,0.0,,0.0
2020-21,1627761,DeAndre' Bembry,1610612761,TOR,51,23,28,19.1,0.1,0.3,0.235,0.2,0.0,0.2,0.25,0.294
2020-21,201942,DeMar DeRozan,1610612759,SAS,61,27,34,33.7,3.2,6.5,0.491,6.4,0.0,0.2,0.091,0.492
2020-21,202326,DeMarcus Cousins,1610612746,LAC,41,22,19,17.4,0.1,0.1,0.6,0.2,0.0,0.0,1.0,0.8
2020-21,1629731,Dean Wade,1610612739,CLE,63,19,44,19.2,0.1,0.3,0.364,0.3,0.0,0.1,0.25,0.409
2020-21,1629028,Deandre Ayton,1610612756,PHX,69,48,21,30.6,0.2,0.5,0.314,0.3,0.0,0.0,,0.314
2020-21,1629686,Deividas Sirvydis,1610612765,DET,20,8,12,6.7,0.3,0.4,0.625,0.8,0.3,0.3,0.833,0.938
2020-21,1627749,Dejounte Murray,1610612759,SAS,67,32,35,31.9,3.0,6.6,0.456,6.2,0.1,0.4,0.333,0.466
2020-21,1626153,Delon Wright,1610612758,SAC,63,21,42,27.7,0.5,1.6,0.284,1.2,0.3,1.0,0.262,0.363
2020-21,1630166,Deni Avdija,1610612764,WAS,54,25,29,23.3,0.2,0.5,0.31,0.4,0.0,0.1,0.286,0.345
2020-21,203471,Dennis Schroder,1610612747,LAL,61,38,23,32.1,1.5,4.0,0.388,3.2,0.1,0.7,0.2,0.405
2020-21,1628372,Dennis Smith Jr.,1610612765,DET,23,7,16,18.3,0.9,2.4,0.364,2.1,0.4,1.0,0.391,0.445
2020-21,1627756,Denzel Valentine,1610612741,CHI,62,26,36,16.7,0.8,2.3,0.355,1.9,0.3,0.9,0.296,0.411
2020-21,202324,Derrick Favors,1610612762,UTA,68,49,19,15.3,0.0,0.0,,0.0,0.0,0.0,,
2020-21,1627884,Derrick Jones Jr.,1610612757,POR,58,32,26,22.7,0.1,0.2,0.273,0.2,0.1,0.2,0.273,0.409
2020-21,201565,Derrick Rose,1610612752,NYK,50,28,22,25.6,2.4,5.0,0.476,5.0,0.3,0.9,0.333,0.506
2020-21,1628401,Derrick White,1610612759,SAS,36,18,18,29.5,0.9,3.1,0.297,2.3,0.4,1.6,0.263,0.365
2020-21,1630217,Desmond Bane,1610612763,MEM,68,36,32,22.3,0.7,1.9,0.362,1.6,0.3,0.8,0.351,0.441
2020-21,1626164,Devin Booker,1610612756,PHX,67,48,19,33.9,4.1,9.2,0.442,9.0,0.9,2.8,0.308,0.488
2020-21,1629962,Devin Cannady,1610612753,ORL,8,0,8,9.3,0.5,1.4,0.364,1.1,0.1,0.6,0.2,0.409
2020-21,1630170,Devin Vassell,1610612759,SAS,62,30,32,17.0,0.6,1.6,0.408,1.4,0.1,0.2,0.364,0.429
2020-21,1629653,Devon Dotson,1610612741,CHI,11,4,7,4.6,0.2,0.6,0.286,0.4,0.0,0.4,0.0,0.286
2020-21,1629719,Devontae Cacok,1610612747,LAL,20,8,12,4.9,0.0,0.0,,0.0,,,,
2020-21,1628984,Devonte' Graham,1610612766,CHA,55,23,32,30.2,1.7,5.3,0.327,4.5,1.0,3.3,0.294,0.417
2020-21,203473,Dewayne Dedmon,1610612748,MIA,16,11,5,13.2,0.0,0.0,,0.0,0.0,0.0,,
2020-21,1629712,Didi Louzada,1610612740,NOP,3,0,3,18.8,0.0,0.3,0.0,0.0,0.0,0.0,,0.0
2020-21,1628415,Dillon Brooks,1610612763,MEM,67,36,31,29.8,2.5,6.5,0.38,5.3,0.4,1.7,0.25,0.412
2020-21,1627734,Domantas Sabonis,1610612754,IND,62,29,33,36.0,0.5,1.4,0.36,1.0,0.0,0.2,0.3,0.378
2020-21,1628378,Donovan Mitchell,1610612762,UTA,53,39,14,33.4,3.9,9.8,0.397,9.8,2.0,5.5,0.363,0.498
2020-21,1629743,Donta Hall,1610612753,ORL,13,3,10,13.8,0.0,0.0,,0.0,,,,
2020-21,1628978,Donte DiVincenzo,1610612749,MIL,66,44,22,27.5,0.8,2.3,0.362,2.2,0.6,1.5,0.374,0.487
2020-21,1627827,Dorian Finney-Smith,1610612742,DAL,60,36,24,32.0,0.2,0.7,0.3,0.6,0.2,0.4,0.346,0.413
2020-21,203926,Doug McDermott,1610612754,IND,66,32,34,24.5,0.6,1.3,0.416,1.6,0.4,1.0,0.42,0.579
2020-21,203110,Draymond Green,1610612744,GSW,63,35,28,31.5,0.1,0.6,0.111,0.1,0.0,0.1,0.0,0.111
2020-21,1629234,Drew Eubanks,1610612759,SAS,54,21,33,14.0,0.0,0.1,0.667,0.1,0.0,0.0,,0.667
2020-21,1629130,Duncan Robinson,1610612748,MIA,72,40,32,31.4,0.9,2.5,0.384,2.7,0.8,2.1,0.379,0.548
2020-21,1628407,Dwayne Bacon,1610612753,ORL,72,21,51,25.7,1.4,3.9,0.355,3.1,0.4,1.3,0.304,0.405
2020-21,2730,Dwight Howard,1610612755,PHI,69,46,23,17.3,0.0,0.0,0.0,0.0,0.0,0.0,0.0,0.0
2020-21,203939,Dwight Powell,1610612742,DAL,58,36,22,16.6,0.0,0.0,1.0,0.1,0.0,0.0,1.0,1.5
2020-21,1629685,Dylan Windler,1610612739,CLE,31,11,20,16.5,0.1,0.2,0.429,0.2,0.0,0.0,1.0,0.5
2020-21,202734,E'Twaun Moore,1610612756,PHX,27,20,7,14.4,0.7,1.2,0.576,1.5,0.1,0.2,0.5,0.621
2020-21,202334,Ed Davis,1610612750,MIN,23,5,18,13.0,0.0,0.0,,0.0,,,,
2020-21,1628410,Edmond Sumner,1610612754,IND,53,23,30,16.2,0.2,0.5,0.333,0.4,0.1,0.2,0.455,0.438
2020-21,203901,Elfrid Payton,1610612752,NYK,63,36,27,23.6,0.6,1.6,0.343,1.1,0.0,0.1,0.125,0.348
2020-21,1629091,Elijah Bryant,1610612749,MIL,1,0,1,31.6,1.0,2.0,0.5,2.0,0.0,1.0,0.0,0.5
2020-21,1630190,Elijah Hughes,1610612762,UTA,18,14,4,3.5,0.1,0.7,0.167,0.3,0.1,0.5,0.111,0.208
2020-21,202683,Enes Freedom,1610612757,POR,72,42,30,24.4,0.0,0.1,0.2,0.0,0.0,0.0,,0.2
2020-21,202339,Eric Bledsoe,1610612740,NOP,71,31,40,29.7,1.1,3.1,0.365,2.6,0.3,1.1,0.299,0.418
2020-21,201569,Eric Gordon,1610612745,HOU,27,10,17,29.2,0.9,2.7,0.329,2.6,0.8,2.4,0.344,0.479
2020-21,1629672,Eric Paschall,1610612744,GSW,40,20,20,17.4,1.0,1.9,0.52,2.0,0.1,0.1,0.667,0.533
2020-21,101141,Ersan Ilyasova,1610612762,UTA,17,14,3,8.7,0.1,0.7,0.167,0.4,0.1,0.5,0.222,0.25
2020-21,203095,Evan Fournier,1610612738,BOS,42,18,24,30.0,2.4,5.6,0.424,6.0,1.2,3.1,0.403,0.534
2020-21,1630267,Facundo Campazzo,1610612743,DEN,65,43,22,21.9,0.3,1.4,0.237,1.0,0.3,1.0,0.273,0.333
2020-21,1628402,Frank Jackson,1610612765,DET,40,13,27,18.5,0.5,1.5,0.3,1.0,0.1,0.6,0.2,0.342
2020-21,1626163,Frank Kaminsky,1610612756,PHX,47,33,14,15.2,0.0,0.3,0.143,0.1,0.0,0.1,0.25,0.179
2020-21,1628412,Frank Mason III,1610612753,ORL,4,1,3,19.8,0.0,0.8,0.0,0.0,0.0,0.5,0.0,0.0
2020-21,1628373,Frank Ntilikina,1610612752,NYK,33,23,10,9.8,0.3,1.0,0.294,0.8,0.2,0.4,0.462,0.382
2020-21,1627832,Fred VanVleet,1610612761,TOR,52,22,30,36.5,2.5,6.8,0.37,6.5,1.5,4.1,0.353,0.479
2020-21,1630273,Freddie Gillespie,1610612761,TOR,20,7,13,19.6,0.1,0.2,0.25,0.1,,,,0.25
2020-21,1627788,Furkan Korkmaz,1610612755,PHI,55,39,16,19.3,0.8,2.3,0.336,2.0,0.4,1.3,0.314,0.422
2020-21,1629216,Gabe Vincent,1610612748,MIA,50,27,23,13.1,0.4,1.1,0.333,1.0,0.3,0.7,0.351,0.454
2020-21,1630466,Gabriel Deck,1610612760,OKC,10,1,9,21.2,0.9,1.7,0.529,1.8,0.0,0.3,0.0,0.529
2020-21,202066,Garrett Temple,1610612741,CHI,56,25,31,27.3,0.6,1.5,0.386,1.3,0.2,0.5,0.31,0.44
2020-21,1629726,Garrison Mathews,1610612764,WAS,64,32,32,16.2,0.3,0.6,0.415,0.7,0.2,0.5,0.367,0.549
2020-21,1629109,Gary Clark,1610612755,PHI,39,12,27,16.8,0.0,0.2,0.111,0.1,0.0,0.1,0.2,0.167
2020-21,203914,Gary Harris,1610612753,ORL,39,15,24,27.7,0.7,2.4,0.312,1.8,0.3,1.1,0.268,0.371
2020-21,1627780,Gary Payton II,1610612744,GSW,10,7,3,4.0,0.0,0.0,,0.0,0.0,0.0,,
2020-21,1629018,Gary Trent Jr.,1610612761,TOR,58,29,29,31.1,2.5,6.5,0.377,6.1,1.1,3.2,0.355,0.463
2020-21,201588,George Hill,1610612755,PHI,30,16,14,22.4,0.9,2.1,0.422,2.0,0.2,0.8,0.292,0.477
2020-21,1627777,Georges Niang,1610612762,UTA,72,52,20,16.0,0.2,0.8,0.281,0.5,0.1,0.4,0.231,0.333
2020-21,203507,Giannis Antetokounmpo,1610612749,MIL,61,40,21,33.0,2.0,5.9,0.338,4.9,0.9,2.9,0.315,0.416
2020-21,203922,Glenn Robinson III,1610612758,SAC,23,9,14,16.1,0.3,0.7,0.375,0.6,0.0,0.2,0.2,0.406
2020-21,1629048,Goga Bitadze,1610612754,IND,45,19,26,12.5,0.0,0.1,0.2,0.0,0.0,0.0,0.0,0.2
2020-21,201609,Goran Dragic,1610612748,MIA,50,30,20,26.7,1.4,3.8,0.379,3.4,0.5,1.6,0.317,0.447
2020-21,202330,Gordon Hayward,1610612766,CHA,44,24,20,34.0,2.2,5.2,0.425,4.9,0.5,1.4,0.317,0.469
2020-21,203476,Gorgui Dieng,1610612759,SAS,38,14,24,14.5,0.3,0.6,0.417,0.6,0.1,0.2,0.5,0.479
2020-21,1630203,Grant Riller,1610612766,CHA,7,2,5,3.9,0.4,0.9,0.5,0.9,0.0,0.1,0.0,0.5
2020-21,1629684,Grant Williams,1610612738,BOS,63,30,33,18.1,0.1,0.4,0.292,0.3,0.0,0.1,0.429,0.354
2020-21,1628960,Grayson Allen,1610612763,MEM,50,26,24,25.2,0.8,2.2,0.375,2.2,0.5,1.3,0.358,0.482
2020-21,204222,Greg Whittington,1610612743,DEN,4,3,1,3.0,0.0,0.3,0.0,0.0,0.0,0.0,,0.0
2020-21,1628977,Hamidou Diallo,1610612765,DET,52,18,34,23.6,0.7,2.0,0.327,1.4,0.1,0.3,0.438,0.361
2020-21,203084,Harrison Barnes,1610612758,SAC,58,25,33,36.2,0.6,1.8,0.34,1.7,0.5,1.3,0.351,0.467
2020-21,1628385,Harry Giles III,1610612757,POR,38,23,15,9.2,0.2,0.4,0.438,0.4,0.1,0.1,0.4,0.5
2020-21,202355,Hassan Whiteside,1610612758,SAC,36,16,20,15.2,0.1,0.3,0.167,0.1,0.0,0.0,0.0,0.167
2020-21,1627740,Henry Ellenson,1610612761,TOR,2,0,2,19.2,0.5,1.0,0.5,1.5,0.5,1.0,0.5,0.75
2020-21,1629649,Ignas Brazdeikis,1610612753,ORL,13,3,10,19.1,0.2,1.0,0.231,0.5,0.1,0.4,0.2,0.269
2020-21,202697,Iman Shumpert,1610612751,BKN,2,1,1,5.5,0.5,1.5,0.333,1.0,0.0,1.0,0.0,0.333
2020-21,1630193,Immanuel Quickley,1610612752,NYK,64,37,27,19.4,1.8,5.2,0.337,4.4,0.9,2.8,0.331,0.426
2020-21,1629067,Isaac Bonga,1610612764,WAS,40,16,24,10.8,0.0,0.1,0.5,0.1,0.0,0.0,1.0,0.75
2020-21,1630171,Isaac Okoro,1610612739,CLE,67,20,47,32.4,0.2,1.0,0.217,0.6,0.2,0.6,0.262,0.297
2020-21,1628392,Isaiah Hartenstein,1610612739,CLE,46,20,26,12.1,0.0,0.1,0.25,0.1,0.0,0.0,1.0,0.375
2020-21,1630198,Isaiah Joe,1610612755,PHI,41,22,19,9.3,0.3,0.7,0.433,0.8,0.1,0.3,0.5,0.533
2020-21,1629676,Isaiah Roby,1610612760,OKC,61,19,42,23.4,0.3,0.7,0.356,0.7,0.1,0.4,0.346,0.456
2020-21,1630191,Isaiah Stewart,1610612765,DET,68,20,48,21.4,0.0,0.1,0.429,0.1,0.0,0.0,0.0,0.429
2020-21,202738,Isaiah Thomas,1610612740,NOP,3,1,2,16.1,1.3,3.3,0.4,3.0,0.3,1.0,0.333,0.45
2020-21,202397,Ish Smith,1610612764,WAS,44,23,21,21.0,1.2,3.2,0.366,2.4,0.0,0.2,0.125,0.37
2020-21,1627826,Ivica Zubac,1610612746,LAC,72,47,25,22.3,0.0,0.0,1.0,0.0,0.0,0.0,,1.0
2020-21,200755,JJ Redick,1610612742,DAL,44,22,22,16.4,1.1,2.8,0.392,2.7,0.5,1.4,0.361,0.48
2020-21,1629630,Ja Morant,1610612763,MEM,63,33,30,32.6,1.5,4.2,0.348,3.5,0.6,2.0,0.302,0.42
2020-21,203960,JaKarr Sampson,1610612754,IND,29,14,15,10.9,0.0,0.1,0.0,0.0,0.0,0.0,,0.0
2020-21,203210,JaMychal Green,1610612743,DEN,58,38,20,19.3,0.0,0.3,0.118,0.1,0.0,0.1,0.0,0.118
2020-21,201580,JaVale McGee,1610612743,DEN,46,21,25,14.7,0.2,0.7,0.212,0.3,0.0,0.1,0.0,0.212
2020-21,203953,Jabari Parker,1610612738,BOS,13,4,9,12.7,0.2,1.0,0.231,0.5,0.0,0.2,0.0,0.231
2020-21,1630183,Jaden McDaniels,1610612750,MIN,63,18,45,24.0,0.3,0.8,0.377,0.7,0.1,0.3,0.313,0.425
2020-21,203109,Jae Crowder,1610612756,PHX,60,42,18,27.5,0.4,1.2,0.304,1.0,0.3,0.8,0.356,0.42
2020-21,1630256,Jae'Sean Tate,1610612745,HOU,70,17,53,29.2,0.0,0.4,0.115,0.1,0.0,0.1,0.2,0.154
2020-21,1626143,Jahlil Okafor,1610612765,DET,27,5,22,12.9,0.1,0.3,0.5,0.3,0.0,0.0,0.0,0.5
2020-21,1630186,Jahmi'us Ramsey,1610612758,SAC,13,5,8,7.3,0.1,0.7,0.111,0.2,0.1,0.4,0.2,0.167
2020-21,1627774,Jake Layman,1610612750,MIN,45,12,33,13.9,0.1,0.5,0.286,0.3,0.1,0.3,0.214,0.357
2020-21,1627751,Jakob Poeltl,1610612759,SAS,69,32,37,26.7,0.0,0.1,0.2,0.0,,,,0.2
2020-21,1628973,Jalen Brunson,1610612742,DAL,68,40,28,25.0,1.4,3.1,0.462,3.2,0.3,0.8,0.333,0.507
2020-21,1630223,Jalen Harris,1610612761,TOR,13,3,10,13.2,0.5,1.2,0.4,1.1,0.2,0.5,0.286,0.467
2020-21,1629665,Jalen Lecque,1610612754,IND,4,2,2,3.0,0.0,1.0,0.0,0.0,0.0,0.3,0.0,0.0
2020-21,1629667,Jalen McDaniels,1610612766,CHA,47,18,29,19.2,0.2,0.6,0.379,0.5,0.0,0.1,0.0,0.379
2020-21,1630188,Jalen Smith,1610612756,PHX,27,19,8,5.8,0.0,0.0,,0.0,0.0,0.0,,
2020-21,1627750,Jamal Murray,1610612743,DEN,48,31,17,35.5,3.9,9.4,0.412,9.3,1.6,4.0,0.391,0.496
2020-21,203516,James Ennis III,1610612753,ORL,41,12,29,24.1,0.5,1.1,0.426,1.1,0.2,0.6,0.304,0.5
2020-21,201935,James Harden,1610612751,BKN,44,31,13,36.6,2.8,7.6,0.372,8.1,2.4,6.6,0.361,0.528
2020-21,201949,James Johnson,1610612740,NOP,51,21,30,20.5,0.2,0.8,0.3,0.5,0.1,0.4,0.158,0.338
2020-21,203263,James Nunnally,1610612740,NOP,9,3,6,5.3,0.0,0.1,0.0,0.0,0.0,0.1,0.0,0.0
2020-21,1630164,James Wiseman,1610612744,GSW,39,18,21,21.4,0.2,0.8,0.242,0.5,0.1,0.2,0.25,0.273
2020-21,201162,Jared Dudley,1610612747,LAL,12,7,5,6.7,0.1,0.3,0.333,0.3,0.1,0.2,0.5,0.5
2020-21,1629607,Jared Harper,1610612752,NYK,8,5,3,2.0,0.0,0.5,0.0,0.0,0.0,0.1,0.0,0.0
2020-21,1628991,Jaren Jackson Jr.,1610612763,MEM,11,4,7,23.5,0.0,0.9,0.0,0.0,0.0,0.5,0.0,0.0
2020-21,1629020,Jarred Vanderbilt,1610612750,MIN,64,18,46,17.8,0.0,0.1,0.0,0.0,0.0,0.0,0.0,0.0
2020-21,1629714,Jarrell Brantley,1610612762,UTA,28,23,5,4.9,0.1,0.1,0.667,0.2,0.0,0.1,0.5,0.833
2020-21,1628386,Jarrett Allen,1610612739,CLE,63,20,43,29.6,0.0,0.0,0.0,0.0,0.0,0.0,,0.0
2020-21,1629633,Jarrett Culver,1610612750,MIN,34,7,27,14.7,0.1,0.5,0.188,0.2,0.0,0.3,0.1,0.219
2020-21,1629750,Javonte Green,1610612741,CHI,41,19,22,11.6,0.1,0.1,0.5,0.1,0.0,0.0,,0.5
2020-21,1629637,Jaxson Hayes,1610612740,NOP,60,24,36,16.1,0.1,0.2,0.308,0.2,0.0,0.1,0.333,0.346
2020-21,1630206,Jay Scrubb,1610612746,LAC,4,2,2,21.0,0.3,1.3,0.2,0.5,0.0,0.3,0.0,0.2
2020-21,1629121,Jaylen Adams,1610612749,MIL,7,5,2,2.6,0.1,0.4,0.333,0.3,0.0,0.1,0.0,0.333
2020-21,1627759,Jaylen Brown,1610612738,BOS,58,30,28,34.5,2.7,6.4,0.425,6.2,0.7,2.3,0.313,0.481
2020-21,1629658,Jaylen Hoard,1610612760,OKC,19,1,18,16.8,0.0,0.2,0.0,0.0,0.0,0.2,0.0,0.0
2020-21,1629669,Jaylen Nowell,1610612750,MIN,42,10,32,18.1,1.1,2.6,0.423,2.6,0.3,1.0,0.326,0.486
2020-21,1628369,Jayson Tatum,1610612738,BOS,64,34,30,35.8,3.4,9.6,0.358,8.8,2.0,5.4,0.363,0.459
2020-21,201145,Jeff Green,1610612751,BKN,68,44,24,27.0,0.3,0.9,0.311,0.6,0.0,0.3,0.158,0.336
2020-21,201952,Jeff Teague,1610612749,MIL,55,27,28,17.3,0.7,1.7,0.385,1.7,0.3,0.7,0.45,0.479
2020-21,203924,Jerami Grant,1610612765,DET,54,15,39,33.9,1.6,4.9,0.34,3.6,0.3,1.0,0.269,0.366
2020-21,1629725,Jeremiah Martin,1610612739,CLE,9,0,9,8.3,0.3,1.0,0.333,0.8,0.1,0.6,0.2,0.389
2020-21,203087,Jeremy Lamb,1610612754,IND,36,16,20,21.3,1.4,3.0,0.458,3.2,0.5,1.2,0.395,0.537
2020-21,1629010,Jerome Robinson,1610612764,WAS,17,5,12,17.9,0.7,2.0,0.353,1.5,0.1,0.4,0.333,0.382
2020-21,1628975,Jevon Carter,1610612756,PHX,60,42,18,11.9,0.5,1.1,0.439,1.1,0.1,0.4,0.292,0.492
2020-21,202710,Jimmy Butler,1610612748,MIA,52,33,19,33.6,1.5,3.9,0.38,3.1,0.1,0.8,0.171,0.398
2020-21,203925,Joe Harris,1610612751,BKN,69,45,24,31.0,0.9,2.4,0.388,2.3,0.4,1.3,0.315,0.473
2020-21,204060,Joe Ingles,1610612762,UTA,67,47,20,27.9,1.3,3.0,0.418,3.6,1.1,2.7,0.412,0.604
2020-21,203954,Joel Embiid,1610612755,PHI,51,39,12,31.1,2.5,5.5,0.457,5.3,0.3,0.6,0.438,0.482
2020-21,1628381,John Collins,1610612737,ATL,63,34,29,29.3,0.6,1.0,0.545,1.2,0.0,0.1,0.2,0.553
2020-21,1629723,John Konchar,1610612763,MEM,43,23,20,13.4,0.1,0.2,0.857,0.3,0.0,0.0,1.0,1.0
2020-21,202322,John Wall,1610612745,HOU,40,12,28,32.2,2.0,6.7,0.299,4.7,0.7,2.7,0.259,0.351
2020-21,202685,Jonas Valanciunas,1610612763,MEM,62,32,30,28.3,0.2,0.5,0.429,0.4,0.0,0.0,1.0,0.446
2020-21,1629007,Jontay Porter,1610612763,MEM,11,7,4,4.9,0.1,0.2,0.5,0.2,0.0,0.0,,0.5
2020-21,1628395,Jordan Bell,1610612744,GSW,6,3,3,13.6,0.2,0.3,0.5,0.3,0.0,0.0,,0.5
2020-21,1629648,Jordan Bone,1610612753,ORL,14,2,12,14.0,0.9,1.8,0.48,2.1,0.4,0.8,0.455,0.58
2020-21,203903,Jordan Clarkson,1610612762,UTA,68,49,19,26.7,2.3,6.4,0.354,6.1,1.6,4.7,0.333,0.478
2020-21,1629162,Jordan McLaughlin,1610612750,MIN,51,15,36,18.4,0.2,0.8,0.256,0.5,0.1,0.5,0.222,0.333
2020-21,1629670,Jordan Nwora,1610612749,MIL,30,19,11,9.1,0.9,1.7,0.519,2.3,0.5,0.7,0.682,0.663
2020-21,1629673,Jordan Poole,1610612744,GSW,51,28,23,19.4,1.0,2.7,0.37,2.4,0.4,1.4,0.292,0.446
2020-21,1630182,Josh Green,1610612742,DAL,39,20,19,11.4,0.2,0.4,0.4,0.3,0.0,0.1,0.0,0.4
2020-21,1630221,Josh Hall,1610612760,OKC,21,2,19,16.0,0.2,0.8,0.235,0.4,0.0,0.2,0.2,0.265
2020-21,1628404,Josh Hart,1610612740,NOP,47,21,26,28.7,0.3,0.7,0.406,0.6,0.1,0.2,0.364,0.469
2020-21,1628367,Josh Jackson,1610612765,DET,62,16,46,25.2,1.0,2.4,0.393,2.1,0.2,0.7,0.256,0.43
2020-21,1629006,Josh Okogie,1610612750,MIN,59,21,38,20.3,0.1,0.4,0.227,0.3,0.1,0.3,0.333,0.341
2020-21,1626196,Josh Richardson,1610612742,DAL,59,35,24,30.3,1.5,3.5,0.431,3.2,0.2,0.7,0.31,0.463
2020-21,201950,Jrue Holiday,1610612749,MIL,59,41,18,32.3,2.3,5.0,0.458,5.7,1.1,2.8,0.402,0.569
2020-21,1629308,Juan Toscano-Anderson,1610612744,GSW,53,28,25,20.9,0.0,0.2,0.182,0.1,0.0,0.2,0.2,0.273
2020-21,1627823,Juancho Hernangomez,1610612750,MIN,52,19,33,17.3,0.0,0.1,0.0,0.0,0.0,0.1,0.0,0.0
2020-21,203944,Julius Randle,1610612752,NYK,71,40,31,37.6,3.4,8.1,0.415,7.3,0.6,1.5,0.4,0.454
2020-21,203200,Justin Holiday,1610612754,IND,72,34,38,30.3,0.7,1.7,0.398,1.8,0.4,1.1,0.4,0.528
2020-21,1628382,Justin Jackson,1610612749,MIL,34,12,22,17.0,0.7,1.9,0.379,1.7,0.3,0.7,0.36,0.447
2020-21,1629713,Justin James,1610612758,SAC,36,15,21,8.6,0.3,0.6,0.476,0.6,0.0,0.1,0.0,0.476
2020-21,1628383,Justin Patton,1610612745,HOU,13,1,12,19.0,0.0,0.3,0.0,0.0,0.0,0.2,0.0,0.0
2020-21,1629620,Justin Robinson,1610612760,OKC,9,0,9,9.7,0.1,0.6,0.2,0.3,0.1,0.2,0.5,0.3
2020-21,1626159,Justise Winslow,1610612763,MEM,26,13,13,19.5,0.6,2.0,0.288,1.2,0.0,0.1,0.0,0.288
2020-21,203994,Jusuf Nurkic,1610612757,POR,37,22,15,23.8,0.1,0.2,0.286,0.2,0.1,0.1,0.667,0.429
2020-21,1629752,Juwan Morgan,1610612762,UTA,29,24,5,5.1,0.0,0.0,1.0,0.1,0.0,0.0,1.0,1.5
2020-21,1630231,KJ Martin,1610612745,HOU,45,10,35,23.7,0.1,0.3,0.25,0.2,0.0,0.2,0.286,0.333
2020-21,1629644,KZ Okpala,1610612748,MIA,37,22,15,12.1,0.1,0.1,0.4,0.2,0.1,0.1,0.667,0.6
2020-21,1630211,Karim Mane,1610612753,ORL,10,2,8,8.8,0.0,0.2,0.0,0.0,0.0,0.1,0.0,0.0
2020-21,1626157,Karl-Anthony Towns,1610612750,MIN,50,19,31,33.8,0.6,2.0,0.275,1.3,0.2,0.9,0.256,0.328
2020-21,202695,Kawhi Leonard,1610612746,LAC,52,36,16,34.1,3.7,8.6,0.433,8.2,0.7,2.2,0.328,0.475
2020-21,1628966,Keita Bates-Diop,1610612759,SAS,30,13,17,8.2,0.1,0.3,0.25,0.2,0.0,0.1,0.5,0.313
2020-21,1629103,Kelan Martin,1610612754,IND,35,16,19,9.2,0.5,0.9,0.5,1.1,0.2,0.3,0.636,0.609
2020-21,1629640,Keldon Johnson,1610612759,SAS,69,32,37,28.5,0.5,1.2,0.398,1.1,0.1,0.4,0.267,0.446
2020-21,1629833,Keljin Blevins,1610612757,POR,17,11,6,4.4,0.0,0.2,0.0,0.0,0.0,0.1,0.0,0.0
2020-21,203482,Kelly Olynyk,1610612745,HOU,70,26,44,28.5,0.3,1.1,0.282,0.9,0.3,0.8,0.345,0.404
2020-21,1626162,Kelly Oubre Jr.,1610612744,GSW,55,27,28,30.7,0.7,2.1,0.313,1.5,0.2,0.8,0.25,0.361
2020-21,202689,Kemba Walker,1610612760,OKC,43,22,21,31.8,3.1,8.5,0.362,8.1,1.9,5.5,0.347,0.474
2020-21,1629134,Kendrick Nunn,1610612748,MIA,56,31,25,29.5,1.3,3.3,0.38,2.9,0.4,1.5,0.265,0.44
2020-21,1629026,Kenrich Williams,1610612760,OKC,66,21,45,21.6,0.6,1.4,0.441,1.3,0.1,0.3,0.412,0.478
2020-21,203145,Kent Bazemore,1610612744,GSW,67,35,32,19.9,0.3,1.1,0.27,0.7,0.1,0.3,0.318,0.318
2020-21,203484,Kentavious Caldwell-Pope,1610612747,LAL,67,39,28,28.4,0.5,1.5,0.337,1.3,0.2,0.6,0.421,0.416
2020-21,201142,Kevin Durant,1610612751,BKN,35,23,12,33.1,3.9,8.1,0.484,8.9,1.0,2.2,0.461,0.546
2020-21,1628989,Kevin Huerter,1610612737,ATL,69,40,29,30.8,1.4,3.3,0.434,3.3,0.5,1.4,0.327,0.504
2020-21,1628995,Kevin Knox II,1610612752,NYK,42,26,16,11.1,0.1,0.5,0.182,0.2,0.0,0.2,0.125,0.205
2020-21,201567,Kevin Love,1610612739,CLE,25,7,18,24.9,0.7,1.7,0.429,2.0,0.5,1.0,0.542,0.583
2020-21,1629645,Kevin Porter Jr.,1610612745,HOU,26,4,22,32.1,2.0,5.8,0.349,5.2,1.1,3.8,0.296,0.444
2020-21,1626172,Kevon Looney,1610612744,GSW,61,34,27,19.0,0.1,0.1,0.444,0.1,0.0,0.0,,0.444
2020-21,203920,Khem Birch,1610612761,TOR,67,23,44,22.8,0.1,0.3,0.368,0.2,0.0,0.0,0.0,0.368
2020-21,203114,Khris Middleton,1610612749,MIL,68,45,23,33.4,3.5,7.9,0.448,8.1,1.1,2.6,0.412,0.516
2020-21,1629017,Khyri Thomas,1610612745,HOU,5,1,4,30.6,1.4,4.0,0.35,3.4,0.6,1.8,0.333,0.425
2020-21,1630165,Killian Hayes,1610612765,DET,26,6,20,25.8,1.1,3.2,0.337,2.3,0.2,0.9,0.208,0.367
2020-21,1629681,Killian Tillie,1610612763,MEM,18,11,7,10.1,0.2,0.3,0.8,0.5,0.1,0.1,1.0,0.9
2020-21,1630184,Kira Lewis Jr.,1610612740,NOP,54,23,31,16.7,0.3,1.5,0.217,0.8,0.2,0.6,0.257,0.271
2020-21,1628961,Kostas Antetokounmpo,1610612747,LAL,15,6,9,3.7,0.0,0.0,,0.0,,,,
2020-21,1627739,Kris Dunn,1610612737,ATL,4,1,3,11.4,0.0,0.3,0.0,0.0,0.0,0.0,,0.0
2020-21,204001,Kristaps Porzingis,1610612742,DAL,43,26,17,30.9,1.1,2.9,0.382,2.4,0.2,0.5,0.348,0.415
2020-21,203937,Kyle Anderson,1610612763,MEM,69,36,33,27.4,1.2,2.7,0.462,2.8,0.3,0.7,0.426,0.516
2020-21,1629657,Kyle Guy,1610612758,SAC,31,11,20,7.6,0.3,0.7,0.455,0.8,0.1,0.3,0.444,0.545
2020-21,1628398,Kyle Kuzma,1610612747,LAL,68,40,28,28.7,0.7,2.3,0.29,1.6,0.3,0.9,0.288,0.345
2020-21,200768,Kyle Lowry,1610612761,TOR,46,15,31,34.8,2.3,6.0,0.374,6.0,1.4,3.8,0.377,0.493
2020-21,202681,Kyrie Irving,1610612751,BKN,54,36,18,34.9,4.4,9.2,0.474,10.0,1.3,3.5,0.372,0.545
2020-21,200746,LaMarcus Aldridge,1610612751,BKN,26,15,11,25.9,0.8,2.0,0.431,1.8,0.1,0.2,0.4,0.451
2020-21,1630163,LaMelo Ball,1610612766,CHA,51,23,28,28.8,1.6,4.2,0.377,3.8,0.7,2.1,0.321,0.456
2020-21,1630205,Lamar Stevens,1610612739,CLE,40,13,27,12.5,0.3,1.0,0.317,0.7,0.0,0.1,0.0,0.317
2020-21,1629013,Landry Shamet,1610612751,BKN,61,39,22,23.0,0.6,1.9,0.307,1.5,0.3,1.2,0.26,0.39
2020-21,204038,Langston Galloway,1610612756,PHX,40,29,11,10.9,0.4,1.0,0.436,0.9,0.0,0.1,0.2,0.449
2020-21,1626204,Larry Nance Jr.,1610612739,CLE,35,13,22,31.2,0.2,0.4,0.4,0.4,0.1,0.1,0.5,0.467
2020-21,1628374,Lauri Markkanen,1610612741,CHI,51,20,31,25.8,0.2,0.5,0.37,0.4,0.0,0.1,0.2,0.389
2020-21,2544,LeBron James,1610612747,LAL,45,30,15,33.4,2.6,6.8,0.376,6.4,1.3,3.4,0.377,0.471
2020-21,1629022,Lonnie Walker IV,1610612759,SAS,60,28,32,25.4,1.1,3.1,0.353,2.5,0.3,1.2,0.268,0.404
2020-21,1628366,Lonzo Ball,1610612740,NOP,55,23,32,31.8,1.5,4.3,0.342,3.7,0.7,2.4,0.313,0.429
2020-21,101150,Lou Williams,1610612737,ATL,66,44,22,21.6,2.0,5.3,0.379,4.6,0.6,1.3,0.42,0.432
2020-21,1629663,Louis King,1610612758,SAC,6,3,3,14.2,0.7,1.8,0.364,1.7,0.3,0.5,0.667,0.455
2020-21,1629652,Luguentz Dort,1610612760,OKC,52,18,34,29.7,0.6,1.9,0.3,1.5,0.3,1.3,0.246,0.38
2020-21,1629029,Luka Doncic,1610612742,DAL,66,40,26,34.3,4.9,11.7,0.421,12.2,2.4,6.8,0.356,0.525
2020-21,1629677,Luka Samanic,1610612759,SAS,33,14,19,9.3,0.1,0.3,0.222,0.1,0.0,0.1,0.0,0.222
2020-21,1628379,Luke Kennard,1610612746,LAC,63,44,19,19.6,1.1,2.4,0.45,2.5,0.4,0.8,0.471,0.53
2020-21,1628436,Luke Kornet,1610612738,BOS,31,13,18,11.2,0.0,0.0,,0.0,0.0,0.0,,
2020-21,1630201,Malachi Flynn,1610612761,TOR,47,21,26,19.7,1.1,3.6,0.317,2.8,0.6,1.8,0.31,0.395
2020-21,1627763,Malcolm Brogdon,1610612754,IND,56,27,29,34.5,2.9,7.2,0.402,7.1,1.2,3.6,0.345,0.488
2020-21,1627736,Malik Beasley,1610612750,MIN,37,8,29,32.8,1.7,4.3,0.399,4.3,0.9,2.3,0.381,0.5
2020-21,1630238,Malik Fitts,1610612746,LAC,3,3,0,3.6,0.0,0.0,,0.0,0.0,0.0,,
2020-21,1628370,Malik Monk,1610612766,CHA,42,19,23,20.9,1.1,3.2,0.353,3.0,0.8,2.0,0.372,0.471
2020-21,1629603,Mamadi Diakite,1610612749,MIL,14,7,7,10.1,0.0,0.4,0.0,0.0,0.0,0.1,0.0,0.0
2020-21,201188,Marc Gasol,1610612747,LAL,52,32,20,19.1,0.1,0.3,0.235,0.2,0.0,0.0,0.0,0.235
2020-21,202694,Marcus Morris Sr.,1610612746,LAC,57,38,19,26.3,1.6,3.6,0.43,3.3,0.1,0.6,0.222,0.449
2020-21,203935,Marcus Smart,1610612738,BOS,48,24,24,32.9,1.2,3.2,0.373,2.9,0.5,1.6,0.333,0.458
2020-21,1628365,Markelle Fultz,1610612753,ORL,8,6,2,26.9,1.1,5.3,0.214,2.5,0.3,1.1,0.222,0.238
2020-21,202693,Markieff Morris,1610612747,LAL,61,32,29,19.7,0.4,1.1,0.333,0.8,0.0,0.3,0.188,0.355
2020-21,1630210,Markus Howard,1610612743,DEN,37,24,13,5.5,0.5,1.2,0.413,1.2,0.2,0.8,0.286,0.5
2020-21,1629716,Marques Bolden,1610612739,CLE,6,2,4,4.8,0.0,0.0,,0.0,,,,
2020-21,1627737,Marquese Chriss,1610612744,GSW,2,0,2,13.4,0.0,0.0,,0.0,0.0,0.0,,
2020-21,1628963,Marvin Bagley III,1610612758,SAC,43,20,23,25.9,0.2,0.5,0.409,0.5,0.1,0.2,0.556,0.523
2020-21,1630222,Mason Jones,1610612755,PHI,32,10,22,10.5,0.6,1.6,0.373,1.6,0.4,1.1,0.343,0.49
2020-21,203486,Mason Plumlee,1610612765,DET,56,14,42,26.8,0.1,0.4,0.286,0.2,0.0,0.0,,0.286
2020-21,1629680,Matisse Thybulle,1610612755,PHI,65,46,19,20.0,0.1,0.2,0.308,0.2,0.0,0.1,0.333,0.385
2020-21,1629744,Matt Thomas,1610612762,UTA,45,27,18,7.3,0.6,1.3,0.441,1.4,0.2,0.6,0.357,0.525
2020-21,203521,Matthew Dellavedova,1610612739,CLE,13,4,9,17.2,0.2,1.5,0.158,0.5,0.1,0.6,0.125,0.184
2020-21,203090,Maurice Harkless,1610612758,SAC,37,16,21,20.9,0.2,0.4,0.467,0.4,0.1,0.1,0.5,0.533
2020-21,1629622,Max Strus,1610612748,MIA,39,14,25,13.0,0.1,0.4,0.143,0.2,0.1,0.3,0.154,0.214
2020-21,1628467,Maxi Kleber,1610612742,DAL,50,31,19,26.8,0.1,0.5,0.269,0.3,0.0,0.2,0.111,0.288
2020-21,203086,Meyers Leonard,1610612748,MIA,3,2,1,9.8,0.0,0.0,,0.0,0.0,0.0,,
2020-21,1629662,Mfiondu Kabengele,1610612739,CLE,39,20,19,7.2,0.0,0.1,0.0,0.0,0.0,0.1,0.0,0.0
2020-21,203487,Michael Carter-Williams,1610612753,ORL,31,12,19,25.8,0.5,1.7,0.264,1.0,0.1,0.3,0.2,0.283
2020-21,1629008,Michael Porter Jr.,1610612743,DEN,61,40,21,31.3,1.3,3.0,0.44,3.2,0.5,1.4,0.365,0.524
2020-21,1628969,Mikal Bridges,1610612756,PHX,72,51,21,32.6,0.7,1.3,0.516,1.5,0.1,0.2,0.643,0.565
2020-21,201144,Mike Conley,1610612762,UTA,51,37,14,29.4,2.6,6.2,0.425,6.9,1.7,4.0,0.415,0.56
2020-21,1628455,Mike James,1610612751,BKN,13,9,4,18.2,1.2,3.5,0.333,2.8,0.5,1.5,0.316,0.4
2020-21,203488,Mike Muscala,1610612760,OKC,35,15,20,18.4,0.3,0.4,0.786,0.7,0.1,0.1,0.75,0.893
2020-21,203118,Mike Scott,1610612755,PHI,51,35,16,16.7,0.2,0.5,0.296,0.3,0.0,0.1,0.0,0.296
2020-21,1628970,Miles Bridges,1610612766,CHA,66,31,35,29.3,0.6,1.6,0.385,1.7,0.5,1.2,0.432,0.553
2020-21,1629011,Mitchell Robinson,1610612752,NYK,31,15,16,27.5,0.0,0.0,,0.0,,,,
2020-21,1629671,Miye Oni,1610612762,UTA,54,45,9,9.6,0.0,0.1,0.2,0.1,0.0,0.1,0.2,0.3
2020-21,1628964,Mo Bamba,1610612753,ORL,46,11,35,15.8,0.2,0.5,0.409,0.4,0.0,0.0,0.0,0.409
2020-21,1628420,Monte Morris,1610612743,DEN,47,30,17,25.5,1.2,2.7,0.437,2.6,0.3,0.7,0.382,0.488
2020-21,1626149,Montrezl Harrell,1610612747,LAL,69,41,28,22.9,0.3,1.0,0.353,0.7,0.0,0.1,0.0,0.353
2020-21,1629021,Moritz Wagner,1610612753,ORL,45,19,26,16.0,0.0,0.1,0.25,0.1,0.0,0.0,0.5,0.375
2020-21,1629650,Moses Brown,1610612738,BOS,43,8,35,21.4,0.0,0.0,,0.0,,,,
2020-21,1628539,Mychal Mulder,1610612744,GSW,60,33,27,12.8,0.2,0.3,0.5,0.5,0.2,0.3,0.563,0.75
2020-21,1626167,Myles Turner,1610612754,IND,47,22,25,31.0,0.1,0.5,0.2,0.3,0.0,0.2,0.222,0.24
2020-21,1630230,Naji Marshall,1610612740,NOP,32,14,18,21.9,0.2,1.1,0.171,0.4,0.0,0.3,0.091,0.186
2020-21,1629642,Nassir Little,1610612757,POR,48,27,21,13.3,0.3,0.9,0.326,0.7,0.1,0.4,0.25,0.384
2020-21,1630268,Nate Darling,1610612766,CHA,7,3,4,3.7,0.0,0.0,,0.0,0.0,0.0,,
2020-21,1630207,Nate Hinton,1610612742,DAL,21,11,10,4.4,0.3,0.8,0.412,0.7,0.0,0.2,0.0,0.412
2020-21,1630233,Nathan Knight,1610612737,ATL,33,21,12,8.4,0.0,0.2,0.0,0.0,0.0,0.2,0.0,0.0
2020-21,1629675,Naz Reid,1610612750,MIN,70,22,48,19.2,0.0,0.2,0.133,0.1,0.0,0.0,0.0,0.133
2020-21,202357,Nemanja Bjelica,1610612748,MIA,37,16,21,16.1,0.1,0.5,0.294,0.3,0.1,0.2,0.222,0.353
2020-21,203457,Nerlens Noel,1610612752,NYK,64,35,29,24.2,0.0,0.1,0.143,0.0,0.0,0.0,0.0,0.143
2020-21,1629651,Nic Claxton,1610612751,BKN,32,23,9,18.6,0.0,0.0,0.0,0.0,0.0,0.0,,0.0
2020-21,1630208,Nick Richards,1610612766,CHA,18,9,9,3.5,0.0,0.0,,0.0,0.0,0.0,,
2020-21,1629638,Nickeil Alexander-Walker,1610612740,NOP,46,20,26,21.9,0.9,2.1,0.412,2.0,0.3,0.8,0.333,0.474
2020-21,1630185,Nico Mannion,1610612744,GSW,30,17,13,12.1,0.5,1.6,0.292,1.3,0.3,0.7,0.455,0.396
2020-21,201587,Nicolas Batum,1610612746,LAC,67,44,23,27.4,0.3,0.8,0.407,0.8,0.1,0.2,0.467,0.472
2020-21,1629740,Nicolo Melli,1610612742,DAL,45,26,19,12.6,0.2,0.5,0.333,0.3,0.0,0.1,0.2,0.357
2020-21,203999,Nikola Jokic,1610612743,DEN,72,47,25,34.6,1.0,2.1,0.467,2.1,0.1,0.2,0.375,0.487
2020-21,202696,Nikola Vucevic,1610612741,CHI,70,26,44,33.5,1.0,2.5,0.395,2.0,0.0,0.0,1.0,0.398
2020-21,203943,Noah Vonleh,1610612751,BKN,4,3,1,2.7,0.0,0.3,0.0,0.0,0.0,0.3,0.0,0.0
2020-21,1626181,Norman Powell,1610612757,POR,69,32,37,32.0,1.3,3.4,0.385,3.4,0.8,2.1,0.368,0.498
2020-21,203658,Norvel Pelle,1610612752,NYK,13,8,5,6.4,0.0,0.0,,0.0,,,,
2020-21,1628384,OG Anunoby,1610612761,TOR,43,18,25,33.3,0.4,1.6,0.279,1.0,0.1,0.7,0.2,0.324
2020-21,1630167,Obi Toppin,1610612752,NYK,62,36,26,11.0,0.1,0.2,0.417,0.2,0.0,0.0,0.0,0.417
2020-21,1630168,Onyeka Okongwu,1610612737,ATL,50,31,19,12.0,0.0,0.1,0.4,0.1,0.0,0.0,0.0,0.4
2020-21,1629052,Oshae Brissett,1610612754,IND,21,10,11,24.7,0.1,0.3,0.333,0.3,0.1,0.1,1.0,0.5
2020-21,203490,Otto Porter Jr.,1610612753,ORL,28,12,16,21.7,1.0,2.4,0.397,2.0,0.0,0.4,0.1,0.404
2020-21,200782,P.J. Tucker,1610612749,MIL,52,27,25,26.1,0.0,0.1,0.333,0.0,0.0,0.0,,0.333
2020-21,1629023,P.J. Washington,1610612766,CHA,64,31,33,30.5,0.3,1.0,0.284,0.8,0.2,0.6,0.297,0.366
2020-21,1628408,PJ Dozier,1610612743,DEN,50,36,14,21.8,0.6,1.7,0.333,1.3,0.2,0.7,0.303,0.393
2020-21,1627783,Pascal Siakam,1610612761,TOR,56,21,35,35.8,1.3,3.9,0.341,2.9,0.3,1.1,0.237,0.373
2020-21,1626192,Pat Connaughton,1610612749,MIL,69,44,25,22.8,0.0,0.2,0.059,0.0,0.0,0.2,0.091,0.088
2020-21,201976,Patrick Beverley,1610612746,LAC,37,25,12,22.5,0.3,1.0,0.333,0.9,0.3,0.7,0.37,0.472
2020-21,1627775,Patrick McCaw,1610612761,TOR,5,2,3,6.7,0.0,0.0,,0.0,,,,
2020-21,202335,Patrick Patterson,1610612746,LAC,38,26,12,15.3,0.1,0.2,0.5,0.2,0.0,0.0,,0.5
2020-21,1630172,Patrick Williams,1610612741,CHI,71,30,41,27.9,0.9,2.1,0.426,1.8,0.1,0.2,0.333,0.439
2020-21,201988,Patty Mills,1610612759,SAS,68,31,37,24.8,1.3,3.7,0.364,3.4,0.8,2.4,0.315,0.468
2020-21,202331,Paul George,1610612746,LAC,54,38,16,33.7,3.0,7.1,0.418,7.3,1.3,3.3,0.403,0.51
2020-21,200794,Paul Millsap,1610612743,DEN,56,38,18,20.8,0.3,0.7,0.375,0.6,0.1,0.1,0.5,0.413
2020-21,1630194,Paul Reed,1610612755,PHI,26,17,9,6.8,0.1,0.2,0.333,0.2,0.0,0.0,,0.333
2020-21,1628778,Paul Watson,1610612761,TOR,27,13,14,11.0,0.2,0.4,0.417,0.6,0.2,0.4,0.5,0.625
2020-21,1630202,Payton Pritchard,1610612738,BOS,66,33,33,19.2,0.6,1.9,0.339,1.7,0.4,1.2,0.309,0.44
2020-21,1630173,Precious Achiuwa,1610612748,MIA,61,31,30,12.1,0.1,0.2,0.455,0.2,0.0,0.0,,0.455
2020-21,1626188,Quinn Cook,1610612739,CLE,23,13,10,6.8,0.7,1.4,0.485,1.7,0.3,0.6,0.5,0.591
2020-21,1629683,Quinndary Weatherspoon,1610612759,SAS,20,8,12,6.1,0.2,0.6,0.273,0.4,0.1,0.2,0.333,0.318
2020-21,1630181,R.J. Hampton,1610612753,ORL,51,20,31,17.4,0.5,1.6,0.333,1.1,0.0,0.4,0.091,0.345
2020-21,1629628,RJ Barrett,1610612752,NYK,72,41,31,34.9,0.9,2.7,0.333,1.9,0.1,0.3,0.3,0.349
2020-21,200765,Rajon Rondo,1610612746,LAC,45,28,17,17.1,0.5,1.4,0.393,1.4,0.4,0.9,0.39,0.525
2020-21,203526,Raul Neto,1610612764,WAS,64,30,34,21.9,0.6,1.5,0.418,1.4,0.2,0.5,0.303,0.469
2020-21,1629034,Ray Spalding,1610612745,HOU,2,0,2,9.4,0.0,0.0,,0.0,0.0,0.0,,
2020-21,1629730,Rayjon Tucker,1610612755,PHI,14,8,6,4.9,0.1,0.2,0.333,0.2,0.1,0.1,0.5,0.5
2020-21,203493,Reggie Bullock Jr.,1610612752,NYK,65,38,27,30.0,0.7,1.7,0.429,1.6,0.1,0.5,0.25,0.464
2020-21,202704,Reggie Jackson,1610612746,LAC,67,43,24,23.0,1.0,2.7,0.366,2.4,0.4,1.2,0.346,0.44
2020-21,1629617,Reggie Perry,1610612751,BKN,26,18,8,8.1,0.0,0.1,0.0,0.0,0.0,0.0,0.0,0.0
2020-21,1626158,Richaun Holmes,1610612758,SAC,61,29,32,29.2,0.1,0.2,0.533,0.3,0.0,0.0,0.0,0.533
2020-21,201937,Ricky Rubio,1610612750,MIN,68,23,45,26.1,0.7,2.2,0.329,1.7,0.2,0.7,0.283,0.372
2020-21,203496,Robert Covington,1610612757,POR,70,42,28,32.0,0.3,0.8,0.407,0.9,0.2,0.6,0.41,0.542
2020-21,1629606,Robert Franks,1610612753,ORL,7,0,7,14.4,0.0,0.3,0.0,0.0,0.0,0.1,0.0,0.0
2020-21,1629057,Robert Williams III,1610612738,BOS,52,29,23,18.9,0.0,0.1,0.286,0.1,0.0,0.0,0.0,0.286
2020-21,1630218,Robert Woodard II,1610612758,SAC,13,3,10,3.5,0.2,0.5,0.333,0.4,0.1,0.2,0.333,0.417
2020-21,201577,Robin Lopez,1610612764,WAS,71,34,37,19.1,0.1,0.2,0.636,0.2,0.0,0.0,,0.636
2020-21,1629066,Rodions Kurucs,1610612749,MIL,21,10,11,5.9,0.0,0.0,0.0,0.0,0.0,0.0,,0.0
2020-21,203918,Rodney Hood,1610612761,TOR,55,29,26,17.1,0.9,2.3,0.388,2.1,0.3,0.7,0.421,0.45
2020-21,203585,Rodney McGruder,1610612765,DET,16,3,13,12.1,0.2,0.6,0.3,0.4,0.0,0.1,0.0,0.3
2020-21,1629641,Romeo Langford,1610612738,BOS,18,9,9,15.7,0.1,0.6,0.2,0.3,0.1,0.2,0.667,0.3
2020-21,1626178,Rondae Hollis-Jefferson,1610612757,POR,11,6,5,9.8,0.1,0.1,1.0,0.2,0.0,0.0,,1.0
2020-21,1626220,Royce O'Neale,1610612762,UTA,71,51,20,31.6,0.1,0.5,0.303,0.4,0.1,0.4,0.32,0.424
2020-21,200752,Rudy Gay,1610612759,SAS,63,29,34,21.6,1.4,3.7,0.385,3.1,0.2,0.7,0.326,0.418
2020-21,203497,Rudy Gobert,1610612762,UTA,71,52,19,30.8,0.0,0.0,0.0,0.0,0.0,0.0,0.0,0.0
2020-21,1629060,Rui Hachimura,1610612764,WAS,57,29,28,31.5,1.1,2.9,0.394,2.3,0.0,0.0,0.0,0.394
2020-21,201566,Russell Westbrook,1610612764,WAS,65,30,35,36.4,3.0,8.1,0.37,6.6,0.6,2.0,0.283,0.404
2020-21,1627853,Ryan Arcidiacono,1610612741,CHI,44,20,24,10.2,0.3,0.8,0.361,0.7,0.1,0.3,0.25,0.403
2020-21,1630240,Saben Lee,1610612765,DET,48,14,34,16.3,0.1,0.6,0.241,0.3,0.0,0.1,0.0,0.241
2020-21,1630180,Saddiq Bey,1610612765,DET,70,19,51,27.3,0.6,1.9,0.296,1.5,0.4,1.2,0.298,0.389
2020-21,1630241,Sam Merrill,1610612749,MIL,30,18,12,7.8,0.3,0.7,0.5,0.8,0.2,0.4,0.455,0.625
2020-21,1630253,Sean McDermott,1610612763,MEM,18,10,8,8.8,0.0,0.1,0.0,0.0,0.0,0.1,0.0,0.0
2020-21,1629635,Sekou Doumbouya,1610612765,DET,56,15,41,15.5,0.0,0.3,0.067,0.1,0.0,0.1,0.2,0.1
2020-21,1628400,Semi Ojeleye,1610612738,BOS,56,28,28,17.0,0.1,0.4,0.12,0.1,0.0,0.2,0.154,0.16
2020-21,201586,Serge Ibaka,1610612746,LAC,41,24,17,23.3,0.1,0.4,0.25,0.2,0.0,0.1,0.2,0.281
2020-21,203552,Seth Curry,1610612755,PHI,57,39,18,28.7,1.9,4.4,0.439,4.5,0.6,1.7,0.379,0.51
2020-21,1628983,Shai Gilgeous-Alexander,1610612760,OKC,35,16,19,33.7,2.7,6.5,0.417,7.0,1.5,3.8,0.409,0.535
2020-21,1629003,Shake Milton,1610612755,PHI,63,46,17,23.2,1.7,4.2,0.417,3.8,0.3,1.1,0.265,0.451
2020-21,1627885,Shaquille Harrison,1610612743,DEN,34,27,7,9.8,0.1,0.3,0.333,0.2,0.0,0.1,0.0,0.333
2020-21,1628414,Sindarius Thornwell,1610612753,ORL,21,7,14,10.3,0.0,0.1,0.0,0.0,0.0,0.0,,0.0
2020-21,1630219,Skylar Mays,1610612737,ATL,33,19,14,8.2,0.2,0.5,0.353,0.5,0.1,0.2,0.375,0.441
2020-21,203524,Solomon Hill,1610612737,ATL,71,41,30,21.3,0.1,0.3,0.381,0.3,0.1,0.2,0.417,0.5
2020-21,203915,Spencer Dinwiddie,1610612751,BKN,3,2,1,21.4,0.0,0.7,0.0,0.0,0.0,0.7,0.0,0.0
2020-21,1626169,Stanley Johnson,1610612761,TOR,61,25,36,16.5,0.2,0.6,0.314,0.5,0.1,0.4,0.333,0.429
2020-21,201939,Stephen Curry,1610612744,GSW,63,37,26,34.2,4.1,9.8,0.423,11.2,2.9,7.2,0.409,0.573
2020-21,1628425,Sterling Brown,1610612745,HOU,51,14,37,24.1,0.4,0.9,0.4,1.0,0.3,0.6,0.469,0.567
2020-21,203500,Steven Adams,1610612740,NOP,58,26,32,27.7,0.0,0.1,0.286,0.1,0.0,0.0,0.0,0.286
2020-21,1629004,Svi Mykhailiuk,1610612760,OKC,66,13,53,20.1,0.7,2.0,0.369,1.9,0.5,1.3,0.348,0.488
2020-21,1628388,T.J. Leaf,1610612757,POR,7,6,1,5.1,0.0,0.1,0.0,0.0,,,,0.0
2020-21,204456,T.J. McConnell,1610612754,IND,69,33,36,26.0,1.1,2.1,0.552,2.3,0.1,0.2,0.364,0.566
2020-21,203933,T.J. Warren,1610612754,IND,4,3,1,29.3,2.3,5.0,0.45,4.5,0.0,0.0,,0.45
2020-21,1629605,Tacko Fall,1610612738,BOS,19,13,6,7.1,0.0,0.0,,0.0,,,,
2020-21,201959,Taj Gibson,1610612752,NYK,45,29,16,20.8,0.0,0.1,0.333,0.1,0.0,0.0,0.0,0.333
2020-21,1629659,Talen Horton-Tucker,1610612747,LAL,65,39,26,20.1,0.6,1.7,0.364,1.5,0.2,0.8,0.296,0.436
2020-21,1627752,Taurean Prince,1610612739,CLE,41,15,26,22.1,1.0,2.4,0.412,2.4,0.5,1.1,0.444,0.515
2020-21,1629611,Terance Mann,1610612746,LAC,67,45,22,18.9,0.4,1.1,0.342,0.9,0.1,0.3,0.429,0.404
2020-21,1629056,Terence Davis,1610612758,SAC,61,26,35,17.6,0.5,1.7,0.283,1.3,0.4,1.4,0.262,0.387
2020-21,1628390,Terrance Ferguson,1610612755,PHI,13,10,3,3.8,0.0,0.1,0.0,0.0,0.0,0.0,,0.0
2020-21,203082,Terrence Ross,1610612753,ORL,46,16,30,29.3,2.8,7.1,0.391,6.2,0.7,2.2,0.291,0.437
2020-21,1626179,Terry Rozier,1610612766,CHA,69,32,37,34.5,2.3,5.7,0.414,5.6,0.9,2.8,0.309,0.49
2020-21,201152,Thaddeus Young,1610612741,CHI,68,30,38,24.3,0.1,0.4,0.192,0.1,0.0,0.0,0.0,0.192
2020-21,203648,Thanasis Antetokounmpo,1610612749,MIL,57,37,20,9.7,0.1,0.3,0.353,0.3,0.1,0.2,0.385,0.5
2020-21,1630177,Theo Maledon,1610612760,OKC,65,20,45,27.3,1.1,3.2,0.352,2.8,0.5,1.7,0.315,0.433
2020-21,1629033,Theo Pinson,1610612752,NYK,17,9,8,2.0,0.1,0.1,0.5,0.1,0.0,0.1,0.0,0.5
2020-21,1628418,Thomas Bryant,1610612764,WAS,10,2,8,27.1,0.2,0.5,0.4,0.4,0.0,0.0,,0.4
2020-21,1627748,Thon Maker,1610612739,CLE,8,3,5,9.6,0.1,0.3,0.5,0.3,0.0,0.0,,0.5
2020-21,204025,Tim Frazier,1610612763,MEM,5,5,0,12.4,0.2,2.2,0.091,0.4,0.0,0.8,0.0,0.091
2020-21,203501,Tim Hardaway Jr.,1610612742,DAL,70,42,28,28.4,1.6,4.4,0.375,4.0,0.8,2.2,0.344,0.461
2020-21,1627789,Timothe Luwawu-Cabarrot,1610612751,BKN,58,38,20,18.1,0.2,0.6,0.243,0.4,0.1,0.3,0.167,0.284
2020-21,202699,Tobias Harris,1610612755,PHI,62,44,18,32.5,2.2,5.0,0.443,4.7,0.3,1.0,0.305,0.472
2020-21,203107,Tomas Satoransky,1610612741,CHI,58,25,33,22.5,0.6,1.2,0.486,1.3,0.1,0.2,0.214,0.507
2020-21,1628396,Tony Bradley,1610612760,OKC,42,15,27,16.3,0.0,0.0,0.0,0.0,0.0,0.0,,0.0
2020-21,203503,Tony Snell,1610612737,ATL,47,29,18,21.1,0.1,0.4,0.35,0.3,0.0,0.1,0.0,0.35
2020-21,1628470,Torrey Craig,1610612756,PHX,50,33,17,16.1,0.3,0.6,0.452,0.7,0.1,0.2,0.545,0.548
2020-21,1629027,Trae Young,1610612737,ATL,63,36,27,33.7,3.7,9.6,0.391,9.1,1.7,4.9,0.335,0.477
2020-21,1630200,Tre Jones,1610612759,SAS,37,15,22,7.3,0.2,0.5,0.421,0.5,0.1,0.1,1.0,0.474
2020-21,1629682,Tremont Waters,1610612738,BOS,26,13,13,9.1,0.6,1.5,0.395,1.5,0.4,0.9,0.417,0.526
2020-21,1630235,Trent Forrest,1610612762,UTA,30,22,8,10.1,0.2,0.4,0.538,0.5,0.0,0.1,0.0,0.538
2020-21,2772,Trevor Ariza,1610612748,MIA,30,17,13,28.0,0.2,1.0,0.241,0.6,0.2,0.7,0.25,0.328
2020-21,203504,Trey Burke,1610612742,DAL,62,35,27,14.7,0.9,2.0,0.452,2.0,0.2,0.5,0.379,0.496
2020-21,1626168,Trey Lyles,1610612759,SAS,23,10,13,15.6,0.2,0.8,0.211,0.4,0.0,0.3,0.143,0.237
2020-21,202684,Tristan Thompson,1610612738,BOS,54,27,27,23.8,0.1,0.2,0.3,0.1,0.0,0.0,0.0,0.3
2020-21,1628972,Troy Brown Jr.,1610612741,CHI,34,10,24,15.4,0.4,0.9,0.406,0.8,0.1,0.2,0.25,0.438
2020-21,1629660,Ty Jerome,1610612760,OKC,33,7,26,23.9,1.2,2.8,0.424,3.1,0.7,1.6,0.434,0.549
2020-21,1630234,Ty-Shon Alexander,1610612756,PHX,15,11,4,3.2,0.1,0.3,0.25,0.2,0.1,0.1,0.5,0.375
2020-21,1630189,Tyler Bey,1610612742,DAL,18,11,7,3.9,0.1,0.3,0.2,0.2,0.1,0.1,0.5,0.3
2020-21,1629076,Tyler Cook,1610612765,DET,32,11,21,13.7,0.0,0.0,0.0,0.0,0.0,0.0,,0.0
2020-21,1629639,Tyler Herro,1610612748,MIA,54,29,25,30.3,2.2,5.9,0.379,5.4,0.9,2.6,0.329,0.453
2020-21,204020,Tyler Johnson,1610612751,BKN,39,29,10,17.5,0.4,0.9,0.378,0.9,0.2,0.4,0.4,0.459
2020-21,1630179,Tyrell Terry,1610612742,DAL,11,2,9,5.1,0.0,0.5,0.0,0.0,0.0,0.4,0.0,0.0
2020-21,1630169,Tyrese Haliburton,1610612758,SAC,58,25,33,30.1,2.0,4.8,0.421,4.9,0.8,2.2,0.375,0.507
2020-21,1630178,Tyrese Maxey,1610612755,PHI,61,41,20,15.3,1.2,2.7,0.442,2.5,0.1,0.6,0.257,0.469
2020-21,1626145,Tyus Jones,1610612763,MEM,70,36,34,17.5,1.1,2.6,0.444,2.4,0.1,0.4,0.29,0.469
2020-21,1628962,Udoka Azubuike,1610612762,UTA,15,13,2,3.8,0.0,0.0,,0.0,,,,
2020-21,2617,Udonis Haslem,1610612748,MIA,1,1,0,2.7,0.0,0.0,,0.0,,,,
2020-21,1630176,Vernon Carey Jr.,1610612766,CHA,19,9,10,6.0,0.0,0.1,0.0,0.0,0.0,0.0,,0.0
2020-21,203506,Victor Oladipo,1610612748,MIA,33,13,20,32.7,2.0,6.8,0.296,5.0,1.0,3.4,0.283,0.367
2020-21,1629738,Vincent Poirier,1610612755,PHI,10,8,2,3.9,0.0,0.2,0.0,0.0,0.0,0.0,,0.0
2020-21,1628427,Vlatko Cancar,1610612743,DEN,41,28,13,6.9,0.0,0.1,0.2,0.0,0.0,0.1,0.0,0.2
2020-21,201961,Wayne Ellington,1610612765,DET,46,13,33,22.0,1.2,2.5,0.474,3.3,1.0,2.0,0.495,0.671
2020-21,1628976,Wendell Carter Jr.,1610612753,ORL,54,21,33,25.5,0.1,0.4,0.2,0.1,0.0,0.0,,0.2
2020-21,1629117,Wenyen Gabriel,1610612740,NOP,21,9,12,11.5,0.0,0.1,0.333,0.1,0.0,0.1,0.0,0.333
2020-21,1628411,Wes Iwundu,1610612740,NOP,41,17,24,13.1,0.0,0.2,0.25,0.1,0.0,0.1,0.0,0.25
2020-21,202083,Wesley Matthews,1610612747,LAL,58,33,25,19.5,0.2,0.8,0.283,0.6,0.1,0.5,0.296,0.37
2020-21,203115,Will Barton,1610612743,DEN,56,37,19,31.0,1.2,3.1,0.375,2.9,0.6,1.6,0.348,0.466
2020-21,1630266,Will Magnay,1610612740,NOP,1,1,0,3.3,0.0,0.0,,0.0,0.0,0.0,,
2020-21,1626161,Willie Cauley-Stein,1610612742,DAL,53,29,24,17.1,0.1,0.1,0.5,0.1,0.0,0.0,,0.5
2020-21,1626195,Willy Hernangomez,1610612740,NOP,47,20,27,18.0,0.0,0.1,0.25,0.0,0.0,0.0,0.0,0.25
2020-21,1630214,Xavier Tillman,1610612763,MEM,59,31,28,18.4,0.2,0.4,0.591,0.4,0.0,0.0,0.0,0.591
2020-21,1627812,Yogi Ferrell,1610612746,LAC,10,4,6,13.7,0.9,3.1,0.29,2.1,0.3,1.5,0.2,0.339
2020-21,1629139,Yuta Watanabe,1610612761,TOR,50,24,26,14.5,0.1,0.6,0.25,0.3,0.0,0.1,0.4,0.286
2020-21,203897,Zach LaVine,1610612741,CHI,58,26,32,35.1,3.6,8.6,0.421,9.3,2.1,5.4,0.39,0.545
2020-21,1630192,Zeke Nnaji,1610612743,DEN,42,30,12,9.5,0.0,0.1,0.4,0.1,0.0,0.0,1.0,0.5
2020-21,1629627,Zion Williamson,1610612740,NOP,61,29,32,33.2,0.1,0.4,0.227,0.2,0.0,0.1,0.0,0.227
2019-20,203932,Aaron Gordon,1610612753,ORL,62,30,32,32.5,1.0,3.5,0.281,2.3,0.3,1.1,0.294,0.327
2019-20,1628988,Aaron Holiday,1610612754,IND,66,42,24,24.5,1.1,3.2,0.359,2.7,0.4,1.3,0.341,0.428
2019-20,1627846,Abdel Nader,1610612760,OKC,55,37,18,15.8,0.2,0.6,0.406,0.5,0.0,0.1,0.286,0.438
2019-20,1629690,Adam Mokoka,1610612741,CHI,11,3,8,10.2,0.0,0.0,,0.0,0.0,0.0,,
2019-20,1629678,Admiral Schofield,1610612764,WAS,33,9,24,11.2,0.1,0.2,0.375,0.2,0.0,0.1,0.0,0.375
2019-20,201143,Al Horford,1610612755,PHI,67,39,28,30.2,0.4,0.9,0.475,0.9,0.1,0.2,0.333,0.508
2019-20,202329,Al-Farouq Aminu,1610612753,ORL,18,7,11,21.1,0.0,0.2,0.0,0.0,0.0,0.1,0.0,0.0
2019-20,202692,Alec Burks,1610612755,PHI,66,21,45,26.6,2.1,5.1,0.414,5.2,1.0,2.5,0.394,0.51
2019-20,1629346,Alen Smailagic,1610612744,GSW,14,1,13,9.9,0.1,0.1,0.5,0.1,0.0,0.0,,0.5
2019-20,1627936,Alex Caruso,1610612747,LAL,64,48,16,18.4,0.3,1.0,0.25,0.6,0.1,0.5,0.31,0.32
2019-20,203458,Alex Len,1610612758,SAC,55,18,37,17.6,0.0,0.1,0.25,0.0,0.0,0.0,0.0,0.25
2019-20,1628035,Alfonzo McKinnie,1610612739,CLE,40,11,29,14.8,0.2,0.6,0.273,0.3,0.0,0.2,0.143,0.295
2019-20,1628993,Alize Johnson,1610612754,IND,17,10,7,6.9,0.0,0.2,0.0,0.0,0.0,0.0,,0.0
2019-20,203459,Allen Crabbe,1610612750,MIN,37,5,32,17.6,0.2,1.0,0.237,0.5,0.0,0.4,0.0,0.237
2019-20,1629019,Allonzo Trier,1610612752,NYK,24,2,22,12.1,1.0,2.2,0.481,2.4,0.3,1.1,0.308,0.558
2019-20,1628518,Amile Jefferson,1610612753,ORL,18,5,13,4.1,0.1,0.1,0.5,0.1,,,,0.5
2019-20,1629599,Amir Coffey,1610612746,LAC,18,11,7,8.8,0.3,0.8,0.357,0.6,0.1,0.3,0.2,0.393
2019-20,203083,Andre Drummond,1610612739,CLE,57,21,36,33.0,0.1,0.4,0.182,0.2,0.0,0.1,0.25,0.205
2019-20,2738,Andre Iguodala,1610612748,MIA,21,10,11,19.9,0.2,0.8,0.294,0.5,0.0,0.2,0.2,0.324
2019-20,203460,Andre Roberson,1610612760,OKC,7,3,4,12.4,0.0,0.3,0.0,0.0,0.0,0.3,0.0,0.0
2019-20,203952,Andrew Wiggins,1610612744,GSW,54,15,39,34.4,1.9,6.0,0.322,4.6,0.8,2.4,0.32,0.385
2019-20,1629014,Anfernee Simons,1610612757,POR,70,32,38,20.7,1.1,3.2,0.344,2.5,0.4,1.2,0.317,0.403
2019-20,1627790,Ante Zizic,1610612739,CLE,22,4,18,10.0,0.0,0.0,,0.0,,,,
2019-20,203076,Anthony Davis,1610612747,LAL,62,46,16,34.4,1.3,3.6,0.36,2.7,0.0,0.3,0.158,0.367
2019-20,201229,Anthony Tolliver,1610612763,MEM,55,24,31,15.9,0.1,0.2,0.583,0.3,0.1,0.1,0.571,0.75
2019-20,1628499,Antonius Cleveland,1610612742,DAL,11,6,5,4.2,0.1,0.3,0.333,0.2,0.0,0.0,,0.333
2019-20,1628394,Anzejs Pasecniks,1610612764,WAS,27,9,18,16.2,0.0,0.0,1.0,0.1,0.0,0.0,,1.0
2019-20,203382,Aron Baynes,1610612756,PHX,42,19,23,22.2,0.1,0.2,0.4,0.2,0.0,0.0,1.0,0.45
2019-20,203085,Austin Rivers,1610612745,HOU,68,43,25,23.4,0.6,1.6,0.364,1.6,0.5,1.4,0.359,0.519
2019-20,202340,Avery Bradley,1610612747,LAL,49,36,13,24.2,1.0,2.2,0.443,2.1,0.2,0.4,0.364,0.481
2019-20,1629168,BJ Johnson,1610612753,ORL,10,5,5,8.3,0.3,1.4,0.214,0.7,0.1,0.1,1.0,0.25
2019-20,1628389,Bam Adebayo,1610612748,MIA,72,44,28,33.6,0.3,1.1,0.291,0.7,0.0,0.1,0.2,0.297
2019-20,203463,Ben McLemore,1610612745,HOU,71,44,27,22.8,0.4,0.9,0.391,1.0,0.3,0.9,0.381,0.578
2019-20,1627732,Ben Simmons,1610612755,PHI,57,35,22,35.4,0.2,0.7,0.225,0.3,0.0,0.1,0.0,0.225
2019-20,202687,Bismack Biyombo,1610612766,CHA,53,18,35,19.4,0.0,0.1,0.25,0.0,,,,0.25
2019-20,201933,Blake Griffin,1610612765,DET,18,8,10,28.5,1.0,4.1,0.243,2.9,0.9,3.2,0.293,0.358
2019-20,1626246,Boban Marjanovic,1610612742,DAL,44,21,23,9.6,0.2,0.5,0.4,0.4,0.0,0.0,0.0,0.4
2019-20,1626171,Bobby Portis,1610612752,NYK,66,21,45,21.1,0.6,1.4,0.436,1.3,0.0,0.1,0.4,0.447
2019-20,203992,Bogdan Bogdanovic,1610612758,SAC,61,29,32,28.9,1.6,4.1,0.394,3.8,0.6,1.9,0.288,0.462
2019-20,202711,Bojan Bogdanovic,1610612762,UTA,63,41,22,33.1,1.5,4.1,0.364,3.9,0.9,2.3,0.394,0.473
2019-20,1629626,Bol Bol,1610612743,DEN,7,2,5,12.4,0.1,0.6,0.25,0.3,0.0,0.1,0.0,0.25
2019-20,202954,Brad Wanamaker,1610612738,BOS,71,48,23,19.3,0.5,1.6,0.328,1.2,0.1,0.6,0.205,0.366
2019-20,203078,Bradley Beal,1610612764,WAS,57,20,37,36.0,3.6,9.3,0.384,8.5,1.3,3.9,0.329,0.454
2019-20,1629634,Brandon Clarke,1610612763,MEM,58,29,29,22.4,0.5,0.9,0.527,1.0,0.0,0.0,0.0,0.527
2019-20,1629164,Brandon Goodwin,1610612737,ATL,34,13,21,12.7,0.7,1.7,0.404,1.8,0.4,0.9,0.483,0.526
2019-20,1627742,Brandon Ingram,1610612740,NOP,62,25,37,33.9,2.3,5.8,0.389,4.8,0.3,1.1,0.279,0.415
2019-20,202688,Brandon Knight,1610612765,DET,25,4,21,18.5,1.2,3.3,0.366,3.4,1.0,2.7,0.373,0.518
2019-20,1628968,Brian Bowen II,1610612754,IND,6,5,1,5.2,0.0,0.2,0.0,0.0,0.0,0.0,,0.0
2019-20,201572,Brook Lopez,1610612749,MIL,68,53,15,26.7,0.5,1.0,0.456,1.0,0.1,0.1,0.4,0.485
2019-20,1628971,Bruce Brown,1610612765,DET,58,18,40,28.2,0.1,0.5,0.172,0.2,0.0,0.1,0.167,0.19
2019-20,203998,Bruno Caboclo,1610612745,HOU,30,11,19,8.1,0.1,0.3,0.375,0.2,0.0,0.1,0.25,0.438
2019-20,1628981,Bruno Fernando,1610612737,ATL,56,18,38,12.7,0.1,0.3,0.357,0.2,0.0,0.1,0.0,0.357
2019-20,1627854,Bryn Forbes,1610612759,SAS,63,27,36,25.1,1.2,3.0,0.415,3.0,0.6,1.4,0.396,0.511
2019-20,1627741,Buddy Hield,1610612758,SAC,72,31,41,30.8,3.0,7.6,0.395,7.6,1.6,4.3,0.374,0.502
2019-20,203468,CJ McCollum,1610612757,POR,70,34,36,36.5,4.2,9.8,0.427,9.5,1.2,3.8,0.308,0.486
2019-20,101139,CJ Miles,1610612764,WAS,10,4,6,16.1,0.3,1.2,0.25,0.8,0.2,0.6,0.333,0.333
2019-20,1628997,Caleb Martin,1610612766,CHA,18,6,12,17.6,0.1,0.7,0.154,0.3,0.1,0.4,0.143,0.192
2019-20,1628403,Caleb Swanigan,1610612757,POR,27,12,15,10.7,0.0,0.1,0.0,0.0,0.0,0.0,,0.0
2019-20,1629629,Cam Reddish,1610612737,ATL,58,17,41,26.7,0.8,2.4,0.338,1.9,0.2,0.8,0.265,0.384
2019-20,1629661,Cameron Johnson,1610612756,PHX,57,28,29,22.0,0.2,0.6,0.324,0.5,0.1,0.2,0.333,0.365
2019-20,1626166,Cameron Payne,1610612756,PHX,8,8,0,22.9,1.3,2.8,0.455,3.0,0.5,0.6,0.8,0.545
2019-20,1627747,Caris LeVert,1610612751,BKN,45,21,24,29.6,2.7,6.7,0.399,6.6,1.2,3.2,0.387,0.49
2019-20,2546,Carmelo Anthony,1610612757,POR,58,28,30,32.8,2.2,5.5,0.404,4.6,0.1,0.4,0.308,0.416
2019-20,1629035,Carsen Edwards,1610612738,BOS,37,25,12,9.5,0.6,1.5,0.375,1.4,0.3,0.9,0.324,0.473
2019-20,1626224,Cedi Osman,1610612739,CLE,65,19,46,29.4,0.7,1.9,0.36,1.8,0.4,1.0,0.368,0.46
2019-20,1628990,Chandler Hutchison,1610612741,CHI,28,8,20,18.8,0.1,0.3,0.333,0.2,0.0,0.0,0.0,0.333
2019-20,202718,Chandler Parsons,1610612737,ATL,5,0,5,10.8,0.0,0.2,0.0,0.0,0.0,0.2,0.0,0.0
2019-20,1629718,Charlie Brown Jr.,1610612737,ATL,10,1,9,4.0,0.0,0.2,0.0,0.0,0.0,0.1,0.0,0.0
2019-20,1626184,Chasson Randle,1610612744,GSW,3,2,1,13.5,0.0,0.3,0.0,0.0,0.0,0.0,,0.0
2019-20,1627767,Cheick Diallo,1610612756,PHX,47,20,27,10.2,0.0,0.1,0.286,0.1,0.0,0.0,,0.286
2019-20,1629002,Chimezie Metu,1610612759,SAS,18,8,10,5.8,0.1,0.4,0.286,0.2,0.0,0.0,,0.286
2019-20,1628449,Chris Boucher,1610612761,TOR,62,45,17,13.2,0.0,0.1,0.125,0.0,0.0,0.1,0.0,0.125
2019-20,1629185,Chris Chiozza,1610612751,BKN,28,14,14,14.3,0.4,1.7,0.213,0.9,0.2,1.1,0.167,0.266
2019-20,1629598,Chris Clemons,1610612745,HOU,33,19,14,8.8,0.8,2.0,0.4,2.2,0.7,1.8,0.373,0.569
2019-20,101108,Chris Paul,1610612760,OKC,70,44,26,31.5,4.5,9.4,0.479,10.2,1.2,3.4,0.358,0.544
2019-20,1629735,Chris Silva,1610612748,MIA,44,27,17,7.9,0.0,0.0,1.0,0.1,0.0,0.0,,1.0
2019-20,1626174,Christian Wood,1610612765,DET,62,20,42,21.4,0.2,0.6,0.333,0.5,0.1,0.3,0.3,0.41
2019-20,203991,Clint Capela,1610612737,ATL,39,22,17,32.8,0.0,0.1,0.0,0.0,,,,0.0
2019-20,1629632,Coby White,1610612741,CHI,65,22,43,25.8,1.3,4.0,0.322,3.2,0.7,2.0,0.328,0.405
2019-20,1628998,Cody Martin,1610612766,CHA,48,16,32,18.8,0.2,0.5,0.348,0.4,0.1,0.2,0.4,0.435
2019-20,203469,Cody Zeller,1610612766,CHA,58,18,40,23.1,0.1,0.3,0.5,0.3,0.0,0.1,0.5,0.563
2019-20,1629012,Collin Sexton,1610612739,CLE,65,19,46,33.0,2.2,5.5,0.398,5.0,0.6,1.6,0.35,0.448
2019-20,201147,Corey Brewer,1610612758,SAC,5,2,3,6.5,0.2,0.2,1.0,0.4,0.0,0.0,,1.0
2019-20,202709,Cory Joseph,1610612758,SAC,72,31,41,24.4,0.7,2.1,0.324,1.4,0.1,0.5,0.242,0.351
2019-20,201584,Courtney Lee,1610612742,DAL,24,15,9,14.4,0.6,1.0,0.583,1.5,0.3,0.5,0.727,0.75
2019-20,1626245,Cristiano Felicio,1610612741,CHI,22,6,16,17.5,0.0,0.0,0.0,0.0,0.0,0.0,,0.0
2019-20,1626156,D'Angelo Russell,1610612750,MIN,45,11,34,32.3,4.2,10.8,0.39,10.3,1.9,5.5,0.345,0.479
2019-20,201571,D.J. Augustin,1610612753,ORL,57,28,29,24.9,1.4,3.6,0.38,3.4,0.6,2.0,0.295,0.459
2019-20,1628391,D.J. Wilson,1610612749,MIL,37,29,8,9.8,0.2,0.6,0.348,0.5,0.1,0.3,0.167,0.391
2019-20,1629610,DaQuan Jeffries,1610612758,SAC,13,4,9,10.9,0.1,0.2,0.5,0.2,0.0,0.0,,0.5
2019-20,1627745,Damian Jones,1610612737,ATL,55,15,40,16.1,0.0,0.0,0.0,0.0,0.0,0.0,,0.0
2019-20,203081,Damian Lillard,1610612757,POR,66,33,33,37.5,4.0,10.1,0.402,11.1,3.0,7.5,0.404,0.552
2019-20,1627814,Damion Lee,1610612744,GSW,49,12,37,29.0,1.1,2.8,0.415,2.4,0.2,0.7,0.235,0.444
2019-20,1628422,Damyean Dotson,1610612752,NYK,48,14,34,17.4,0.9,2.5,0.364,2.1,0.3,1.1,0.302,0.432
2019-20,1629655,Daniel Gafford,1610612741,CHI,43,15,28,14.2,0.0,0.0,,0.0,,,,
2019-20,1628464,Daniel Theis,1610612738,BOS,65,42,23,24.1,0.0,0.1,0.25,0.1,0.0,0.1,0.2,0.313
2019-20,201568,Danilo Gallinari,1610612760,OKC,62,37,25,29.6,1.4,3.6,0.403,3.4,0.5,1.4,0.353,0.471
2019-20,201980,Danny Green,1610612747,LAL,68,51,17,24.8,0.6,1.4,0.411,1.4,0.3,0.8,0.346,0.505
2019-20,203957,Dante Exum,1610612739,CLE,35,10,25,13.9,0.1,0.4,0.286,0.3,0.1,0.3,0.273,0.393
2019-20,1627863,Danuel House Jr.,1610612745,HOU,63,40,23,30.4,0.4,1.3,0.329,1.2,0.3,1.0,0.361,0.468
2019-20,203967,Dario Saric,1610612756,PHX,66,32,34,24.7,0.2,0.5,0.467,0.5,0.1,0.1,0.571,0.533
2019-20,1629647,Darius Bazley,1610612760,OKC,61,36,25,18.5,0.2,0.5,0.419,0.6,0.1,0.2,0.571,0.548
2019-20,1629636,Darius Garland,1610612739,CLE,59,17,42,30.9,2.0,5.3,0.375,4.8,0.8,2.4,0.317,0.446
2019-20,1629133,Daryl Macon,1610612748,MIA,4,4,0,3.5,0.0,0.3,0.0,0.0,0.0,0.0,,0.0
2019-20,1628021,David Nwaba,1610612745,HOU,20,8,12,13.4,0.0,0.1,0.0,0.0,0.0,0.0,,0.0
2019-20,202722,Davis Bertans,1610612764,WAS,54,20,34,29.3,0.7,1.9,0.379,2.0,0.5,1.3,0.4,0.515
2019-20,1628368,De'Aaron Fox,1610612758,SAC,51,20,31,32.0,2.1,5.5,0.376,4.7,0.5,2.0,0.267,0.424
2019-20,1629631,De'Andre Hunter,1610612737,ATL,63,19,44,32.0,0.8,2.5,0.325,1.8,0.1,0.7,0.186,0.35
2019-20,1629001,De'Anthony Melton,1610612763,MEM,60,27,33,19.5,0.5,1.8,0.274,1.1,0.1,0.7,0.175,0.307
2019-20,201599,DeAndre Jordan,1610612751,BKN,56,27,29,22.0,0.0,0.0,,0.0,,,,
2019-20,1627761,DeAndre' Bembry,1610612737,ATL,43,10,33,21.3,0.1,0.4,0.353,0.3,0.0,0.2,0.143,0.382
2019-20,201942,DeMar DeRozan,1610612759,SAS,68,31,37,34.1,2.8,6.3,0.444,5.6,0.0,0.1,0.167,0.445
2019-20,201960,DeMarre Carroll,1610612745,HOU,24,10,14,12.1,0.1,0.5,0.273,0.3,0.0,0.2,0.2,0.318
2019-20,1629731,Dean Wade,1610612739,CLE,12,1,11,6.0,0.0,0.0,,0.0,0.0,0.0,,
2019-20,1629028,Deandre Ayton,1610612756,PHX,38,20,18,32.5,0.3,0.8,0.313,0.5,0.0,0.0,0.0,0.313
2019-20,1627749,Dejounte Murray,1610612759,SAS,66,29,37,25.6,1.7,4.0,0.437,3.5,0.0,0.2,0.133,0.441
2019-20,1626153,Delon Wright,1610612742,DAL,73,42,31,21.5,0.3,0.9,0.313,0.8,0.2,0.5,0.371,0.41
2019-20,203471,Dennis Schroder,1610612760,OKC,65,40,25,30.8,2.2,5.5,0.404,4.8,0.3,1.3,0.268,0.435
2019-20,1628372,Dennis Smith Jr.,1610612752,NYK,34,7,27,15.8,0.7,2.9,0.245,1.7,0.3,1.0,0.303,0.296
2019-20,1627756,Denzel Valentine,1610612741,CHI,36,12,24,13.6,1.5,3.3,0.442,3.4,0.4,1.5,0.302,0.508
2019-20,1629126,Deonte Burton,1610612760,OKC,39,22,17,9.1,0.1,0.4,0.214,0.2,0.0,0.1,0.25,0.25
2019-20,202324,Derrick Favors,1610612740,NOP,51,24,27,24.4,0.0,0.1,0.286,0.1,0.0,0.0,0.0,0.286
2019-20,1627884,Derrick Jones Jr.,1610612748,MIA,59,34,25,23.3,0.1,0.3,0.15,0.1,0.0,0.2,0.182,0.2
2019-20,201565,Derrick Rose,1610612765,DET,50,17,33,26.0,2.3,6.0,0.38,5.0,0.4,1.8,0.228,0.415
2019-20,1628476,Derrick Walton Jr.,1610612765,DET,26,15,11,9.6,0.2,0.3,0.556,0.4,0.0,0.0,1.0,0.611
2019-20,1628401,Derrick White,1610612759,SAS,68,32,36,24.7,1.0,2.5,0.402,2.4,0.4,1.1,0.329,0.473
2019-20,1626164,Devin Booker,1610612756,PHX,70,34,36,35.9,3.9,9.2,0.421,8.8,1.1,3.3,0.338,0.481
2019-20,1628985,Devon Hall,1610612760,OKC,11,6,5,7.3,0.1,1.0,0.091,0.3,0.1,0.6,0.143,0.136
2019-20,1629719,Devontae Cacok,1610612747,LAL,1,0,1,8.9,0.0,0.0,,0.0,,,,
2019-20,1628984,Devonte' Graham,1610612766,CHA,63,23,40,35.1,3.0,8.3,0.357,7.9,2.0,5.8,0.344,0.478
2019-20,1629608,Dewan Hernandez,1610612761,TOR,6,6,0,4.7,0.0,0.0,,0.0,0.0,0.0,,
2019-20,203473,Dewayne Dedmon,1610612737,ATL,44,17,27,17.6,0.1,0.2,0.5,0.3,0.0,0.1,0.4,0.6
2019-20,1628415,Dillon Brooks,1610612763,MEM,73,34,39,28.9,2.3,5.9,0.391,5.2,0.5,1.7,0.309,0.435
2019-20,203079,Dion Waiters,1610612747,LAL,10,4,6,20.7,1.1,3.4,0.324,2.7,0.5,1.9,0.263,0.397
2019-20,1627734,Domantas Sabonis,1610612754,IND,62,37,25,34.8,0.2,0.4,0.435,0.3,0.0,0.0,0.0,0.435
2019-20,1628378,Donovan Mitchell,1610612762,UTA,69,43,26,34.3,3.8,9.2,0.41,8.8,1.3,4.1,0.321,0.481
2019-20,1629743,Donta Hall,1610612751,BKN,9,4,5,14.8,0.1,0.1,1.0,0.2,,,,1.0
2019-20,1628978,Donte DiVincenzo,1610612749,MIL,66,53,13,23.0,0.6,1.7,0.336,1.4,0.3,1.0,0.292,0.42
2019-20,1627827,Dorian Finney-Smith,1610612742,DAL,71,40,31,29.9,0.1,0.5,0.257,0.3,0.1,0.3,0.286,0.343
2019-20,203926,Doug McDermott,1610612754,IND,69,43,26,19.9,0.4,1.2,0.353,1.1,0.2,0.6,0.436,0.453
2019-20,1627733,Dragan Bender,1610612744,GSW,16,10,6,17.8,0.0,0.0,,0.0,0.0,0.0,,
2019-20,203110,Draymond Green,1610612744,GSW,43,10,33,28.4,0.3,1.0,0.25,0.5,0.0,0.2,0.1,0.261
2019-20,1629234,Drew Eubanks,1610612759,SAS,22,13,9,12.4,0.1,0.2,0.5,0.2,0.0,0.0,,0.5
2019-20,1629130,Duncan Robinson,1610612748,MIA,73,44,29,29.7,0.5,1.3,0.355,1.3,0.4,1.2,0.381,0.527
2019-20,1628605,Dusty Hannahs,1610612763,MEM,2,0,2,6.7,1.0,2.0,0.5,2.5,0.5,0.5,1.0,0.625
2019-20,1628407,Dwayne Bacon,1610612766,CHA,39,10,29,17.6,0.5,1.9,0.257,1.1,0.1,0.6,0.136,0.277
2019-20,2730,Dwight Howard,1610612747,LAL,69,52,17,18.9,0.0,0.0,0.0,0.0,0.0,0.0,0.0,0.0
2019-20,203939,Dwight Powell,1610612742,DAL,40,25,15,26.5,0.0,0.0,0.0,0.0,0.0,0.0,,0.0
2019-20,1629058,Dzanan Musa,1610612751,BKN,40,20,20,12.2,0.2,0.7,0.214,0.4,0.1,0.5,0.2,0.286
2019-20,202734,E'Twaun Moore,1610612740,NOP,56,27,29,18.2,0.6,2.2,0.298,1.4,0.2,0.6,0.273,0.335
2019-20,202334,Ed Davis,1610612762,UTA,28,16,12,10.8,0.0,0.0,,0.0,,,,
2019-20,1628410,Edmond Sumner,1610612754,IND,31,16,15,14.4,0.1,0.5,0.176,0.3,0.1,0.3,0.25,0.235
2019-20,203901,Elfrid Payton,1610612752,NYK,45,17,28,27.7,0.6,1.9,0.306,1.2,0.1,0.5,0.19,0.329
2019-20,1629059,Elie Okobo,1610612756,PHX,55,23,32,13.1,0.2,1.0,0.218,0.5,0.1,0.5,0.2,0.264
2019-20,1626144,Emmanuel Mudiay,1610612762,UTA,54,34,20,15.7,1.2,2.5,0.463,2.5,0.2,0.5,0.345,0.5
2019-20,202683,Enes Freedom,1610612738,BOS,58,36,22,17.0,0.0,0.1,0.0,0.0,0.0,0.0,,0.0
2019-20,202339,Eric Bledsoe,1610612749,MIL,61,48,13,27.0,1.5,3.9,0.39,3.8,0.8,1.9,0.393,0.487
2019-20,201569,Eric Gordon,1610612745,HOU,36,21,15,28.2,1.0,2.8,0.35,2.9,1.0,2.4,0.398,0.525
2019-20,1628450,Eric Mika,1610612758,SAC,1,0,1,19.0,0.0,0.0,,0.0,,,,
2019-20,1629672,Eric Paschall,1610612744,GSW,60,14,46,27.6,0.9,2.1,0.402,1.7,0.0,0.2,0.111,0.406
2019-20,101141,Ersan Ilyasova,1610612749,MIL,63,48,15,15.7,0.3,0.7,0.409,0.7,0.1,0.4,0.321,0.511
2019-20,203095,Evan Fournier,1610612753,ORL,66,28,38,31.4,2.3,5.7,0.407,5.7,1.0,2.8,0.368,0.497
2019-20,202323,Evan Turner,1610612750,MIN,19,3,16,13.2,0.5,1.6,0.29,0.9,0.0,0.0,,0.29
2019-20,1628402,Frank Jackson,1610612740,NOP,59,26,33,13.5,0.6,1.6,0.394,1.4,0.2,0.6,0.297,0.452
2019-20,1626163,Frank Kaminsky,1610612756,PHX,39,19,20,19.9,0.1,0.4,0.267,0.2,0.0,0.1,0.0,0.267
2019-20,1628412,Frank Mason III,1610612749,MIL,9,6,3,13.1,0.8,1.8,0.438,1.9,0.3,1.0,0.333,0.531
2019-20,1628373,Frank Ntilikina,1610612752,NYK,57,19,38,20.8,0.8,2.4,0.343,1.8,0.2,0.6,0.278,0.38
2019-20,1627832,Fred VanVleet,1610612761,TOR,54,40,14,35.7,1.4,4.4,0.315,3.7,1.0,3.0,0.327,0.428
2019-20,1627788,Furkan Korkmaz,1610612755,PHI,72,42,30,21.7,0.7,2.3,0.305,1.7,0.3,1.1,0.28,0.374
2019-20,1629216,Gabe Vincent,1610612748,MIA,9,5,4,9.2,0.1,1.0,0.111,0.3,0.1,0.7,0.167,0.167
2019-20,202066,Garrett Temple,1610612751,BKN,62,30,32,27.9,0.9,3.0,0.312,2.4,0.5,1.9,0.267,0.395
2019-20,1629726,Garrison Mathews,1610612764,WAS,18,8,10,12.6,0.4,0.7,0.615,1.1,0.2,0.3,0.667,0.769
2019-20,1629109,Gary Clark,1610612753,ORL,42,23,19,13.5,0.0,0.2,0.25,0.1,0.0,0.1,0.167,0.313
2019-20,203914,Gary Harris,1610612743,DEN,56,37,19,31.8,0.9,2.6,0.34,2.1,0.3,1.1,0.254,0.395
2019-20,1627780,Gary Payton II,1610612764,WAS,29,13,16,14.9,0.1,0.1,0.5,0.1,0.0,0.1,0.0,0.5
2019-20,1629018,Gary Trent Jr.,1610612757,POR,61,29,32,21.8,1.1,2.8,0.404,2.8,0.5,1.3,0.39,0.497
2019-20,201588,George Hill,1610612749,MIL,59,47,12,21.5,0.8,1.9,0.395,2.0,0.5,1.2,0.435,0.526
2019-20,1627777,Georges Niang,1610612762,UTA,66,41,25,14.0,0.3,0.8,0.353,0.7,0.2,0.4,0.393,0.461
2019-20,203507,Giannis Antetokounmpo,1610612749,MIL,63,51,12,30.4,1.8,5.5,0.333,4.7,1.0,3.5,0.289,0.424
2019-20,203922,Glenn Robinson III,1610612755,PHI,62,17,45,28.8,1.0,2.5,0.396,2.1,0.1,0.4,0.333,0.422
2019-20,1629048,Goga Bitadze,1610612754,IND,54,32,22,8.7,0.0,0.2,0.111,0.0,0.0,0.0,0.0,0.111
2019-20,201609,Goran Dragic,1610612748,MIA,59,37,22,28.2,1.9,4.6,0.409,4.6,0.8,2.2,0.372,0.496
2019-20,202330,Gordon Hayward,1610612738,BOS,52,34,18,33.5,2.1,4.7,0.459,4.7,0.4,1.3,0.294,0.5
2019-20,203476,Gorgui Dieng,1610612763,MEM,63,20,43,17.4,0.2,0.6,0.275,0.4,0.0,0.1,0.25,0.3
2019-20,1629684,Grant Williams,1610612738,BOS,69,47,22,15.1,0.1,0.4,0.222,0.2,0.0,0.2,0.231,0.278
2019-20,1628960,Grayson Allen,1610612763,MEM,38,16,22,18.9,0.6,1.6,0.344,1.3,0.2,0.7,0.231,0.393
2019-20,1628977,Hamidou Diallo,1610612760,OKC,46,25,21,19.5,0.2,0.8,0.278,0.5,0.0,0.1,0.167,0.292
2019-20,203084,Harrison Barnes,1610612758,SAC,72,31,41,34.5,0.6,1.7,0.358,1.5,0.3,0.7,0.415,0.45
2019-20,1628385,Harry Giles III,1610612758,SAC,46,22,24,14.5,0.3,0.6,0.462,0.5,0.0,0.0,,0.462
2019-20,202355,Hassan Whiteside,1610612757,POR,67,34,33,30.0,0.2,0.5,0.333,0.4,0.0,0.0,,0.333
2019-20,1627740,Henry Ellenson,1610612751,BKN,5,2,3,3.0,0.0,0.0,,0.0,0.0,0.0,,
2019-20,101133,Ian Mahinmi,1610612764,WAS,38,15,23,21.3,0.0,0.0,0.0,0.0,0.0,0.0,,0.0
2019-20,1629649,Ignas Brazdeikis,1610612752,NYK,9,1,8,5.9,0.0,0.4,0.0,0.0,0.0,0.0,,0.0
2019-20,202697,Iman Shumpert,1610612751,BKN,13,9,4,18.5,0.5,2.0,0.269,1.2,0.2,0.8,0.2,0.308
2019-20,1629067,Isaac Bonga,1610612764,WAS,66,22,44,18.9,0.0,0.2,0.154,0.1,0.0,0.1,0.0,0.154
2019-20,1628392,Isaiah Hartenstein,1610612745,HOU,23,16,7,11.6,0.0,0.0,0.0,0.0,0.0,0.0,0.0,0.0
2019-20,1629676,Isaiah Roby,1610612760,OKC,3,2,1,3.8,0.0,0.0,,0.0,,,,
2019-20,202738,Isaiah Thomas,1610612764,WAS,40,14,26,23.1,2.1,5.2,0.403,4.8,0.7,1.9,0.351,0.468
2019-20,202397,Ish Smith,1610612764,WAS,68,23,45,26.3,1.8,4.4,0.411,4.0,0.3,0.9,0.362,0.445
2019-20,1627826,Ivica Zubac,1610612746,LAC,72,49,23,18.4,0.0,0.1,0.75,0.1,0.0,0.0,,0.75
2019-20,200826,J.J. Barea,1610612742,DAL,29,15,14,15.5,1.3,3.5,0.366,3.3,0.8,2.1,0.367,0.475
2019-20,1629122,J.P. Macura,1610612739,CLE,1,1,0,0.6,0.0,0.0,,0.0,,,,
2019-20,200755,JJ Redick,1610612740,NOP,60,26,34,26.3,1.9,4.4,0.417,4.7,1.0,2.3,0.421,0.528
2019-20,2747,JR Smith,1610612747,LAL,6,2,4,13.2,0.5,1.3,0.375,1.0,0.0,0.5,0.0,0.375
2019-20,1629630,Ja Morant,1610612763,MEM,67,33,34,31.0,1.6,4.3,0.379,3.7,0.5,1.7,0.313,0.44
2019-20,203960,JaKarr Sampson,1610612754,IND,34,21,13,13.8,0.1,0.1,0.4,0.1,0.0,0.0,,0.4
2019-20,203210,JaMychal Green,1610612746,LAC,63,43,20,20.7,0.1,0.3,0.471,0.3,0.0,0.1,0.375,0.559
2019-20,201580,JaVale McGee,1610612747,LAL,68,51,17,16.6,0.1,0.2,0.25,0.1,0.0,0.1,0.5,0.313
2019-20,203953,Jabari Parker,1610612758,SAC,38,9,29,24.2,0.3,1.2,0.244,0.7,0.1,0.5,0.263,0.3
2019-20,1628980,Jacob Evans,1610612750,MIN,29,8,21,14.4,0.8,2.3,0.343,1.7,0.1,0.3,0.25,0.358
2019-20,203109,Jae Crowder,1610612748,MIA,65,29,36,28.8,0.8,2.1,0.363,2.1,0.6,1.6,0.369,0.504
2019-20,1626143,Jahlil Okafor,1610612740,NOP,30,9,21,15.6,0.2,0.3,0.556,0.3,0.0,0.0,0.0,0.556
2019-20,1627774,Jake Layman,1610612750,MIN,23,11,12,22.0,0.6,1.4,0.394,1.3,0.2,0.8,0.263,0.47
2019-20,1627751,Jakob Poeltl,1610612759,SAS,66,30,36,17.7,0.0,0.0,1.0,0.1,,,,1.0
2019-20,1628973,Jalen Brunson,1610612742,DAL,57,34,23,17.9,1.1,2.9,0.396,2.5,0.2,0.8,0.239,0.43
2019-20,1629665,Jalen Lecque,1610612756,PHX,5,2,3,6.3,0.2,0.6,0.333,0.4,0.0,0.2,0.0,0.333
2019-20,1629667,Jalen McDaniels,1610612766,CHA,16,7,9,18.3,0.1,0.4,0.286,0.3,0.0,0.0,,0.286
2019-20,2037,Jamal Crawford,1610612751,BKN,1,1,0,6.0,1.0,2.0,0.5,2.0,0.0,0.0,,0.5
2019-20,1627750,Jamal Murray,1610612743,DEN,59,38,21,32.3,3.4,8.1,0.414,7.7,1.0,3.0,0.324,0.475
2019-20,203516,James Ennis III,1610612753,ORL,69,42,27,18.3,0.2,0.6,0.366,0.6,0.1,0.3,0.364,0.463
2019-20,201935,James Harden,1610612745,HOU,68,43,25,36.5,4.0,11.6,0.347,11.8,3.8,10.9,0.35,0.511
2019-20,201949,James Johnson,1610612750,MIN,32,14,18,19.4,0.3,1.2,0.282,0.9,0.3,1.0,0.25,0.385
2019-20,201162,Jared Dudley,1610612747,LAL,45,30,15,8.1,0.0,0.1,0.25,0.0,0.0,0.0,0.0,0.25
2019-20,1629607,Jared Harper,1610612752,NYK,3,1,2,2.6,0.0,0.0,,0.0,0.0,0.0,,
2019-20,1628991,Jaren Jackson Jr.,1610612763,MEM,57,28,29,28.5,0.3,0.9,0.315,0.8,0.2,0.7,0.341,0.444
2019-20,1629020,Jarred Vanderbilt,1610612750,MIN,11,6,5,4.2,0.0,0.0,,0.0,0.0,0.0,,
2019-20,1629714,Jarrell Brantley,1610612762,UTA,9,3,6,10.7,0.1,0.3,0.333,0.3,0.1,0.1,1.0,0.5
2019-20,1628386,Jarrett Allen,1610612751,BKN,70,33,37,26.5,0.0,0.0,0.0,0.0,0.0,0.0,0.0,0.0
2019-20,1629633,Jarrett Culver,1610612750,MIN,63,19,44,23.9,0.5,1.5,0.305,1.2,0.3,1.0,0.292,0.405
2019-20,1627784,Jarrod Uthoff,1610612764,WAS,7,4,3,7.6,0.0,0.7,0.0,0.0,0.0,0.1,0.0,0.0
2019-20,1629750,Javonte Green,1610612738,BOS,48,33,15,9.7,0.1,0.3,0.357,0.2,0.0,0.2,0.125,0.393
2019-20,1629637,Jaxson Hayes,1610612740,NOP,64,28,36,16.9,0.0,0.0,0.0,0.0,0.0,0.0,,0.0
2019-20,1627759,Jaylen Brown,1610612738,BOS,57,38,19,33.9,1.6,4.1,0.379,3.6,0.5,1.7,0.292,0.438
2019-20,1629658,Jaylen Hoard,1610612757,POR,13,7,6,7.9,0.0,0.2,0.0,0.0,0.0,0.0,,0.0
2019-20,1629669,Jaylen Nowell,1610612750,MIN,15,2,13,10.1,0.3,0.8,0.333,0.7,0.1,0.5,0.25,0.417
2019-20,1628369,Jayson Tatum,1610612738,BOS,66,46,20,34.3,3.4,8.4,0.4,8.6,1.9,4.7,0.404,0.512
2019-20,201145,Jeff Green,1610612745,HOU,48,28,20,20.0,0.2,0.8,0.27,0.5,0.1,0.5,0.25,0.351
2019-20,201952,Jeff Teague,1610612737,ATL,59,22,37,24.8,1.1,2.8,0.398,2.7,0.5,1.2,0.391,0.479
2019-20,203924,Jerami Grant,1610612743,DEN,71,45,26,26.6,0.3,1.1,0.308,0.7,0.0,0.1,0.333,0.321
2019-20,1629725,Jeremiah Martin,1610612751,BKN,9,6,3,11.0,0.7,2.1,0.316,1.6,0.2,0.9,0.25,0.368
2019-20,203087,Jeremy Lamb,1610612754,IND,46,27,19,28.1,2.0,4.7,0.437,4.4,0.3,1.2,0.281,0.474
2019-20,202951,Jeremy Pargo,1610612744,GSW,3,0,3,14.8,1.7,3.7,0.455,4.0,0.7,1.7,0.4,0.545
2019-20,1626170,Jerian Grant,1610612764,WAS,6,1,5,13.4,0.5,1.7,0.3,1.2,0.2,0.3,0.5,0.35
2019-20,1629010,Jerome Robinson,1610612764,WAS,63,36,27,15.5,0.6,1.8,0.339,1.3,0.1,0.6,0.2,0.37
2019-20,1628975,Jevon Carter,1610612756,PHX,58,29,29,16.3,0.5,1.2,0.449,1.3,0.2,0.5,0.483,0.551
2019-20,202710,Jimmy Butler,1610612748,MIA,58,38,20,33.8,1.4,4.5,0.305,3.0,0.3,1.3,0.205,0.334
2019-20,201149,Joakim Noah,1610612746,LAC,5,4,1,10.0,0.0,0.0,,0.0,,,,
2019-20,1629147,Joe Chealey,1610612766,CHA,4,1,3,8.4,0.0,0.3,0.0,0.0,0.0,0.0,,0.0
2019-20,203925,Joe Harris,1610612751,BKN,69,33,36,30.8,0.9,2.2,0.399,2.2,0.5,1.4,0.351,0.507
2019-20,204060,Joe Ingles,1610612762,UTA,72,44,28,29.7,1.0,2.8,0.351,2.8,0.8,2.3,0.35,0.493
2019-20,203954,Joel Embiid,1610612755,PHI,51,32,19,29.5,1.2,3.6,0.33,2.5,0.1,0.4,0.3,0.346
2019-20,1628381,John Collins,1610612737,ATL,41,15,26,33.2,0.2,0.8,0.235,0.4,0.0,0.3,0.091,0.25
2019-20,203089,John Henson,1610612765,DET,40,8,32,15.0,0.0,0.0,0.0,0.0,0.0,0.0,0.0,0.0
2019-20,1629723,John Konchar,1610612763,MEM,19,9,10,9.5,0.1,0.1,1.0,0.3,0.1,0.1,1.0,1.5
2019-20,1628405,Johnathan Motley,1610612746,LAC,13,8,5,3.2,0.0,0.0,,0.0,0.0,0.0,,
2019-20,1629140,Johnathan Williams,1610612764,WAS,15,7,8,12.0,0.1,0.1,0.5,0.1,0.0,0.1,0.0,0.5
2019-20,1628413,Jonah Bolden,1610612756,PHX,7,6,1,6.7,0.0,0.0,,0.0,0.0,0.0,,
2019-20,202685,Jonas Valanciunas,1610612763,MEM,70,32,38,26.4,0.2,0.5,0.378,0.4,0.0,0.0,0.0,0.378
2019-20,1628371,Jonathan Isaac,1610612753,ORL,34,15,19,28.8,0.9,2.2,0.413,1.9,0.1,0.2,0.333,0.427
2019-20,1628395,Jordan Bell,1610612739,CLE,29,8,21,8.8,0.1,0.3,0.444,0.4,0.1,0.2,0.6,0.611
2019-20,1629648,Jordan Bone,1610612765,DET,10,3,7,5.3,0.2,0.7,0.286,0.5,0.1,0.2,0.5,0.357
2019-20,203903,Jordan Clarkson,1610612762,UTA,71,34,37,24.0,1.4,3.7,0.367,3.5,0.8,2.4,0.322,0.472
2019-20,1629162,Jordan McLaughlin,1610612750,MIN,30,7,23,19.7,0.4,1.2,0.306,1.0,0.3,1.1,0.281,0.431
2019-20,203895,Jordan McRae,1610612765,DET,37,12,25,21.2,1.6,4.4,0.354,3.6,0.5,1.5,0.321,0.409
2019-20,1629673,Jordan Poole,1610612744,GSW,57,12,45,22.3,1.0,3.3,0.3,2.3,0.3,1.4,0.238,0.35
2019-20,1627982,Josh Gray,1610612740,NOP,2,1,1,11.4,0.0,0.0,,0.0,,,,
2019-20,1628404,Josh Hart,1610612740,NOP,65,26,39,27.0,0.3,1.2,0.25,0.8,0.2,0.8,0.26,0.336
2019-20,1628367,Josh Jackson,1610612763,MEM,22,10,12,17.3,0.3,1.3,0.207,0.7,0.1,0.8,0.167,0.259
2019-20,203705,Josh Magette,1610612753,ORL,8,3,5,4.7,0.3,1.0,0.25,0.6,0.1,0.3,0.5,0.313
2019-20,1629006,Josh Okogie,1610612750,MIN,62,19,43,25.0,0.2,0.6,0.289,0.5,0.1,0.4,0.25,0.368
2019-20,1629729,Josh Reaves,1610612742,DAL,4,2,2,7.1,0.0,0.8,0.0,0.0,0.0,0.3,0.0,0.0
2019-20,1626196,Josh Richardson,1610612755,PHI,55,33,22,30.8,2.1,4.5,0.46,4.5,0.4,1.1,0.345,0.5
2019-20,201950,Jrue Holiday,1610612740,NOP,61,26,35,34.7,1.8,5.1,0.35,4.6,1.1,3.2,0.347,0.458
2019-20,1629308,Juan Toscano-Anderson,1610612744,GSW,13,3,10,20.9,0.0,0.3,0.0,0.0,0.0,0.1,0.0,0.0
2019-20,1627823,Juancho Hernangomez,1610612750,MIN,48,24,24,17.4,0.1,0.3,0.333,0.2,0.0,0.1,0.333,0.417
2019-20,203944,Julius Randle,1610612752,NYK,64,21,43,32.5,1.2,3.2,0.383,2.6,0.1,0.6,0.146,0.398
2019-20,1626147,Justin Anderson,1610612751,BKN,10,6,4,10.7,0.0,0.2,0.0,0.0,0.0,0.2,0.0,0.0
2019-20,203200,Justin Holiday,1610612754,IND,73,45,28,25.0,0.6,1.4,0.4,1.5,0.4,0.8,0.426,0.524
2019-20,1628382,Justin Jackson,1610612742,DAL,65,39,26,16.1,0.4,0.9,0.377,0.8,0.1,0.2,0.429,0.426
2019-20,1629713,Justin James,1610612758,SAC,36,14,22,6.5,0.2,0.6,0.304,0.4,0.0,0.1,0.2,0.326
2019-20,1628383,Justin Patton,1610612765,DET,5,2,3,4.8,0.0,0.0,,0.0,0.0,0.0,,
2019-20,1629620,Justin Robinson,1610612764,WAS,9,2,7,5.4,0.1,0.8,0.143,0.2,0.0,0.1,0.0,0.143
2019-20,1629625,Justin Wright-Foreman,1610612762,UTA,4,1,3,11.3,1.0,3.0,0.333,2.5,0.5,1.8,0.286,0.417
2019-20,1626159,Justise Winslow,1610612763,MEM,11,7,4,32.0,0.8,2.6,0.31,1.8,0.2,0.5,0.4,0.345
2019-20,203994,Jusuf Nurkic,1610612757,POR,8,6,2,31.6,0.1,0.8,0.167,0.3,0.0,0.0,,0.167
2019-20,1629752,Juwan Morgan,1610612762,UTA,21,12,9,6.4,0.0,0.0,,0.0,0.0,0.0,,
2019-20,1629644,KZ Okpala,1610612748,MIA,5,2,3,5.2,0.0,0.0,,0.0,0.0,0.0,,
2019-20,1628443,Kadeem Allen,1610612752,NYK,10,3,7,11.7,1.0,2.0,0.5,2.2,0.2,0.7,0.286,0.55
2019-20,1626157,Karl-Anthony Towns,1610612750,MIN,35,10,25,33.9,0.8,2.3,0.346,2.2,0.6,1.7,0.379,0.481
2019-20,202695,Kawhi Leonard,1610612746,LAC,57,41,16,32.4,4.3,10.1,0.427,9.6,0.9,2.6,0.342,0.471
2019-20,1628966,Keita Bates-Diop,1610612743,DEN,44,10,34,16.9,0.1,0.4,0.222,0.2,0.0,0.2,0.286,0.278
2019-20,1629103,Kelan Martin,1610612750,MIN,31,12,19,16.0,0.6,1.4,0.432,1.4,0.2,0.5,0.4,0.5
2019-20,1629640,Keldon Johnson,1610612759,SAS,17,8,9,17.7,0.3,0.6,0.455,0.6,0.0,0.1,0.0,0.455
2019-20,203482,Kelly Olynyk,1610612748,MIA,67,41,26,19.4,0.3,0.7,0.378,0.6,0.1,0.3,0.333,0.456
2019-20,1626162,Kelly Oubre Jr.,1610612756,PHX,56,22,34,34.5,1.3,2.8,0.449,2.9,0.4,1.0,0.379,0.519
2019-20,202689,Kemba Walker,1610612738,BOS,56,37,19,31.1,3.4,8.5,0.397,8.9,2.1,5.9,0.365,0.523
2019-20,1629134,Kendrick Nunn,1610612748,MIA,67,42,25,29.3,1.9,4.7,0.417,4.5,0.6,1.7,0.368,0.486
2019-20,1629026,Kenrich Williams,1610612740,NOP,39,12,27,21.3,0.1,0.3,0.3,0.2,0.0,0.1,0.2,0.35
2019-20,203145,Kent Bazemore,1610612758,SAC,68,32,36,24.8,0.5,1.7,0.283,1.1,0.1,0.6,0.205,0.323
2019-20,203484,Kentavious Caldwell-Pope,1610612747,LAL,69,51,18,25.5,0.6,1.6,0.378,1.4,0.1,0.4,0.323,0.423
2019-20,1628987,Kevin Hervey,1610612760,OKC,10,3,7,5.2,0.3,0.8,0.375,0.7,0.1,0.4,0.25,0.438
2019-20,1628989,Kevin Huerter,1610612737,ATL,56,19,37,31.4,1.5,4.1,0.366,3.6,0.6,2.0,0.304,0.441
2019-20,1628995,Kevin Knox II,1610612752,NYK,65,21,44,17.9,0.5,1.4,0.333,1.2,0.2,0.5,0.433,0.403
2019-20,201567,Kevin Love,1610612739,CLE,56,16,40,31.8,1.2,3.1,0.383,2.9,0.5,1.6,0.311,0.463
2019-20,1629645,Kevin Porter Jr.,1610612739,CLE,50,15,35,23.2,0.9,3.1,0.281,2.1,0.4,1.4,0.257,0.34
2019-20,1626172,Kevon Looney,1610612744,GSW,20,6,14,13.1,0.1,0.4,0.125,0.1,0.0,0.0,,0.125
2019-20,203920,Khem Birch,1610612753,ORL,48,19,29,19.2,0.0,0.0,0.0,0.0,0.0,0.0,,0.0
2019-20,203114,Khris Middleton,1610612749,MIL,62,46,16,29.9,3.6,7.6,0.481,8.2,0.9,2.5,0.372,0.543
2019-20,1629017,Khyri Thomas,1610612765,DET,8,2,6,7.7,0.0,0.5,0.0,0.0,0.0,0.3,0.0,0.0
2019-20,1628961,Kostas Antetokounmpo,1610612747,LAL,5,3,2,4.0,0.0,0.0,,0.0,,,,
2019-20,1627739,Kris Dunn,1610612741,CHI,51,19,32,24.9,0.2,0.9,0.217,0.5,0.1,0.3,0.235,0.261
2019-20,204001,Kristaps Porzingis,1610612742,DAL,57,32,25,31.8,0.9,2.9,0.304,2.0,0.2,0.6,0.314,0.336
2019-20,1629065,Ky Bowman,1610612744,GSW,45,9,36,22.6,1.2,3.1,0.381,2.7,0.3,1.1,0.313,0.435
2019-20,1629734,Kyle Alexander,1610612748,MIA,2,0,2,6.7,0.0,0.0,,0.0,,,,
2019-20,203937,Kyle Anderson,1610612763,MEM,67,32,35,19.8,0.5,1.2,0.39,1.0,0.0,0.2,0.231,0.409
2019-20,1629657,Kyle Guy,1610612758,SAC,3,2,1,3.2,0.3,0.3,1.0,0.7,0.0,0.0,,1.0
2019-20,2594,Kyle Korver,1610612749,MIL,58,43,15,16.6,0.6,1.3,0.429,1.4,0.3,0.8,0.386,0.539
2019-20,1628398,Kyle Kuzma,1610612747,LAL,61,46,15,25.0,0.8,2.8,0.295,1.8,0.2,1.0,0.167,0.324
2019-20,200768,Kyle Lowry,1610612761,TOR,58,41,17,36.2,2.1,5.8,0.356,5.6,1.5,4.2,0.351,0.482
2019-20,203124,Kyle O'Quinn,1610612755,PHI,29,18,11,10.8,0.2,0.3,0.6,0.4,0.0,0.0,0.0,0.6
2019-20,202681,Kyrie Irving,1610612751,BKN,20,8,12,32.9,4.8,11.1,0.428,11.5,2.0,5.1,0.386,0.516
2019-20,200746,LaMarcus Aldridge,1610612759,SAS,53,23,30,33.1,1.9,4.4,0.433,3.9,0.1,0.3,0.438,0.448
2019-20,202498,Lance Thomas,1610612751,BKN,7,4,3,14.0,0.0,0.3,0.0,0.0,0.0,0.0,,0.0
2019-20,1629013,Landry Shamet,1610612746,LAC,53,34,19,27.4,0.5,1.5,0.312,1.2,0.3,1.0,0.327,0.422
2019-20,204038,Langston Galloway,1610612765,DET,66,20,46,25.8,0.5,1.3,0.414,1.2,0.1,0.3,0.235,0.437
2019-20,1626204,Larry Nance Jr.,1610612739,CLE,56,16,40,26.3,0.2,0.6,0.314,0.4,0.0,0.2,0.077,0.329
2019-20,1628374,Lauri Markkanen,1610612741,CHI,50,18,32,29.8,0.2,0.7,0.278,0.5,0.1,0.3,0.333,0.347
2019-20,2544,LeBron James,1610612747,LAL,67,50,17,34.6,2.3,7.0,0.33,5.9,1.3,3.8,0.327,0.421
2019-20,1629022,Lonnie Walker IV,1610612759,SAS,61,29,32,16.2,0.4,1.4,0.307,1.0,0.1,0.2,0.357,0.335
2019-20,1628366,Lonzo Ball,1610612740,NOP,63,26,37,32.1,1.0,3.3,0.316,2.7,0.6,1.8,0.319,0.405
2019-20,101150,Lou Williams,1610612746,LAC,65,44,21,28.7,2.7,7.4,0.362,6.1,0.8,2.6,0.31,0.417
2019-20,1629663,Louis King,1610612765,DET,10,3,7,6.2,0.1,0.5,0.2,0.2,0.0,0.0,,0.2
2019-20,201601,Luc Mbah a Moute,1610612745,HOU,3,1,2,8.2,0.0,0.0,,0.0,0.0,0.0,,
2019-20,1629652,Luguentz Dort,1610612760,OKC,36,26,10,22.8,0.1,0.3,0.273,0.2,0.1,0.2,0.333,0.364
2019-20,1629029,Luka Doncic,1610612742,DAL,61,36,25,33.6,3.0,9.0,0.336,8.3,2.3,7.2,0.316,0.462
2019-20,1629677,Luka Samanic,1610612759,SAS,3,1,2,16.1,0.3,0.3,1.0,1.0,0.3,0.3,1.0,1.5
2019-20,1628379,Luke Kennard,1610612765,DET,28,11,17,32.9,2.0,5.2,0.393,5.0,0.9,2.5,0.371,0.483
2019-20,1628436,Luke Kornet,1610612741,CHI,36,11,25,15.5,0.0,0.3,0.091,0.1,0.0,0.2,0.0,0.091
2019-20,1627763,Malcolm Brogdon,1610612754,IND,54,34,20,30.9,2.8,6.7,0.412,6.4,0.9,2.8,0.307,0.477
2019-20,1626259,Malcolm Miller,1610612761,TOR,28,24,4,5.8,0.1,0.2,0.4,0.2,0.0,0.1,0.25,0.5
2019-20,1627736,Malik Beasley,1610612750,MIN,55,30,25,22.0,1.1,3.0,0.384,2.8,0.5,1.4,0.355,0.466
2019-20,1628370,Malik Monk,1610612766,CHA,55,18,37,21.3,0.8,2.6,0.305,1.9,0.3,1.3,0.222,0.362
2019-20,1629005,Malik Newman,1610612739,CLE,1,0,1,3.7,0.0,1.0,0.0,0.0,0.0,1.0,0.0,0.0
2019-20,201188,Marc Gasol,1610612761,TOR,44,35,9,26.4,0.3,0.5,0.565,0.6,0.0,0.0,0.5,0.587
2019-20,201158,Marco Belinelli,1610612759,SAS,57,27,30,15.5,0.8,2.3,0.348,2.0,0.4,1.0,0.375,0.428
2019-20,202694,Marcus Morris Sr.,1610612746,LAC,62,26,36,31.2,2.7,6.3,0.428,6.1,0.7,1.9,0.381,0.486
2019-20,203935,Marcus Smart,1610612738,BOS,60,39,21,32.0,1.6,3.9,0.397,4.1,1.0,2.5,0.401,0.528
2019-20,1629621,Marial Shayok,1610612755,PHI,4,2,2,7.0,0.3,1.8,0.143,0.8,0.3,0.8,0.333,0.214
2019-20,1626209,Mario Hezonja,1610612757,POR,53,24,29,16.4,0.4,1.0,0.392,0.8,0.1,0.3,0.294,0.441
2019-20,1628365,Markelle Fultz,1610612753,ORL,72,33,39,27.7,1.6,3.9,0.404,3.3,0.1,0.6,0.238,0.421
2019-20,202693,Markieff Morris,1610612747,LAL,58,22,36,20.5,0.4,1.3,0.329,0.9,0.1,0.4,0.136,0.349
2019-20,1629741,Marko Guduric,1610612763,MEM,44,19,25,11.0,0.3,1.1,0.26,0.8,0.2,0.8,0.206,0.33
2019-20,1629716,Marques Bolden,1610612739,CLE,1,0,1,2.8,0.0,0.0,,0.0,,,,
2019-20,1627737,Marquese Chriss,1610612744,GSW,59,15,44,20.3,0.1,0.2,0.357,0.2,0.0,0.0,0.0,0.357
2019-20,1628963,Marvin Bagley III,1610612758,SAC,13,2,11,25.7,0.2,0.7,0.333,0.5,0.0,0.0,,0.333
2019-20,101107,Marvin Williams,1610612749,MIL,58,21,37,19.5,0.2,0.6,0.286,0.4,0.0,0.2,0.2,0.314
2019-20,203486,Mason Plumlee,1610612743,DEN,61,38,23,17.3,0.0,0.4,0.12,0.1,0.0,0.0,0.0,0.12
2019-20,1629680,Matisse Thybulle,1610612755,PHI,65,40,25,19.8,0.1,0.4,0.217,0.2,0.0,0.2,0.1,0.239
2019-20,1629760,Matt Mooney,1610612739,CLE,4,0,4,4.7,0.3,0.5,0.5,0.5,0.0,0.0,,0.5
2019-20,1629744,Matt Thomas,1610612761,TOR,41,31,10,10.7,0.7,1.2,0.54,1.6,0.2,0.5,0.5,0.64
2019-20,203521,Matthew Dellavedova,1610612739,CLE,57,17,40,14.4,0.4,0.8,0.417,0.8,0.1,0.4,0.19,0.458
2019-20,203090,Maurice Harkless,1610612752,NYK,62,39,23,23.0,0.1,0.2,0.462,0.2,0.0,0.1,0.429,0.577
2019-20,1629622,Max Strus,1610612741,CHI,2,0,2,3.1,0.0,0.0,,0.0,0.0,0.0,,
2019-20,1628467,Maxi Kleber,1610612742,DAL,74,42,32,25.5,0.1,0.3,0.318,0.2,0.0,0.1,0.167,0.341
2019-20,1628982,Melvin Frazier Jr.,1610612753,ORL,19,6,13,6.6,0.2,0.5,0.333,0.4,0.1,0.2,0.667,0.444
2019-20,203086,Meyers Leonard,1610612748,MIA,51,34,17,20.3,0.1,0.5,0.28,0.3,0.1,0.1,0.5,0.34
2019-20,1629662,Mfiondu Kabengele,1610612746,LAC,12,9,3,5.4,0.1,0.2,0.5,0.3,0.1,0.2,0.5,0.75
2019-20,203487,Michael Carter-Williams,1610612753,ORL,45,21,24,18.5,0.2,0.6,0.259,0.3,0.0,0.1,0.167,0.278
2019-20,1626187,Michael Frazier II,1610612745,HOU,13,7,6,11.1,0.0,0.2,0.0,0.0,0.0,0.2,0.0,0.0
2019-20,203077,Michael Kidd-Gilchrist,1610612742,DAL,25,12,13,11.2,0.0,0.3,0.125,0.1,0.0,0.0,0.0,0.125
2019-20,1629008,Michael Porter Jr.,1610612743,DEN,55,36,19,16.4,0.6,1.5,0.383,1.5,0.3,0.7,0.462,0.494
2019-20,1628969,Mikal Bridges,1610612756,PHX,73,34,39,28.0,0.3,0.7,0.431,0.7,0.1,0.1,0.667,0.471
2019-20,201144,Mike Conley,1610612762,UTA,47,26,21,29.0,2.0,5.5,0.36,4.9,1.0,2.9,0.338,0.45
2019-20,203488,Mike Muscala,1610612760,OKC,47,26,21,12.2,0.0,0.1,0.167,0.1,0.0,0.1,0.2,0.25
2019-20,203118,Mike Scott,1610612755,PHI,68,39,29,17.8,0.1,0.4,0.357,0.3,0.0,0.1,0.0,0.357
2019-20,1628970,Miles Bridges,1610612766,CHA,65,23,42,30.7,0.4,1.4,0.287,1.1,0.2,0.7,0.313,0.367
2019-20,1629011,Mitchell Robinson,1610612752,NYK,61,20,41,23.2,0.0,0.0,,0.0,,,,
2019-20,1629671,Miye Oni,1610612762,UTA,10,5,5,10.9,0.2,0.8,0.25,0.5,0.1,0.5,0.2,0.313
2019-20,1628964,Mo Bamba,1610612753,ORL,62,30,32,14.2,0.1,0.2,0.455,0.2,0.0,0.0,0.0,0.455
2019-20,1628420,Monte Morris,1610612743,DEN,73,46,27,22.4,1.3,3.3,0.412,2.9,0.2,0.7,0.327,0.445
2019-20,1626149,Montrezl Harrell,1610612746,LAC,63,44,19,27.8,0.3,1.0,0.328,0.6,0.0,0.2,0.0,0.328
2019-20,1629021,Moritz Wagner,1610612764,WAS,45,15,30,18.6,0.0,0.1,0.333,0.0,0.0,0.0,,0.333
2019-20,1629650,Moses Brown,1610612757,POR,9,4,5,3.6,0.0,0.0,,0.0,,,,
2019-20,1628539,Mychal Mulder,1610612744,GSW,7,3,4,29.1,0.4,0.7,0.6,1.0,0.1,0.3,0.5,0.7
2019-20,1626167,Myles Turner,1610612754,IND,62,37,25,29.4,0.4,1.1,0.409,0.9,0.0,0.2,0.25,0.432
2019-20,1629642,Nassir Little,1610612757,POR,48,22,26,11.9,0.1,0.2,0.444,0.2,0.1,0.1,0.5,0.611
2019-20,1628513,Naz Mitrou-Long,1610612754,IND,5,3,2,9.4,0.8,2.0,0.4,1.8,0.2,1.2,0.167,0.45
2019-20,1629675,Naz Reid,1610612750,MIN,30,8,22,16.5,0.0,0.2,0.167,0.1,0.0,0.1,0.0,0.167
2019-20,202357,Nemanja Bjelica,1610612758,SAC,72,31,41,27.9,0.4,1.0,0.411,1.0,0.2,0.5,0.455,0.514
2019-20,203457,Nerlens Noel,1610612760,OKC,61,38,23,18.5,0.1,0.3,0.211,0.1,0.0,0.0,0.0,0.211
2019-20,1629651,Nic Claxton,1610612751,BKN,15,5,10,12.5,0.0,0.1,0.0,0.0,0.0,0.1,0.0,0.0
2019-20,1629638,Nickeil Alexander-Walker,1610612740,NOP,47,19,28,12.6,0.4,1.4,0.258,0.9,0.2,0.8,0.231,0.326
2019-20,201587,Nicolas Batum,1610612766,CHA,22,6,16,23.0,0.2,0.9,0.2,0.4,0.0,0.4,0.111,0.225
2019-20,1629740,Nicolo Melli,1610612740,NOP,60,26,34,17.4,0.4,0.8,0.457,0.8,0.1,0.2,0.273,0.489
2019-20,1628430,Nigel Williams-Goss,1610612762,UTA,10,6,4,5.0,0.0,0.3,0.0,0.0,0.0,0.0,,0.0
2019-20,203999,Nikola Jokic,1610612743,DEN,73,46,27,32.0,0.7,1.9,0.382,1.6,0.1,0.5,0.27,0.419
2019-20,202696,Nikola Vucevic,1610612753,ORL,62,28,34,32.2,0.5,1.4,0.388,1.1,0.0,0.0,0.333,0.394
2019-20,203943,Noah Vonleh,1610612743,DEN,36,13,23,10.5,0.0,0.0,0.0,0.0,0.0,0.0,,0.0
2019-20,1626181,Norman Powell,1610612761,TOR,52,40,12,28.4,0.6,1.8,0.326,1.4,0.2,1.0,0.222,0.391
2019-20,203658,Norvel Pelle,1610612755,PHI,24,12,12,9.7,0.0,0.0,,0.0,0.0,0.0,,
2019-20,1628384,OG Anunoby,1610612761,TOR,69,50,19,29.9,0.2,0.6,0.385,0.6,0.2,0.3,0.458,0.526
2019-20,1629016,Omari Spellman,1610612750,MIN,49,11,38,18.1,0.1,0.2,0.375,0.1,0.0,0.1,0.333,0.438
2019-20,1629052,Oshae Brissett,1610612761,TOR,19,15,4,7.1,0.0,0.1,0.0,0.0,0.0,0.0,,0.0
2019-20,203490,Otto Porter Jr.,1610612741,CHI,14,5,9,23.6,1.4,3.1,0.432,3.1,0.4,1.2,0.294,0.489
2019-20,200782,P.J. Tucker,1610612745,HOU,72,44,28,34.3,0.1,0.3,0.348,0.3,0.0,0.1,0.25,0.391
2019-20,1629023,P.J. Washington,1610612766,CHA,58,22,36,30.3,0.2,0.6,0.333,0.5,0.1,0.3,0.389,0.439
2019-20,1628408,PJ Dozier,1610612743,DEN,29,18,11,14.2,1.1,2.7,0.403,2.5,0.4,1.0,0.379,0.474
2019-20,1627783,Pascal Siakam,1610612761,TOR,60,46,14,35.2,1.6,4.9,0.325,4.1,0.9,2.5,0.34,0.412
2019-20,1626192,Pat Connaughton,1610612749,MIL,67,53,14,18.6,0.1,0.4,0.25,0.3,0.1,0.3,0.368,0.375
2019-20,201976,Patrick Beverley,1610612746,LAC,51,38,13,26.3,0.3,1.2,0.288,0.8,0.2,0.6,0.3,0.364
2019-20,1627775,Patrick McCaw,1610612761,TOR,37,27,10,24.5,0.1,0.6,0.208,0.3,0.0,0.3,0.1,0.229
2019-20,202335,Patrick Patterson,1610612746,LAC,59,39,20,13.2,0.1,0.2,0.4,0.2,0.0,0.1,0.25,0.45
2019-20,201988,Patty Mills,1610612759,SAS,66,28,38,22.5,1.3,3.5,0.369,3.3,0.7,2.2,0.345,0.474
2019-20,202331,Paul George,1610612746,LAC,48,34,14,29.6,2.9,7.3,0.395,7.2,1.4,3.4,0.406,0.49
2019-20,200794,Paul Millsap,1610612743,DEN,51,30,21,24.3,0.5,1.4,0.333,0.9,0.0,0.2,0.1,0.341
2019-20,1628778,Paul Watson,1610612761,TOR,10,7,3,8.7,0.1,0.7,0.143,0.3,0.1,0.5,0.2,0.214
2019-20,1626188,Quinn Cook,1610612747,LAL,44,31,13,11.5,0.8,2.0,0.395,1.8,0.2,0.7,0.29,0.448
2019-20,1629683,Quinndary Weatherspoon,1610612759,SAS,11,5,6,7.1,0.1,0.5,0.2,0.3,0.1,0.2,0.5,0.3
2019-20,1629628,RJ Barrett,1610612752,NYK,56,17,39,30.4,0.7,2.4,0.27,1.5,0.2,0.6,0.25,0.303
2019-20,200765,Rajon Rondo,1610612747,LAL,48,37,11,20.5,0.7,2.2,0.337,1.8,0.3,1.1,0.296,0.413
2019-20,203526,Raul Neto,1610612755,PHI,54,29,25,12.4,0.4,1.2,0.303,0.9,0.2,0.6,0.273,0.371
2019-20,1629730,Rayjon Tucker,1610612762,UTA,20,12,8,8.1,0.3,0.6,0.417,0.6,0.1,0.3,0.2,0.458
2019-20,203493,Reggie Bullock Jr.,1610612752,NYK,29,9,20,23.6,0.8,2.2,0.359,1.8,0.2,0.6,0.375,0.406
2019-20,202704,Reggie Jackson,1610612746,LAC,31,16,15,24.0,1.4,3.9,0.358,3.5,0.7,1.9,0.362,0.446
2019-20,1626158,Richaun Holmes,1610612758,SAC,44,16,28,28.2,0.2,0.3,0.467,0.3,,,,0.467
2019-20,201937,Ricky Rubio,1610612756,PHX,65,32,33,31.0,1.5,4.2,0.368,3.2,0.2,0.8,0.208,0.388
2019-20,203496,Robert Covington,1610612745,HOU,70,27,43,30.5,0.4,0.9,0.379,1.0,0.2,0.7,0.37,0.508
2019-20,1629057,Robert Williams III,1610612738,BOS,29,19,10,13.4,0.1,0.1,0.5,0.1,,,,0.5
2019-20,201577,Robin Lopez,1610612749,MIL,66,51,15,14.5,0.0,0.1,0.333,0.1,0.0,0.0,0.0,0.333
2019-20,1629066,Rodions Kurucs,1610612751,BKN,47,18,29,14.5,0.0,0.2,0.222,0.1,0.0,0.1,0.333,0.333
2019-20,203918,Rodney Hood,1610612757,POR,21,8,13,29.5,1.7,3.4,0.486,3.7,0.4,1.0,0.381,0.542
2019-20,203585,Rodney McGruder,1610612746,LAC,56,38,18,15.6,0.1,0.3,0.267,0.1,0.0,0.1,0.0,0.267
2019-20,1629641,Romeo Langford,1610612738,BOS,32,22,10,11.6,0.0,0.1,0.25,0.1,0.0,0.0,0.0,0.25
2019-20,1626178,Rondae Hollis-Jefferson,1610612761,TOR,60,43,17,18.7,0.2,0.5,0.393,0.4,0.0,0.0,,0.393
2019-20,1626220,Royce O'Neale,1610612762,UTA,71,44,27,28.9,0.1,0.5,0.27,0.4,0.1,0.4,0.192,0.338
2019-20,200752,Rudy Gay,1610612759,SAS,67,30,37,21.8,1.3,2.8,0.473,2.9,0.2,0.4,0.5,0.513
2019-20,203497,Rudy Gobert,1610612762,UTA,68,42,26,34.3,0.0,0.0,,0.0,,,,
2019-20,1629060,Rui Hachimura,1610612764,WAS,48,15,33,30.1,1.1,2.6,0.419,2.2,0.0,0.1,0.0,0.419
2019-20,201566,Russell Westbrook,1610612745,HOU,57,36,21,36.0,3.0,7.9,0.376,6.4,0.4,1.6,0.242,0.4
2019-20,201583,Ryan Anderson,1610612745,HOU,2,1,1,7.0,0.5,0.5,1.0,1.0,0.0,0.0,,1.0
2019-20,1627853,Ryan Arcidiacono,1610612741,CHI,58,21,37,16.0,0.3,1.0,0.357,0.9,0.2,0.5,0.379,0.455
2019-20,1629151,Ryan Broekhoff,1610612755,PHI,17,10,7,10.6,0.1,0.3,0.4,0.3,0.1,0.2,0.333,0.5
2019-20,1629635,Sekou Doumbouya,1610612765,DET,38,10,28,19.8,0.1,0.5,0.263,0.4,0.1,0.2,0.444,0.368
2019-20,1628400,Semi Ojeleye,1610612738,BOS,69,46,23,14.6,0.1,0.2,0.333,0.2,0.0,0.1,0.286,0.4
2019-20,201586,Serge Ibaka,1610612761,TOR,55,40,15,27.0,0.3,0.7,0.389,0.5,0.0,0.0,1.0,0.403
2019-20,203552,Seth Curry,1610612742,DAL,64,38,26,24.6,1.4,3.2,0.435,3.3,0.5,1.4,0.348,0.512
2019-20,203894,Shabazz Napier,1610612764,WAS,56,16,40,24.0,1.3,3.9,0.341,3.4,0.7,2.4,0.304,0.435
2019-20,1628983,Shai Gilgeous-Alexander,1610612760,OKC,70,43,27,34.7,2.5,5.7,0.437,5.7,0.7,2.3,0.319,0.501
2019-20,1629003,Shake Milton,1610612755,PHI,40,23,17,20.1,0.7,1.8,0.4,1.7,0.3,0.7,0.407,0.479
2019-20,1629044,Shamorie Ponds,1610612761,TOR,4,4,0,2.6,0.0,0.3,0.0,0.0,0.0,0.3,0.0,0.0
2019-20,1627885,Shaquille Harrison,1610612741,CHI,43,14,29,11.3,0.2,0.4,0.368,0.4,0.1,0.2,0.375,0.447
2019-20,1628414,Sindarius Thornwell,1610612740,NOP,2,0,2,17.7,0.0,0.0,,0.0,0.0,0.0,,
2019-20,1627746,Skal Labissiere,1610612737,ATL,33,14,19,17.2,0.1,0.3,0.333,0.2,0.0,0.0,0.0,0.333
2019-20,203524,Solomon Hill,1610612748,MIA,59,29,30,18.4,0.3,0.6,0.486,0.7,0.1,0.2,0.462,0.568
2019-20,203915,Spencer Dinwiddie,1610612751,BKN,64,30,34,31.2,1.7,5.7,0.292,4.4,1.1,3.9,0.277,0.387
2019-20,1626169,Stanley Johnson,1610612761,TOR,25,19,6,6.0,0.2,0.8,0.25,0.6,0.2,0.5,0.333,0.35
2019-20,1629742,Stanton Kidd,1610612762,UTA,4,3,1,3.8,0.0,0.3,0.0,0.0,0.0,0.0,,0.0
2019-20,201939,Stephen Curry,1610612744,GSW,5,1,4,27.9,2.6,7.4,0.351,6.4,1.2,5.4,0.222,0.432
2019-20,1628425,Sterling Brown,1610612749,MIL,52,39,13,14.7,0.3,1.4,0.25,0.9,0.2,0.9,0.244,0.326
2019-20,203500,Steven Adams,1610612760,OKC,63,40,23,26.7,0.1,0.2,0.4,0.2,0.0,0.0,0.0,0.4
2019-20,1629004,Svi Mykhailiuk,1610612765,DET,56,17,39,22.6,0.4,1.2,0.353,1.2,0.4,1.0,0.345,0.5
2019-20,1628388,T.J. Leaf,1610612754,IND,28,16,12,7.9,0.0,0.1,0.0,0.0,0.0,0.0,,0.0
2019-20,204456,T.J. McConnell,1610612754,IND,71,44,27,18.7,1.0,2.5,0.409,2.0,0.0,0.1,0.0,0.409
2019-20,203933,T.J. Warren,1610612754,IND,67,42,25,32.9,2.3,5.1,0.452,4.8,0.2,0.5,0.364,0.469
2019-20,1629605,Tacko Fall,1610612738,BOS,7,5,2,4.6,0.0,0.0,,0.0,,,,
2019-20,201959,Taj Gibson,1610612752,NYK,62,21,41,16.5,0.1,0.2,0.4,0.1,0.0,0.0,0.0,0.4
2019-20,1629659,Talen Horton-Tucker,1610612747,LAL,6,2,4,13.5,0.3,1.2,0.286,1.0,0.3,1.0,0.333,0.429
2019-20,1629745,Tariq Owens,1610612756,PHX,3,0,3,5.1,0.0,0.3,0.0,0.0,0.0,0.0,,0.0
2019-20,1627752,Taurean Prince,1610612751,BKN,64,30,34,29.0,1.0,3.0,0.323,2.4,0.5,1.6,0.282,0.399
2019-20,1629611,Terance Mann,1610612746,LAC,41,27,14,8.8,0.1,0.4,0.333,0.3,0.0,0.1,0.4,0.4
2019-20,1629056,Terence Davis,1610612761,TOR,72,53,19,16.8,0.3,1.1,0.284,0.9,0.3,0.8,0.328,0.401
2019-20,1628390,Terrance Ferguson,1610612760,OKC,56,33,23,22.5,0.1,0.2,0.385,0.2,0.0,0.1,0.286,0.462
2019-20,203082,Terrence Ross,1610612753,ORL,69,31,38,27.4,1.5,4.1,0.357,3.5,0.6,1.9,0.286,0.424
2019-20,1626179,Terry Rozier,1610612766,CHA,63,21,42,34.4,2.1,5.9,0.358,5.2,1.0,2.9,0.342,0.443
2019-20,200757,Thabo Sefolosha,1610612745,HOU,41,27,14,10.6,0.1,0.2,0.333,0.2,0.0,0.1,0.333,0.389
2019-20,201152,Thaddeus Young,1610612741,CHI,64,22,42,24.9,0.2,0.8,0.271,0.5,0.1,0.3,0.238,0.323
2019-20,203648,Thanasis Antetokounmpo,1610612749,MIL,20,16,4,6.4,0.1,0.4,0.25,0.2,0.0,0.2,0.0,0.25
2019-20,1629033,Theo Pinson,1610612752,NYK,33,15,18,11.1,0.3,1.5,0.204,0.8,0.2,1.3,0.19,0.286
2019-20,1628418,Thomas Bryant,1610612764,WAS,46,15,31,24.9,0.3,0.8,0.308,0.6,0.0,0.2,0.222,0.333
2019-20,1627748,Thon Maker,1610612765,DET,60,20,40,12.9,0.1,0.2,0.364,0.2,0.0,0.1,0.333,0.409
2019-20,204025,Tim Frazier,1610612765,DET,27,9,18,13.1,0.4,1.6,0.273,1.0,0.1,0.6,0.267,0.318
2019-20,203501,Tim Hardaway Jr.,1610612742,DAL,71,41,30,29.5,1.7,4.2,0.412,4.2,0.7,2.1,0.356,0.5
2019-20,1627789,Timothe Luwawu-Cabarrot,1610612751,BKN,47,20,27,18.1,0.2,0.5,0.348,0.4,0.1,0.2,0.3,0.413
2019-20,202699,Tobias Harris,1610612755,PHI,72,43,29,34.3,1.9,4.9,0.385,4.2,0.4,1.2,0.318,0.424
2019-20,203107,Tomas Satoransky,1610612741,CHI,65,22,43,28.9,0.8,1.9,0.421,1.8,0.1,0.5,0.267,0.452
2019-20,1628396,Tony Bradley,1610612762,UTA,58,36,22,11.4,0.0,0.0,0.5,0.0,0.0,0.0,,0.5
2019-20,203503,Tony Snell,1610612765,DET,59,18,41,27.8,0.5,1.1,0.485,1.3,0.2,0.4,0.565,0.583
2019-20,1628470,Torrey Craig,1610612743,DEN,58,38,20,18.5,0.1,0.3,0.316,0.3,0.1,0.1,0.429,0.395
2019-20,1629027,Trae Young,1610612737,ATL,60,18,42,35.3,4.4,11.4,0.384,11.3,2.6,7.7,0.335,0.498
2019-20,1629682,Tremont Waters,1610612738,BOS,11,8,3,10.8,0.5,2.0,0.273,1.5,0.4,1.3,0.286,0.364
2019-20,1626203,Treveon Graham,1610612737,ATL,55,21,34,16.9,0.1,0.3,0.333,0.3,0.1,0.2,0.444,0.444
2019-20,2772,Trevor Ariza,1610612757,POR,53,22,31,28.2,0.2,0.7,0.278,0.5,0.2,0.5,0.296,0.389
2019-20,203504,Trey Burke,1610612742,DAL,33,16,17,15.8,1.0,2.3,0.442,2.4,0.3,0.5,0.556,0.506
2019-20,1626168,Trey Lyles,1610612759,SAS,63,27,36,20.2,0.3,0.7,0.447,0.7,0.1,0.2,0.4,0.489
2019-20,202684,Tristan Thompson,1610612739,CLE,57,19,38,30.2,0.1,0.4,0.25,0.3,0.1,0.2,0.444,0.333
2019-20,1628972,Troy Brown Jr.,1610612764,WAS,69,24,45,25.8,0.8,2.7,0.315,1.8,0.1,0.5,0.139,0.329
2019-20,203584,Troy Daniels,1610612743,DEN,47,34,13,11.3,0.5,1.3,0.397,1.3,0.2,0.7,0.314,0.484
2019-20,1629660,Ty Jerome,1610612756,PHX,31,16,15,10.6,0.5,1.1,0.4,1.1,0.2,0.4,0.455,0.471
2019-20,1629076,Tyler Cook,1610612743,DEN,13,3,10,4.2,0.0,0.0,,0.0,,,,
2019-20,1629639,Tyler Herro,1610612748,MIA,55,34,21,27.4,2.1,5.6,0.379,5.0,0.8,2.4,0.331,0.451
2019-20,204020,Tyler Johnson,1610612751,BKN,39,16,23,18.2,0.7,1.8,0.414,1.6,0.1,0.2,0.375,0.436
2019-20,203092,Tyler Zeller,1610612759,SAS,2,1,1,1.9,0.0,0.0,,0.0,,,,
2019-20,1627820,Tyrone Wallace,1610612737,ATL,14,3,11,11.5,0.1,0.7,0.2,0.4,0.1,0.4,0.2,0.25
2019-20,2199,Tyson Chandler,1610612745,HOU,26,15,11,8.4,0.0,0.0,,0.0,,,,
2019-20,1626145,Tyus Jones,1610612763,MEM,65,32,33,19.0,1.3,3.0,0.443,2.9,0.2,0.8,0.306,0.482
2019-20,2617,Udonis Haslem,1610612748,MIA,4,3,1,11.0,0.0,0.0,,0.0,0.0,0.0,,
2019-20,1629724,Vic Law,1610612753,ORL,8,2,6,7.7,0.4,0.6,0.6,0.8,0.0,0.0,,0.6
2019-20,203506,Victor Oladipo,1610612754,IND,19,11,8,27.8,2.7,6.7,0.398,6.5,1.1,3.3,0.333,0.48
2019-20,1713,Vince Carter,1610612737,ATL,60,19,41,14.6,0.6,1.3,0.44,1.3,0.2,0.5,0.387,0.52
2019-20,1629738,Vincent Poirier,1610612738,BOS,22,18,4,5.9,0.0,0.1,0.0,0.0,0.0,0.0,,0.0
2019-20,1628427,Vlatko Cancar,1610612743,DEN,14,7,7,3.2,0.0,0.1,0.0,0.0,0.0,0.0,,0.0
2019-20,201961,Wayne Ellington,1610612752,NYK,36,9,27,15.5,0.4,1.6,0.281,1.2,0.3,1.2,0.25,0.377
2019-20,1628976,Wendell Carter Jr.,1610612741,CHI,43,15,28,29.2,0.1,0.3,0.308,0.2,0.0,0.0,0.0,0.308
2019-20,1629117,Wenyen Gabriel,1610612757,POR,30,10,20,7.8,0.0,0.1,0.333,0.1,0.0,0.1,0.0,0.333
2019-20,1628411,Wes Iwundu,1610612753,ORL,52,23,29,18.3,0.5,1.3,0.377,1.1,0.1,0.3,0.412,0.428
2019-20,202083,Wesley Matthews,1610612749,MIL,67,52,15,24.4,0.4,1.3,0.31,1.1,0.3,0.8,0.327,0.414
2019-20,203115,Will Barton,1610612743,DEN,58,38,20,33.0,1.7,4.3,0.404,4.3,0.8,2.3,0.341,0.494
2019-20,1629739,William Howard,1610612745,HOU,2,1,1,6.6,0.0,1.0,0.0,0.0,0.0,1.0,0.0,0.0
2019-20,1626161,Willie Cauley-Stein,1610612742,DAL,54,16,38,20.3,0.2,0.7,0.25,0.3,0.0,0.0,,0.25
2019-20,1626195,Willy Hernangomez,1610612766,CHA,31,7,24,12.1,0.1,0.2,0.286,0.1,0.0,0.0,0.0,0.286
2019-20,201163,Wilson Chandler,1610612751,BKN,35,16,19,21.0,0.2,0.5,0.421,0.5,0.0,0.2,0.143,0.447
2019-20,1627812,Yogi Ferrell,1610612758,SAC,50,20,30,10.6,0.9,2.2,0.393,2.0,0.2,0.9,0.234,0.442
2019-20,1629139,Yuta Watanabe,1610612763,MEM,18,9,9,5.8,0.2,0.5,0.333,0.3,0.0,0.1,0.0,0.333
2019-20,1628380,Zach Collins,1610612757,POR,11,8,3,26.4,0.0,0.2,0.0,0.0,0.0,0.1,0.0,0.0
2019-20,203897,Zach LaVine,1610612741,CHI,60,20,40,34.8,2.6,7.5,0.35,7.0,1.7,4.7,0.364,0.465
2019-20,1629668,Zach Norvell Jr.,1610612744,GSW,5,2,3,8.2,0.0,0.2,0.0,0.0,0.0,0.0,,0.0
2019-20,1629015,Zhaire Smith,1610612755,PHI,7,3,4,4.6,0.0,0.3,0.0,0.0,0.0,0.0,,0.0
2019-20,1629627,Zion Williamson,1610612740,NOP,24,11,13,27.8,0.2,0.4,0.556,0.6,0.2,0.3,0.667,0.778
2019-20,1629597,Zylan Cheatham,1610612740,NOP,4,2,2,12.8,0.0,0.0,,0.0,0.0,0.0,,
2018-19,203932,Aaron Gordon,1610612753,ORL,78,40,38,33.8,1.2,3.4,0.362,2.8,0.4,1.2,0.323,0.419
2018-19,1628988,Aaron Holiday,1610612754,IND,50,31,19,12.9,0.9,2.6,0.338,2.1,0.4,1.2,0.295,0.408
2018-19,1627846,Abdel Nader,1610612760,OKC,61,38,23,11.4,0.1,0.2,0.308,0.2,0.0,0.1,0.4,0.385
2018-19,201143,Al Horford,1610612738,BOS,68,41,27,29.0,0.3,0.7,0.458,0.6,0.0,0.0,,0.458
2018-19,202329,Al-Farouq Aminu,1610612757,POR,81,52,29,28.3,0.1,0.5,0.171,0.2,0.0,0.2,0.143,0.195
2018-19,1626210,Alan Williams,1610612751,BKN,5,1,4,5.1,0.0,0.0,,0.0,0.0,0.0,,
2018-19,202692,Alec Burks,1610612758,SAC,64,19,45,21.5,0.6,2.4,0.27,1.6,0.3,1.2,0.297,0.342
2018-19,203518,Alex Abrines,1610612760,OKC,31,21,10,19.0,0.3,0.5,0.5,0.7,0.2,0.4,0.545,0.688
2018-19,1627936,Alex Caruso,1610612747,LAL,25,8,17,21.2,0.8,2.0,0.388,2.0,0.4,0.8,0.55,0.5
2018-19,203458,Alex Len,1610612737,ATL,77,28,49,20.1,0.0,0.1,0.333,0.1,0.0,0.1,0.25,0.389
2018-19,1627816,Alex Poythress,1610612737,ATL,21,7,14,14.5,0.0,0.0,0.0,0.0,0.0,0.0,0.0,0.0
2018-19,1628035,Alfonzo McKinnie,1610612744,GSW,72,53,19,13.9,0.1,0.3,0.368,0.2,0.0,0.0,0.0,0.368
2018-19,1628993,Alize Johnson,1610612754,IND,14,9,5,4.6,0.1,0.2,0.333,0.1,0.0,0.0,,0.333
2018-19,203459,Allen Crabbe,1610612751,BKN,43,19,24,26.4,0.5,1.8,0.278,1.2,0.2,0.7,0.286,0.329
2018-19,1629019,Allonzo Trier,1610612752,NYK,64,13,51,22.8,1.3,3.4,0.365,2.8,0.3,1.0,0.344,0.416
2018-19,1628518,Amile Jefferson,1610612753,ORL,12,9,3,5.7,0.0,0.0,,0.0,,,,
2018-19,101161,Amir Johnson,1610612755,PHI,51,32,19,10.4,0.0,0.0,1.0,0.1,0.0,0.0,,1.0
2018-19,203083,Andre Drummond,1610612765,DET,79,40,39,33.5,0.1,0.6,0.182,0.2,0.0,0.2,0.143,0.205
2018-19,2738,Andre Iguodala,1610612744,GSW,68,47,21,23.2,0.2,0.6,0.3,0.4,0.1,0.2,0.308,0.35
2018-19,201281,Andre Ingram,1610612747,LAL,4,1,3,3.7,0.0,0.3,0.0,0.0,0.0,0.0,,0.0
2018-19,101106,Andrew Bogut,1610612744,GSW,11,8,3,12.2,0.0,0.1,0.0,0.0,,,,0.0
2018-19,1626150,Andrew Harrison,1610612740,NOP,17,6,11,10.9,0.2,1.3,0.182,0.6,0.1,0.7,0.167,0.227
2018-19,203952,Andrew Wiggins,1610612750,MIN,73,31,42,34.8,2.0,6.2,0.325,4.4,0.4,1.4,0.283,0.356
2018-19,1629014,Anfernee Simons,1610612757,POR,20,17,3,7.0,0.6,1.3,0.462,1.5,0.3,0.6,0.455,0.558
2018-19,1629116,Angel Delgado,1610612746,LAC,2,0,2,7.4,0.0,0.0,,0.0,,,,
2018-19,1627790,Ante Zizic,1610612739,CLE,59,13,46,18.3,0.0,0.1,0.125,0.0,,,,0.125
2018-19,203076,Anthony Davis,1610612740,NOP,56,25,31,33.0,1.4,4.1,0.332,2.7,0.0,0.4,0.048,0.334
2018-19,201229,Anthony Tolliver,1610612750,MIN,65,27,38,16.6,0.1,0.2,0.385,0.2,0.0,0.1,0.375,0.5
2018-19,1628469,Antonio Blakeney,1610612741,CHI,57,14,43,14.5,1.2,3.5,0.342,2.6,0.2,0.5,0.333,0.364
2018-19,203382,Aron Baynes,1610612738,BOS,51,32,19,16.1,0.0,0.0,,0.0,0.0,0.0,,
2018-19,203085,Austin Rivers,1610612745,HOU,76,45,31,26.7,0.6,2.2,0.28,1.7,0.5,1.8,0.271,0.396
2018-19,202340,Avery Bradley,1610612763,MEM,63,31,32,30.2,1.6,3.7,0.427,3.5,0.3,0.9,0.339,0.468
2018-19,1629168,BJ Johnson,1610612758,SAC,7,2,5,7.1,0.4,0.7,0.6,0.9,0.0,0.0,,0.6
2018-19,1628389,Bam Adebayo,1610612748,MIA,82,39,43,23.3,0.2,0.4,0.486,0.4,0.0,0.0,0.5,0.514
2018-19,203463,Ben McLemore,1610612758,SAC,19,7,12,8.3,0.4,0.9,0.444,1.1,0.2,0.4,0.5,0.556
2018-19,1627732,Ben Simmons,1610612755,PHI,79,50,29,34.2,0.3,1.2,0.204,0.5,0.0,0.1,0.0,0.204
2018-19,1628656,Billy Garrett,1610612752,NYK,4,1,3,15.9,1.3,3.3,0.385,2.5,0.0,0.5,0.0,0.385
2018-19,202687,Bismack Biyombo,1610612766,CHA,54,24,30,14.5,0.1,0.1,0.8,0.1,,,,0.8
2018-19,201933,Blake Griffin,1610612765,DET,75,39,36,35.0,1.7,5.2,0.332,4.9,1.4,4.0,0.358,0.471
2018-19,1626246,Boban Marjanovic,1610612755,PHI,58,31,27,11.7,0.1,0.2,0.385,0.2,0.0,0.0,,0.385
2018-19,1626171,Bobby Portis,1610612764,WAS,50,14,36,26.0,0.5,1.3,0.364,1.0,0.0,0.1,0.333,0.371
2018-19,203992,Bogdan Bogdanovic,1610612758,SAC,70,32,38,27.8,1.6,4.6,0.358,3.9,0.6,2.0,0.305,0.425
2018-19,202711,Bojan Bogdanovic,1610612754,IND,81,47,34,31.8,1.3,3.3,0.387,3.0,0.4,1.0,0.353,0.443
2018-19,1629045,Bonzie Colson,1610612749,MIL,8,6,2,12.3,0.3,0.9,0.286,0.6,0.1,0.5,0.25,0.357
2018-19,202954,Brad Wanamaker,1610612738,BOS,36,27,9,9.5,0.4,1.1,0.4,1.1,0.2,0.4,0.429,0.475
2018-19,203078,Bradley Beal,1610612764,WAS,82,32,50,36.9,3.0,7.5,0.405,7.1,1.0,2.9,0.344,0.472
2018-19,1629164,Brandon Goodwin,1610612743,DEN,16,10,6,3.6,0.0,0.5,0.0,0.0,0.0,0.1,0.0,0.0
2018-19,1627742,Brandon Ingram,1610612747,LAL,52,25,27,33.9,2.1,4.7,0.441,4.2,0.1,0.1,0.6,0.447
2018-19,202688,Brandon Knight,1610612739,CLE,39,17,22,18.9,1.2,3.0,0.39,2.9,0.5,1.5,0.356,0.479
2018-19,1629102,Brandon Sampson,1610612741,CHI,14,3,11,15.3,0.3,0.7,0.4,0.7,0.1,0.4,0.4,0.5
2018-19,201572,Brook Lopez,1610612749,MIL,81,60,21,28.7,0.6,1.4,0.407,1.4,0.3,0.7,0.431,0.518
2018-19,1628971,Bruce Brown,1610612765,DET,74,35,39,19.6,0.1,0.3,0.261,0.2,0.0,0.1,0.1,0.283
2018-19,203998,Bruno Caboclo,1610612763,MEM,34,14,20,23.5,0.2,0.6,0.3,0.5,0.1,0.5,0.278,0.425
2018-19,1627854,Bryn Forbes,1610612759,SAS,82,48,34,28.0,1.7,3.9,0.425,3.9,0.6,1.5,0.373,0.498
2018-19,1627741,Buddy Hield,1610612758,SAC,82,39,43,31.9,2.7,6.8,0.398,6.5,1.1,3.0,0.376,0.48
2018-19,203710,C.J. Williams,1610612750,MIN,15,4,11,8.5,0.5,0.8,0.667,1.2,0.1,0.3,0.4,0.75
2018-19,203468,CJ McCollum,1610612757,POR,70,43,27,33.9,4.1,8.9,0.457,9.3,1.1,3.1,0.355,0.518
2018-19,101139,CJ Miles,1610612763,MEM,53,33,20,16.2,0.5,1.4,0.329,1.1,0.2,0.6,0.235,0.384
2018-19,1628403,Caleb Swanigan,1610612758,SAC,21,10,11,8.5,0.0,0.3,0.143,0.1,0.0,0.0,,0.143
2018-19,1629244,Cam Reynolds,1610612750,MIN,19,6,13,13.7,0.3,0.6,0.5,0.7,0.1,0.2,0.667,0.583
2018-19,1626166,Cameron Payne,1610612739,CLE,40,7,33,17.8,0.8,1.9,0.408,1.9,0.3,0.7,0.444,0.487
2018-19,1627747,Caris LeVert,1610612751,BKN,40,19,21,26.6,1.3,3.9,0.34,3.4,0.8,2.2,0.349,0.436
2018-19,2546,Carmelo Anthony,1610612745,HOU,10,4,6,29.4,1.5,4.1,0.366,3.4,0.4,1.2,0.333,0.415
2018-19,1626224,Cedi Osman,1610612739,CLE,76,17,59,32.2,1.1,3.1,0.353,2.6,0.5,1.3,0.37,0.433
2018-19,1628990,Chandler Hutchison,1610612741,CHI,44,10,34,20.3,0.1,0.4,0.278,0.2,0.0,0.0,0.0,0.278
2018-19,202718,Chandler Parsons,1610612763,MEM,25,11,14,19.8,0.6,1.8,0.326,1.4,0.2,0.7,0.278,0.38
2018-19,101112,Channing Frye,1610612739,CLE,36,7,29,9.5,0.2,0.6,0.3,0.4,0.1,0.3,0.444,0.4
2018-19,1626184,Chasson Randle,1610612764,WAS,49,19,30,15.2,0.4,1.1,0.393,1.3,0.4,0.8,0.487,0.563
2018-19,1627767,Cheick Diallo,1610612740,NOP,64,27,37,14.0,0.2,0.3,0.526,0.3,0.0,0.0,,0.526
2018-19,1629002,Chimezie Metu,1610612759,SAS,29,14,15,5.0,0.0,0.3,0.111,0.1,0.0,0.0,,0.111
2018-19,1628449,Chris Boucher,1610612761,TOR,28,21,7,5.8,0.0,0.1,0.333,0.1,0.0,0.1,0.333,0.5
2018-19,1629185,Chris Chiozza,1610612745,HOU,7,6,1,4.6,0.1,0.6,0.25,0.4,0.1,0.4,0.333,0.375
2018-19,101108,Chris Paul,1610612745,HOU,58,39,19,32.0,3.5,8.6,0.401,8.7,1.7,5.0,0.345,0.501
2018-19,1626174,Christian Wood,1610612740,NOP,21,13,8,11.9,0.2,0.5,0.455,0.5,0.0,0.0,0.0,0.455
2018-19,203991,Clint Capela,1610612745,HOU,67,44,23,33.6,0.0,0.0,0.0,0.0,,,,0.0
2018-19,203469,Cody Zeller,1610612766,CHA,49,22,27,25.4,0.2,0.4,0.45,0.4,0.0,0.1,0.333,0.475
2018-19,1629012,Collin Sexton,1610612739,CLE,82,19,63,31.8,2.7,6.9,0.389,6.0,0.7,1.8,0.374,0.437
2018-19,201147,Corey Brewer,1610612758,SAC,31,13,18,15.9,0.1,0.5,0.143,0.1,0.0,0.2,0.0,0.143
2018-19,202709,Cory Joseph,1610612754,IND,82,48,34,25.2,1.1,3.0,0.38,2.3,0.1,0.4,0.161,0.39
2018-19,201584,Courtney Lee,1610612742,DAL,34,6,28,12.6,0.6,1.4,0.429,1.3,0.1,0.2,0.375,0.459
2018-19,1626245,Cristiano Felicio,1610612741,CHI,60,16,44,12.4,0.0,0.1,0.333,0.0,0.0,0.0,0.0,0.333
2018-19,1626156,D'Angelo Russell,1610612751,BKN,81,42,39,30.2,4.0,9.8,0.408,9.6,1.6,4.5,0.349,0.487
2018-19,201571,D.J. Augustin,1610612753,ORL,81,42,39,28.0,1.2,3.0,0.412,3.2,0.8,1.9,0.389,0.537
2018-19,1628391,D.J. Wilson,1610612749,MIL,48,37,11,18.4,0.4,0.8,0.459,0.9,0.2,0.2,0.727,0.568
2018-19,203474,DJ Stephens,1610612763,MEM,1,0,1,6.7,0.0,0.0,,0.0,,,,
2018-19,1629541,Dairis Bertans,1610612740,NOP,12,3,9,13.9,0.2,1.1,0.154,0.4,0.1,0.3,0.25,0.192
2018-19,1627745,Damian Jones,1610612744,GSW,24,15,9,17.1,0.0,0.0,,0.0,,,,
2018-19,203081,Damian Lillard,1610612757,POR,80,51,29,35.5,3.8,9.4,0.404,9.5,1.9,5.3,0.364,0.507
2018-19,1627814,Damion Lee,1610612744,GSW,32,18,14,11.7,0.6,1.2,0.474,1.3,0.2,0.3,0.556,0.539
2018-19,1628422,Damyean Dotson,1610612752,NYK,73,12,61,27.4,1.3,3.2,0.403,2.9,0.4,1.0,0.347,0.459
2018-19,1627772,Daniel Hamilton,1610612737,ATL,19,7,12,10.7,0.1,0.4,0.125,0.1,0.0,0.1,0.0,0.125
2018-19,1628464,Daniel Theis,1610612738,BOS,66,38,28,13.8,0.0,0.1,0.5,0.1,0.0,0.0,1.0,0.625
2018-19,201568,Danilo Gallinari,1610612746,LAC,68,40,28,30.3,1.5,3.7,0.417,3.6,0.5,1.3,0.364,0.48
2018-19,201980,Danny Green,1610612761,TOR,80,56,24,27.7,0.7,1.6,0.405,1.7,0.3,0.9,0.371,0.504
2018-19,201967,Dante Cunningham,1610612759,SAS,64,36,28,14.5,0.0,0.0,0.0,0.0,0.0,0.0,0.0,0.0
2018-19,203957,Dante Exum,1610612762,UTA,42,21,21,15.8,0.1,0.4,0.25,0.2,0.0,0.1,0.2,0.281
2018-19,1627863,Danuel House Jr.,1610612745,HOU,39,27,12,25.1,0.4,1.2,0.378,1.3,0.4,1.1,0.395,0.567
2018-19,203967,Dario Saric,1610612750,MIN,81,39,42,25.0,0.2,0.8,0.284,0.5,0.1,0.2,0.263,0.321
2018-19,203121,Darius Miller,1610612740,NOP,69,31,38,25.5,0.7,1.9,0.377,1.7,0.3,0.9,0.349,0.462
2018-19,201954,Darren Collison,1610612754,IND,76,45,31,28.2,1.8,4.2,0.427,3.9,0.4,1.0,0.355,0.47
2018-19,1629133,Daryl Macon,1610612742,DAL,8,4,4,11.2,0.8,2.5,0.3,1.9,0.4,1.0,0.375,0.375
2018-19,1628021,David Nwaba,1610612739,CLE,51,14,37,19.3,0.1,0.3,0.412,0.3,0.0,0.1,0.0,0.412
2018-19,202722,Davis Bertans,1610612759,SAS,76,44,32,21.5,0.4,1.1,0.386,1.0,0.2,0.6,0.357,0.476
2018-19,1628432,Davon Reed,1610612754,IND,10,4,6,4.7,0.0,0.4,0.0,0.0,0.0,0.0,,0.0
2018-19,1628368,De'Aaron Fox,1610612758,SAC,81,39,42,31.4,2.0,5.6,0.36,4.7,0.6,1.8,0.352,0.415
2018-19,1629001,De'Anthony Melton,1610612756,PHX,50,13,37,19.7,0.3,1.4,0.191,0.6,0.0,0.4,0.1,0.206
2018-19,201599,DeAndre Jordan,1610612752,NYK,69,25,44,29.7,0.0,0.0,0.0,0.0,,,,0.0
2018-19,1627761,DeAndre' Bembry,1610612737,ATL,82,29,53,23.6,0.1,0.6,0.261,0.3,0.0,0.2,0.235,0.304
2018-19,201942,DeMar DeRozan,1610612759,SAS,77,44,33,34.9,3.4,8.2,0.412,6.7,0.0,0.2,0.0,0.412
2018-19,202326,DeMarcus Cousins,1610612744,GSW,30,23,7,25.7,0.1,0.4,0.231,0.2,0.0,0.1,0.5,0.269
2018-19,201960,DeMarre Carroll,1610612751,BKN,67,36,31,25.4,0.3,1.2,0.269,0.7,0.1,0.5,0.258,0.321
2018-19,1629152,DeVaughn Akoon-Purcell,1610612743,DEN,7,7,0,3.1,0.0,0.4,0.0,0.0,0.0,0.4,0.0,0.0
2018-19,1629028,Deandre Ayton,1610612756,PHX,71,17,54,30.7,0.2,0.6,0.405,0.5,0.0,0.0,0.0,0.405
2018-19,1626153,Delon Wright,1610612763,MEM,75,45,30,22.6,0.4,1.5,0.239,0.9,0.2,0.8,0.226,0.301
2018-19,1627743,Demetrius Jackson,1610612755,PHI,6,5,1,6.6,0.3,0.7,0.5,0.7,0.0,0.2,0.0,0.5
2018-19,1629061,Deng Adel,1610612739,CLE,19,4,15,10.2,0.1,0.4,0.25,0.2,0.0,0.2,0.0,0.25
2018-19,203471,Dennis Schroder,1610612760,OKC,79,47,32,29.3,2.1,5.4,0.394,4.6,0.4,1.3,0.287,0.428
2018-19,1628372,Dennis Smith Jr.,1610612752,NYK,53,21,32,28.5,1.6,4.6,0.35,3.9,0.7,2.0,0.349,0.426
2018-19,1629126,Deonte Burton,1610612760,OKC,32,21,11,7.5,0.2,0.4,0.385,0.3,0.0,0.1,0.0,0.385
2018-19,202324,Derrick Favors,1610612762,UTA,76,46,30,23.2,0.0,0.1,0.286,0.1,0.0,0.0,,0.286
2018-19,1627884,Derrick Jones Jr.,1610612748,MIA,60,31,29,19.2,0.0,0.2,0.083,0.0,0.0,0.1,0.0,0.083
2018-19,201565,Derrick Rose,1610612750,MIN,51,24,27,27.3,2.8,6.3,0.449,6.2,0.5,1.3,0.385,0.488
2018-19,1628401,Derrick White,1610612759,SAS,67,41,26,25.8,1.2,2.6,0.446,2.6,0.2,0.5,0.361,0.483
2018-19,1626164,Devin Booker,1610612756,PHX,64,15,49,35.0,3.7,9.3,0.399,8.4,1.1,3.7,0.291,0.456
2018-19,2734,Devin Harris,1610612742,DAL,68,28,40,15.7,0.3,1.1,0.267,0.8,0.2,0.7,0.25,0.347
2018-19,1628421,Devin Robinson,1610612764,WAS,7,1,6,13.5,0.4,1.0,0.429,0.9,0.0,0.0,,0.429
2018-19,1628984,Devonte' Graham,1610612766,CHA,46,18,28,14.7,0.5,1.9,0.27,1.3,0.2,1.1,0.216,0.331
2018-19,203473,Dewayne Dedmon,1610612737,ATL,64,24,40,25.1,0.1,0.3,0.211,0.2,0.0,0.1,0.4,0.263
2018-19,1627738,Deyonta Davis,1610612737,ATL,9,3,6,13.2,0.0,0.0,,0.0,0.0,0.0,,
2018-19,1628415,Dillon Brooks,1610612763,MEM,18,9,9,18.3,0.4,1.6,0.276,1.0,0.1,0.5,0.222,0.31
2018-19,203079,Dion Waiters,1610612748,MIA,44,20,24,25.9,1.0,2.9,0.341,2.6,0.7,1.9,0.357,0.46
2018-19,1717,Dirk Nowitzki,1610612742,DAL,51,17,34,15.6,0.5,1.4,0.406,1.2,0.1,0.2,0.364,0.435
2018-19,1627734,Domantas Sabonis,1610612754,IND,74,43,31,24.8,0.1,0.2,0.278,0.1,0.0,0.0,,0.278
2018-19,202700,Donatas Motiejunas,1610612759,SAS,3,3,0,4.3,0.0,0.7,0.0,0.0,,,,0.0
2018-19,1628378,Donovan Mitchell,1610612762,UTA,77,49,28,33.7,2.9,7.6,0.384,7.1,1.2,3.8,0.332,0.467
2018-19,1628978,Donte DiVincenzo,1610612749,MIL,27,20,7,15.2,0.1,0.7,0.211,0.4,0.1,0.5,0.143,0.263
2018-19,1629055,Donte Grantham,1610612760,OKC,3,2,1,0.8,0.0,0.0,,0.0,0.0,0.0,,
2018-19,1627827,Dorian Finney-Smith,1610612742,DAL,81,33,48,24.5,0.2,0.7,0.271,0.5,0.1,0.4,0.212,0.331
2018-19,203926,Doug McDermott,1610612754,IND,77,43,34,17.4,0.2,0.7,0.321,0.5,0.0,0.2,0.167,0.34
2018-19,1627733,Dragan Bender,1610612756,PHX,46,9,37,18.0,0.0,0.2,0.25,0.1,0.0,0.1,0.2,0.313
2018-19,203110,Draymond Green,1610612744,GSW,66,48,18,31.3,0.2,0.4,0.379,0.3,0.0,0.1,0.25,0.397
2018-19,1629234,Drew Eubanks,1610612759,SAS,23,13,10,4.9,0.0,0.1,0.0,0.0,,,,0.0
2018-19,1629130,Duncan Robinson,1610612748,MIA,15,7,8,10.7,0.1,0.5,0.286,0.3,0.1,0.3,0.25,0.357
2018-19,1628605,Dusty Hannahs,1610612763,MEM,2,0,2,13.0,0.0,1.0,0.0,0.0,0.0,0.5,0.0,0.0
2018-19,1628407,Dwayne Bacon,1610612766,CHA,43,20,23,17.6,0.8,2.1,0.374,2.0,0.4,0.9,0.421,0.462
2018-19,2730,Dwight Howard,1610612764,WAS,9,4,5,25.5,0.0,0.0,,0.0,,,,
2018-19,203939,Dwight Powell,1610612742,DAL,77,31,46,21.6,0.0,0.1,0.167,0.0,0.0,0.0,0.0,0.167
2018-19,2548,Dwyane Wade,1610612748,MIA,72,35,37,26.2,2.2,6.3,0.348,5.2,0.8,2.5,0.306,0.409
2018-19,1629058,Dzanan Musa,1610612751,BKN,9,4,5,4.4,0.2,0.9,0.25,0.4,0.0,0.3,0.0,0.25
2018-19,202734,E'Twaun Moore,1610612740,NOP,53,21,32,27.6,1.1,2.6,0.426,2.5,0.3,0.6,0.469,0.482
2018-19,202334,Ed Davis,1610612751,BKN,81,42,39,17.9,0.0,0.0,0.0,0.0,0.0,0.0,0.0,0.0
2018-19,1628410,Edmond Sumner,1610612754,IND,23,14,9,9.1,0.2,0.4,0.444,0.4,0.0,0.2,0.25,0.5
2018-19,202327,Ekpe Udoh,1610612762,UTA,51,35,16,6.3,0.0,0.0,,0.0,,,,
2018-19,203901,Elfrid Payton,1610612740,NOP,42,18,24,29.8,0.3,0.9,0.333,0.8,0.1,0.6,0.25,0.41
2018-19,1629059,Elie Okobo,1610612756,PHX,53,7,46,18.1,0.6,2.0,0.296,1.5,0.3,1.0,0.309,0.375
2018-19,1629150,Emanuel Terry,1610612748,MIA,3,0,3,7.6,0.0,0.0,,0.0,,,,
2018-19,1626144,Emmanuel Mudiay,1610612752,NYK,59,13,46,27.2,2.2,5.1,0.434,4.9,0.4,1.4,0.313,0.475
2018-19,202683,Enes Freedom,1610612757,POR,67,28,39,24.5,0.1,0.1,0.4,0.1,0.0,0.0,0.0,0.4
2018-19,202339,Eric Bledsoe,1610612749,MIL,78,59,19,29.1,1.3,3.3,0.388,3.4,0.8,2.1,0.384,0.51
2018-19,201569,Eric Gordon,1610612745,HOU,68,44,24,31.7,0.8,2.6,0.297,2.2,0.6,2.1,0.299,0.42
2018-19,203961,Eric Moreland,1610612761,TOR,5,3,2,8.6,0.0,0.2,0.0,0.0,0.0,0.0,,0.0
2018-19,101141,Ersan Ilyasova,1610612749,MIL,67,49,18,18.4,0.2,0.7,0.311,0.6,0.1,0.4,0.346,0.411
2018-19,203095,Evan Fournier,1610612753,ORL,81,42,39,31.5,1.6,4.3,0.368,3.7,0.5,1.7,0.288,0.425
2018-19,202323,Evan Turner,1610612757,POR,73,47,26,22.0,1.1,2.5,0.436,2.2,0.0,0.1,0.167,0.439
2018-19,1628402,Frank Jackson,1610612740,NOP,61,22,39,19.2,0.6,1.6,0.358,1.3,0.2,0.6,0.361,0.426
2018-19,1626163,Frank Kaminsky,1610612766,CHA,47,22,25,16.1,0.1,0.3,0.188,0.1,0.0,0.1,0.333,0.219
2018-19,1628412,Frank Mason III,1610612758,SAC,38,16,22,11.5,0.7,2.3,0.318,1.8,0.3,1.3,0.24,0.386
2018-19,1628373,Frank Ntilikina,1610612752,NYK,43,9,34,21.0,0.9,2.7,0.348,2.0,0.2,0.7,0.258,0.383
2018-19,1627832,Fred VanVleet,1610612761,TOR,64,46,18,27.5,1.1,3.3,0.337,2.7,0.5,1.7,0.321,0.421
2018-19,1627788,Furkan Korkmaz,1610612755,PHI,48,30,18,14.2,0.4,1.3,0.317,1.0,0.2,0.6,0.286,0.381
2018-19,202066,Garrett Temple,1610612746,LAC,75,37,38,27.2,0.5,1.6,0.297,1.0,0.1,0.6,0.152,0.326
2018-19,1629109,Gary Clark,1610612745,HOU,51,33,18,12.6,0.1,0.2,0.333,0.2,0.1,0.2,0.333,0.5
2018-19,203914,Gary Harris,1610612743,DEN,57,38,19,28.8,1.0,3.0,0.341,2.4,0.3,1.2,0.284,0.396
2018-19,1627780,Gary Payton II,1610612764,WAS,3,2,1,5.3,0.0,0.0,,0.0,0.0,0.0,,
2018-19,1629018,Gary Trent Jr.,1610612757,POR,15,14,1,7.4,0.7,1.9,0.393,1.7,0.2,0.7,0.3,0.446
2018-19,201588,George Hill,1610612749,MIL,60,39,21,21.7,0.8,1.9,0.412,1.8,0.2,0.7,0.286,0.465
2018-19,1628994,George King,1610612756,PHX,1,0,1,5.9,0.0,0.0,,0.0,,,,
2018-19,1627777,Georges Niang,1610612762,UTA,59,41,18,8.8,0.2,0.3,0.611,0.4,0.1,0.1,0.5,0.694
2018-19,101123,Gerald Green,1610612745,HOU,73,47,26,20.2,0.6,2.1,0.295,1.7,0.4,1.6,0.267,0.394
2018-19,203507,Giannis Antetokounmpo,1610612749,MIL,72,56,16,32.8,1.3,4.0,0.323,3.1,0.5,1.8,0.28,0.387
2018-19,203922,Glenn Robinson III,1610612765,DET,47,24,23,13.0,0.3,0.6,0.5,0.7,0.0,0.0,0.5,0.517
2018-19,201609,Goran Dragic,1610612748,MIA,36,16,20,27.5,1.4,4.0,0.338,3.2,0.4,1.6,0.276,0.393
2018-19,202330,Gordon Hayward,1610612738,BOS,72,44,28,25.9,1.0,2.8,0.369,2.3,0.2,0.8,0.263,0.406
2018-19,203476,Gorgui Dieng,1610612750,MIN,76,33,43,13.6,0.4,1.0,0.355,0.7,0.0,0.1,0.222,0.368
2018-19,1628960,Grayson Allen,1610612762,UTA,38,22,16,11.0,0.4,1.3,0.275,0.9,0.1,0.6,0.208,0.324
2018-19,202328,Greg Monroe,1610612755,PHI,43,28,15,11.2,0.0,0.0,,0.0,0.0,0.0,,
2018-19,1627824,Guerschon Yabusele,1610612738,BOS,41,27,14,6.1,0.0,0.0,0.0,0.0,0.0,0.0,0.0,0.0
2018-19,1628977,Hamidou Diallo,1610612760,OKC,51,29,22,10.3,0.1,0.2,0.3,0.1,0.0,0.0,,0.3
2018-19,203084,Harrison Barnes,1610612758,SAC,77,34,43,32.9,1.1,3.2,0.337,2.5,0.4,1.1,0.368,0.403
2018-19,1628385,Harry Giles III,1610612758,SAC,58,26,32,14.1,0.1,0.5,0.267,0.3,0.0,0.0,,0.267
2018-19,202355,Hassan Whiteside,1610612748,MIA,72,33,39,23.3,0.0,0.3,0.15,0.1,0.0,0.0,,0.15
2018-19,1629312,Haywood Highsmith,1610612755,PHI,5,2,3,8.0,0.2,0.4,0.5,0.4,0.0,0.2,0.0,0.5
2018-19,1627740,Henry Ellenson,1610612752,NYK,19,4,15,13.6,0.2,0.6,0.25,0.5,0.2,0.3,0.5,0.375
2018-19,203546,Ian Clark,1610612740,NOP,60,24,36,16.2,0.8,2.2,0.353,1.8,0.3,1.0,0.276,0.414
2018-19,101133,Ian Mahinmi,1610612764,WAS,34,12,22,14.6,0.0,0.0,,0.0,0.0,0.0,,
2018-19,1628387,Ike Anigbogu,1610612754,IND,3,2,1,2.1,0.0,0.3,0.0,0.0,,,,0.0
2018-19,202697,Iman Shumpert,1610612745,HOU,62,39,23,23.9,0.7,2.5,0.297,1.8,0.3,1.0,0.262,0.352
2018-19,1629067,Isaac Bonga,1610612747,LAL,22,7,15,5.5,0.0,0.4,0.0,0.0,0.0,0.1,0.0,0.0
2018-19,1629353,Isaac Humphries,1610612737,ATL,5,1,4,11.3,0.0,0.0,,0.0,0.0,0.0,,
2018-19,1628515,Isaiah Briscoe,1610612753,ORL,39,17,22,14.3,0.3,1.2,0.289,0.7,0.0,0.1,0.25,0.3
2018-19,203477,Isaiah Canaan,1610612749,MIL,30,10,20,20.9,0.8,1.8,0.434,2.0,0.4,1.2,0.351,0.557
2018-19,1628392,Isaiah Hartenstein,1610612745,HOU,28,15,13,7.9,0.0,0.0,,0.0,0.0,0.0,,
2018-19,1628439,Isaiah Hicks,1610612752,NYK,3,1,2,10.8,0.7,1.0,0.667,1.3,,,,0.667
2018-19,202738,Isaiah Thomas,1610612743,DEN,12,6,6,15.1,0.8,2.3,0.37,2.2,0.5,1.4,0.353,0.481
2018-19,202397,Ish Smith,1610612765,DET,56,33,23,22.3,1.3,3.6,0.368,3.0,0.4,1.1,0.313,0.417
2018-19,1628397,Ivan Rabb,1610612763,MEM,49,20,29,14.7,0.1,0.4,0.389,0.3,0.0,0.0,,0.389
2018-19,1627826,Ivica Zubac,1610612746,LAC,59,32,27,17.6,0.0,0.1,0.333,0.0,,,,0.333
2018-19,200826,J.J. Barea,1610612742,DAL,38,20,18,19.8,2.0,4.9,0.416,4.7,0.7,2.1,0.321,0.486
2018-19,1629122,J.P. Macura,1610612766,CHA,2,1,1,8.4,0.0,0.0,,0.0,0.0,0.0,,
2018-19,200755,JJ Redick,1610612755,PHI,76,49,27,31.3,2.6,6.1,0.426,6.3,1.1,3.1,0.354,0.516
2018-19,2747,JR Smith,1610612739,CLE,11,1,10,20.2,1.2,4.1,0.289,2.5,0.2,1.1,0.167,0.311
2018-19,203960,JaKarr Sampson,1610612741,CHI,4,1,3,31.8,1.5,2.3,0.667,3.0,0.0,0.0,,0.667
2018-19,203210,JaMychal Green,1610612746,LAC,65,31,34,21.1,0.1,0.5,0.233,0.3,0.0,0.2,0.25,0.283
2018-19,201580,JaVale McGee,1610612747,LAL,75,35,40,22.3,0.1,0.4,0.321,0.2,0.0,0.0,,0.321
2018-19,203953,Jabari Parker,1610612764,WAS,64,18,46,26.9,1.1,3.0,0.374,2.6,0.3,0.9,0.321,0.421
2018-19,1628980,Jacob Evans,1610612744,GSW,30,21,9,6.8,0.3,0.8,0.375,0.6,0.0,0.0,,0.375
2018-19,203109,Jae Crowder,1610612762,UTA,80,48,32,27.1,0.5,1.7,0.295,1.4,0.4,1.3,0.297,0.409
2018-19,1626143,Jahlil Okafor,1610612740,NOP,59,23,36,15.8,0.2,0.5,0.429,0.4,0.0,0.0,0.0,0.429
2018-19,1627774,Jake Layman,1610612757,POR,71,46,25,18.7,0.4,0.9,0.418,1.0,0.2,0.4,0.452,0.522
2018-19,1627751,Jakob Poeltl,1610612759,SAS,77,43,34,16.5,0.0,0.1,0.25,0.0,,,,0.25
2018-19,1628973,Jalen Brunson,1610612742,DAL,73,27,46,21.8,1.1,2.7,0.395,2.5,0.3,0.9,0.368,0.458
2018-19,1627883,Jalen Jones,1610612739,CLE,16,3,13,13.4,0.0,0.3,0.0,0.0,0.0,0.0,,0.0
2018-19,2037,Jamal Crawford,1610612756,PHX,64,13,51,18.9,1.9,4.7,0.401,4.3,0.6,1.8,0.31,0.46
2018-19,1627750,Jamal Murray,1610612743,DEN,75,49,26,32.6,3.1,7.8,0.399,7.1,0.9,2.8,0.338,0.46
2018-19,203516,James Ennis III,1610612755,PHI,58,35,23,21.2,0.2,0.4,0.375,0.4,0.1,0.3,0.412,0.521
2018-19,201935,James Harden,1610612745,HOU,78,51,27,36.8,5.1,13.7,0.369,14.5,4.4,12.1,0.363,0.529
2018-19,201949,James Johnson,1610612748,MIA,55,27,28,21.2,0.4,1.3,0.348,1.1,0.2,0.6,0.364,0.435
2018-19,203263,James Nunnally,1610612745,HOU,15,8,7,6.8,0.0,0.4,0.0,0.0,0.0,0.3,0.0,0.0
2018-19,201162,Jared Dudley,1610612751,BKN,59,28,31,20.7,0.2,0.3,0.6,0.4,0.1,0.1,0.6,0.7
2018-19,1629123,Jared Terrell,1610612750,MIN,14,4,10,7.9,0.6,1.2,0.529,1.5,0.2,0.4,0.5,0.618
2018-19,1626185,Jarell Martin,1610612753,ORL,42,20,22,7.8,0.1,0.3,0.231,0.1,0.0,0.1,0.0,0.231
2018-19,1628991,Jaren Jackson Jr.,1610612763,MEM,58,23,35,26.1,0.1,0.6,0.25,0.3,0.1,0.2,0.333,0.313
2018-19,1628417,Jaron Blossomgame,1610612739,CLE,27,4,23,16.3,0.0,0.3,0.143,0.1,0.0,0.0,0.0,0.143
2018-19,1629020,Jarred Vanderbilt,1610612743,DEN,17,10,7,4.1,0.0,0.1,0.0,0.0,0.0,0.0,,0.0
2018-19,1628386,Jarrett Allen,1610612751,BKN,80,42,38,26.2,0.0,0.0,0.0,0.0,0.0,0.0,,0.0
2018-19,201160,Jason Smith,1610612740,NOP,20,10,10,9.5,0.0,0.0,,0.0,0.0,0.0,,
2018-19,1628393,Jawun Evans,1610612760,OKC,8,4,4,8.0,0.1,1.0,0.125,0.3,0.0,0.3,0.0,0.125
2018-19,1629121,Jaylen Adams,1610612737,ATL,34,13,21,12.6,0.4,1.2,0.325,1.0,0.2,0.8,0.308,0.425
2018-19,1627759,Jaylen Brown,1610612738,BOS,74,41,33,25.9,0.9,2.3,0.393,1.9,0.1,0.4,0.345,0.423
2018-19,1628537,Jaylen Morris,1610612749,MIL,4,4,0,7.1,0.0,0.0,,0.0,0.0,0.0,,
2018-19,1628369,Jayson Tatum,1610612738,BOS,79,48,31,31.1,1.9,5.4,0.357,4.3,0.5,1.4,0.324,0.399
2018-19,201145,Jeff Green,1610612764,WAS,77,29,48,27.2,0.5,1.6,0.333,1.2,0.1,0.4,0.147,0.353
2018-19,201952,Jeff Teague,1610612750,MIN,42,23,19,30.1,1.4,3.7,0.368,3.2,0.5,1.5,0.297,0.429
2018-19,1629203,Jemerrio Jones,1610612747,LAL,6,3,3,23.9,0.0,0.8,0.0,0.0,0.0,0.3,0.0,0.0
2018-19,203924,Jerami Grant,1610612760,OKC,80,48,32,32.7,0.1,0.4,0.29,0.2,0.0,0.0,1.0,0.306
2018-19,203087,Jeremy Lamb,1610612766,CHA,79,38,41,28.5,1.7,4.0,0.417,3.7,0.3,1.3,0.267,0.46
2018-19,202391,Jeremy Lin,1610612761,TOR,74,31,43,19.4,1.0,2.5,0.404,2.3,0.3,1.0,0.301,0.464
2018-19,1626170,Jerian Grant,1610612753,ORL,60,28,32,15.6,0.6,1.6,0.383,1.4,0.2,0.5,0.281,0.431
2018-19,1629010,Jerome Robinson,1610612746,LAC,33,18,15,9.7,0.4,0.8,0.429,0.9,0.2,0.3,0.455,0.518
2018-19,201573,Jerryd Bayless,1610612750,MIN,34,15,19,19.3,1.0,3.1,0.327,2.3,0.3,1.1,0.25,0.369
2018-19,1628975,Jevon Carter,1610612763,MEM,39,9,30,14.8,0.6,2.1,0.28,1.5,0.3,1.0,0.308,0.354
2018-19,202690,Jimmer Fredette,1610612756,PHX,6,1,5,10.8,0.3,2.0,0.167,0.7,0.0,0.8,0.0,0.167
2018-19,202710,Jimmy Butler,1610612755,PHI,65,38,27,33.6,1.7,5.0,0.345,3.8,0.4,1.1,0.324,0.381
2018-19,201149,Joakim Noah,1610612763,MEM,42,14,28,16.5,0.0,0.1,0.333,0.0,0.0,0.0,,0.333
2018-19,201975,Jodie Meeks,1610612761,TOR,8,7,1,13.0,0.6,1.0,0.625,1.4,0.1,0.1,1.0,0.688
2018-19,1629147,Joe Chealey,1610612766,CHA,1,0,1,7.8,0.0,1.0,0.0,0.0,,,,0.0
2018-19,203925,Joe Harris,1610612751,BKN,76,41,35,30.2,0.5,1.3,0.402,1.4,0.4,0.8,0.45,0.534
2018-19,204060,Joe Ingles,1610612762,UTA,82,50,32,31.3,0.9,2.5,0.372,2.6,0.7,1.9,0.379,0.512
2018-19,203954,Joel Embiid,1610612755,PHI,64,43,21,33.7,1.4,4.0,0.358,3.0,0.2,0.7,0.277,0.384
2018-19,1628381,John Collins,1610612737,ATL,61,24,37,30.0,0.2,0.6,0.324,0.4,0.0,0.1,0.2,0.338
2018-19,203089,John Henson,1610612739,CLE,14,10,4,13.5,0.0,0.1,0.0,0.0,0.0,0.1,0.0,0.0
2018-19,204066,John Holland,1610612739,CLE,1,0,1,0.7,0.0,0.0,,0.0,,,,
2018-19,203098,John Jenkins,1610612752,NYK,26,8,18,12.8,0.8,1.9,0.42,1.9,0.3,0.5,0.538,0.49
2018-19,202322,John Wall,1610612764,WAS,32,11,21,34.5,2.0,6.2,0.33,4.5,0.4,2.0,0.206,0.363
2018-19,1628405,Johnathan Motley,1610612746,LAC,22,12,10,7.1,0.0,0.1,0.0,0.0,0.0,0.0,,0.0
2018-19,1629140,Johnathan Williams,1610612747,LAL,24,10,14,15.5,0.0,0.0,0.0,0.0,0.0,0.0,0.0,0.0
2018-19,202720,Jon Leuer,1610612765,DET,41,16,25,9.8,0.1,0.2,0.571,0.2,0.0,0.0,,0.571
2018-19,1628413,Jonah Bolden,1610612755,PHI,44,24,20,14.5,0.0,0.2,0.143,0.0,0.0,0.1,0.0,0.143
2018-19,201973,Jonas Jerebko,1610612744,GSW,73,52,21,16.7,0.1,0.4,0.259,0.2,0.0,0.2,0.182,0.296
2018-19,202685,Jonas Valanciunas,1610612763,MEM,49,31,18,22.3,0.3,0.7,0.361,0.6,0.0,0.0,0.5,0.375
2018-19,1628371,Jonathan Isaac,1610612753,ORL,75,37,38,26.6,0.4,1.2,0.337,0.9,0.0,0.2,0.143,0.348
2018-19,203613,Jonathon Simmons,1610612755,PHI,56,25,31,19.0,0.6,1.9,0.294,1.3,0.2,0.6,0.286,0.339
2018-19,1628395,Jordan Bell,1610612744,GSW,68,46,22,11.6,0.3,0.7,0.404,0.6,0.0,0.0,0.0,0.404
2018-19,203903,Jordan Clarkson,1610612739,CLE,81,18,63,27.3,2.1,5.4,0.39,4.9,0.7,2.5,0.272,0.453
2018-19,1628070,Jordan Loyd,1610612761,TOR,12,11,1,4.6,0.3,0.6,0.571,0.9,0.3,0.3,0.75,0.786
2018-19,203895,Jordan McRae,1610612764,WAS,27,9,18,12.3,1.0,2.3,0.452,2.3,0.2,0.6,0.333,0.492
2018-19,1626296,Jordan Sibert,1610612737,ATL,1,1,0,4.2,0.0,0.0,,0.0,0.0,0.0,,
2018-19,101181,Jose Calderon,1610612765,DET,49,22,27,12.9,0.5,1.3,0.397,1.1,0.1,0.4,0.167,0.421
2018-19,1628404,Josh Hart,1610612747,LAL,67,31,36,25.6,0.4,1.3,0.279,0.9,0.2,0.7,0.319,0.366
2018-19,1628367,Josh Jackson,1610612756,PHX,79,19,60,25.2,1.1,3.1,0.34,2.3,0.2,0.7,0.236,0.367
2018-19,1629006,Josh Okogie,1610612750,MIN,74,32,42,23.7,0.4,1.3,0.274,0.8,0.1,0.4,0.179,0.3
2018-19,1626196,Josh Richardson,1610612748,MIA,73,35,38,34.8,1.8,4.7,0.395,4.2,0.5,1.6,0.288,0.444
2018-19,201950,Jrue Holiday,1610612740,NOP,67,30,37,35.8,2.3,6.6,0.355,5.7,1.1,3.4,0.309,0.436
2018-19,1627823,Juancho Hernangomez,1610612743,DEN,70,44,26,19.4,0.0,0.1,0.3,0.1,0.0,0.1,0.167,0.35
2018-19,1627395,Julian Washburn,1610612763,MEM,18,7,11,14.1,0.3,1.0,0.278,0.6,0.0,0.2,0.0,0.278
2018-19,203944,Julius Randle,1610612740,NOP,73,31,42,30.6,0.6,1.8,0.338,1.4,0.2,0.6,0.289,0.388
2018-19,1626147,Justin Anderson,1610612737,ATL,48,17,31,9.7,0.1,0.5,0.261,0.3,0.1,0.3,0.308,0.348
2018-19,203200,Justin Holiday,1610612763,MEM,82,25,57,31.8,0.9,2.6,0.347,2.2,0.4,1.2,0.327,0.425
2018-19,1628382,Justin Jackson,1610612742,DAL,81,36,45,19.9,0.5,1.4,0.354,1.1,0.1,0.3,0.333,0.389
2018-19,1628383,Justin Patton,1610612755,PHI,3,2,1,6.9,0.0,0.0,,0.0,0.0,0.0,,
2018-19,1626159,Justise Winslow,1610612748,MIA,66,30,36,29.7,0.8,2.3,0.338,1.7,0.1,0.5,0.156,0.354
2018-19,203994,Jusuf Nurkic,1610612757,POR,72,45,27,27.4,0.1,0.4,0.346,0.3,0.0,0.0,0.0,0.346
2018-19,1628443,Kadeem Allen,1610612752,NYK,19,3,16,21.9,1.0,3.0,0.333,2.2,0.2,0.7,0.308,0.368
2018-19,203564,Kalin Lucas,1610612765,DET,1,0,1,5.6,0.0,1.0,0.0,0.0,0.0,1.0,0.0,0.0
2018-19,1626157,Karl-Anthony Towns,1610612750,MIN,77,34,43,33.0,0.4,1.3,0.31,0.9,0.1,0.4,0.313,0.36
2018-19,202695,Kawhi Leonard,1610612761,TOR,60,41,19,34.0,3.7,8.7,0.421,8.2,0.8,2.4,0.342,0.469
2018-19,1628966,Keita Bates-Diop,1610612750,MIN,30,10,20,16.8,0.2,0.8,0.208,0.3,0.0,0.1,0.0,0.208
2018-19,203482,Kelly Olynyk,1610612748,MIA,79,39,40,22.9,0.3,0.9,0.28,0.7,0.2,0.7,0.268,0.38
2018-19,1626162,Kelly Oubre Jr.,1610612756,PHX,69,21,48,28.0,0.8,2.0,0.407,1.9,0.3,1.0,0.343,0.496
2018-19,202689,Kemba Walker,1610612766,CHA,82,39,43,34.9,4.2,10.3,0.404,10.5,2.1,6.0,0.356,0.507
2018-19,202702,Kenneth Faried,1610612745,HOU,37,21,16,19.7,0.1,0.1,0.4,0.1,0.0,0.1,0.0,0.4
2018-19,1629026,Kenrich Williams,1610612740,NOP,46,17,29,23.5,0.3,1.0,0.304,0.8,0.2,0.6,0.31,0.402
2018-19,203145,Kent Bazemore,1610612737,ATL,67,24,43,24.5,1.1,3.3,0.318,2.5,0.4,1.6,0.259,0.381
2018-19,203484,Kentavious Caldwell-Pope,1610612747,LAL,82,37,45,24.8,0.9,2.5,0.359,2.1,0.3,1.1,0.277,0.422
2018-19,201142,Kevin Durant,1610612744,GSW,78,54,24,34.6,4.1,8.8,0.467,9.1,0.8,2.7,0.311,0.514
2018-19,1628989,Kevin Huerter,1610612737,ATL,75,27,48,27.3,0.9,2.5,0.364,2.4,0.6,1.6,0.38,0.487
2018-19,1628995,Kevin Knox II,1610612752,NYK,75,15,60,28.8,1.1,3.3,0.339,2.5,0.3,0.6,0.413,0.377
2018-19,201567,Kevin Love,1610612739,CLE,22,7,15,27.2,1.0,2.2,0.469,2.8,0.7,1.4,0.516,0.633
2018-19,1626172,Kevon Looney,1610612744,GSW,80,56,24,18.5,0.1,0.2,0.313,0.1,0.0,0.0,0.0,0.313
2018-19,203920,Khem Birch,1610612753,ORL,50,26,24,12.9,0.0,0.0,0.0,0.0,0.0,0.0,,0.0
2018-19,203114,Khris Middleton,1610612749,MIL,77,56,21,31.1,2.7,6.5,0.412,6.6,1.2,3.1,0.39,0.504
2018-19,1629017,Khyri Thomas,1610612765,DET,26,13,13,7.5,0.2,0.8,0.2,0.3,0.0,0.1,0.0,0.2
2018-19,202691,Klay Thompson,1610612744,GSW,78,55,23,34.0,2.6,5.8,0.44,5.7,0.6,1.4,0.409,0.49
2018-19,1628424,Kobi Simmons,1610612739,CLE,1,0,1,1.8,0.0,0.0,,0.0,,,,
2018-19,201585,Kosta Koufos,1610612758,SAC,42,21,21,11.9,0.2,0.4,0.467,0.3,,,,0.467
2018-19,1628961,Kostas Antetokounmpo,1610612742,DAL,2,1,1,5.3,0.0,0.0,,0.0,,,,
2018-19,1627739,Kris Dunn,1610612741,CHI,46,14,32,30.2,1.8,4.5,0.396,3.9,0.3,0.8,0.457,0.435
2018-19,203937,Kyle Anderson,1610612763,MEM,43,19,24,29.8,0.3,0.8,0.394,0.6,0.0,0.1,0.333,0.409
2018-19,2594,Kyle Korver,1610612762,UTA,70,39,31,19.1,0.8,2.1,0.392,2.2,0.5,1.2,0.419,0.514
2018-19,1628398,Kyle Kuzma,1610612747,LAL,70,33,37,33.1,0.9,2.4,0.369,2.0,0.2,1.0,0.224,0.414
2018-19,200768,Kyle Lowry,1610612761,TOR,65,47,18,34.1,1.4,4.3,0.331,3.6,0.8,2.6,0.292,0.421
2018-19,203124,Kyle O'Quinn,1610612754,IND,45,27,18,8.2,0.1,0.1,0.8,0.2,0.0,0.0,,0.8
2018-19,202681,Kyrie Irving,1610612738,BOS,67,37,30,33.0,3.4,7.7,0.446,7.9,1.1,3.0,0.355,0.516
2018-19,200746,LaMarcus Aldridge,1610612759,SAS,81,48,33,33.2,2.0,5.0,0.394,3.9,0.0,0.1,0.0,0.394
2018-19,202362,Lance Stephenson,1610612747,LAL,68,33,35,16.5,0.9,2.4,0.377,2.2,0.4,1.0,0.379,0.454
2018-19,202498,Lance Thomas,1610612752,NYK,46,7,39,17.0,0.3,0.7,0.424,0.6,0.0,0.0,0.0,0.424
2018-19,1629013,Landry Shamet,1610612746,LAC,79,51,28,22.8,0.7,1.8,0.39,1.8,0.4,1.0,0.407,0.507
2018-19,204038,Langston Galloway,1610612765,DET,80,41,39,21.8,0.6,1.5,0.414,1.4,0.2,0.4,0.406,0.47
2018-19,1626204,Larry Nance Jr.,1610612739,CLE,67,16,51,26.8,0.3,0.7,0.34,0.6,0.0,0.2,0.273,0.37
2018-19,1628374,Lauri Markkanen,1610612741,CHI,52,16,36,32.3,1.0,2.7,0.362,2.1,0.1,0.4,0.318,0.387
2018-19,2544,LeBron James,1610612747,LAL,55,28,27,35.2,2.7,7.4,0.36,6.6,1.3,3.9,0.33,0.446
2018-19,1629022,Lonnie Walker IV,1610612759,SAS,17,12,5,6.9,0.3,1.1,0.263,0.7,0.1,0.2,0.5,0.316
2018-19,1628366,Lonzo Ball,1610612747,LAL,47,25,22,30.3,0.8,2.6,0.303,2.1,0.5,1.6,0.324,0.402
2018-19,203485,Lorenzo Brown,1610612761,TOR,26,20,6,8.2,0.3,0.9,0.304,0.6,0.1,0.5,0.167,0.348
2018-19,101150,Lou Williams,1610612746,LAC,75,47,28,26.6,3.1,7.5,0.406,6.9,0.8,2.1,0.356,0.457
2018-19,201601,Luc Mbah a Moute,1610612746,LAC,4,2,2,15.3,0.3,0.8,0.333,0.5,0.0,0.5,0.0,0.333
2018-19,1629029,Luka Doncic,1610612742,DAL,72,28,44,32.2,2.7,7.8,0.34,7.0,1.7,5.3,0.314,0.445
2018-19,1628379,Luke Kennard,1610612765,DET,63,30,33,22.8,1.4,3.5,0.41,3.3,0.4,1.2,0.347,0.468
2018-19,1628436,Luke Kornet,1610612752,NYK,46,9,37,17.0,0.2,0.9,0.25,0.5,0.1,0.3,0.25,0.3
2018-19,2736,Luol Deng,1610612750,MIN,22,11,11,17.8,0.2,0.9,0.211,0.4,0.0,0.2,0.0,0.211
2018-19,1627781,Malachi Richardson,1610612761,TOR,22,16,6,4.7,0.1,0.3,0.286,0.3,0.1,0.2,0.4,0.429
2018-19,1627763,Malcolm Brogdon,1610612749,MIL,64,49,15,28.6,0.5,1.9,0.294,1.3,0.3,0.9,0.267,0.361
2018-19,1626259,Malcolm Miller,1610612761,TOR,10,9,1,6.7,0.1,0.2,0.5,0.2,0.0,0.1,0.0,0.5
2018-19,1627736,Malik Beasley,1610612743,DEN,81,53,28,23.2,0.9,2.2,0.385,2.0,0.3,0.9,0.306,0.447
2018-19,1628370,Malik Monk,1610612766,CHA,73,34,39,17.2,0.7,2.6,0.286,1.8,0.3,1.4,0.243,0.352
2018-19,202705,MarShon Brooks,1610612763,MEM,29,15,14,13.3,0.8,2.4,0.348,1.9,0.3,1.0,0.276,0.406
2018-19,201188,Marc Gasol,1610612761,TOR,79,39,40,30.8,0.5,1.4,0.33,0.9,0.0,0.1,0.0,0.33
2018-19,101162,Marcin Gortat,1610612746,LAC,47,25,22,16.0,0.0,0.1,0.333,0.1,,,,0.333
2018-19,201158,Marco Belinelli,1610612759,SAS,79,46,33,23.0,1.2,3.2,0.365,2.8,0.5,1.6,0.333,0.452
2018-19,1629094,Marcus Derrickson,1610612744,GSW,11,9,2,6.1,0.5,0.9,0.5,1.2,0.3,0.4,0.75,0.65
2018-19,202694,Marcus Morris Sr.,1610612738,BOS,75,44,31,27.9,1.3,3.5,0.368,2.8,0.3,0.9,0.323,0.408
2018-19,203935,Marcus Smart,1610612738,BOS,80,48,32,27.5,0.5,1.7,0.319,1.4,0.3,1.1,0.291,0.411
2018-19,1626209,Mario Hezonja,1610612752,NYK,58,12,46,20.8,0.8,2.1,0.397,1.8,0.2,0.7,0.268,0.442
2018-19,1628365,Markelle Fultz,1610612753,ORL,19,12,7,22.5,1.1,3.3,0.323,2.2,0.1,0.1,0.5,0.331
2018-19,202693,Markieff Morris,1610612760,OKC,58,24,34,21.9,0.3,1.1,0.258,0.6,0.0,0.1,0.167,0.266
2018-19,1627737,Marquese Chriss,1610612739,CLE,43,17,26,11.6,0.0,0.1,0.0,0.0,0.0,0.1,0.0,0.0
2018-19,1628963,Marvin Bagley III,1610612758,SAC,62,30,32,25.3,0.5,1.4,0.349,1.0,0.1,0.2,0.267,0.372
2018-19,101107,Marvin Williams,1610612766,CHA,75,35,40,28.4,0.3,0.8,0.339,0.6,0.0,0.2,0.154,0.356
2018-19,203486,Mason Plumlee,1610612743,DEN,82,54,28,21.1,0.1,0.4,0.31,0.2,0.0,0.0,0.0,0.31
2018-19,203521,Matthew Dellavedova,1610612739,CLE,48,20,28,16.9,0.5,1.7,0.313,1.3,0.2,0.9,0.262,0.38
2018-19,203090,Maurice Harkless,1610612757,POR,60,37,23,23.6,0.1,0.4,0.227,0.2,0.0,0.1,0.125,0.25
2018-19,1628467,Maxi Kleber,1610612742,DAL,71,30,41,21.2,0.2,0.5,0.444,0.5,0.0,0.1,0.429,0.486
2018-19,1628982,Melvin Frazier Jr.,1610612753,ORL,10,8,2,4.4,0.1,0.5,0.2,0.2,0.0,0.1,0.0,0.2
2018-19,203086,Meyers Leonard,1610612757,POR,61,35,26,14.4,0.1,0.3,0.474,0.3,0.0,0.1,0.4,0.526
2018-19,201563,Michael Beasley,1610612747,LAL,26,11,15,10.7,0.4,1.1,0.393,0.9,0.0,0.2,0.25,0.411
2018-19,203487,Michael Carter-Williams,1610612753,ORL,28,17,11,13.3,0.2,0.8,0.227,0.5,0.1,0.4,0.25,0.295
2018-19,203077,Michael Kidd-Gilchrist,1610612766,CHA,64,29,35,18.4,0.2,0.5,0.371,0.4,0.0,0.1,0.0,0.371
2018-19,1628969,Mikal Bridges,1610612756,PHX,82,19,63,29.5,0.3,0.9,0.351,0.8,0.2,0.4,0.361,0.435
2018-19,201144,Mike Conley,1610612763,MEM,70,30,40,33.5,2.9,7.5,0.379,6.9,1.1,3.4,0.339,0.455
2018-19,203488,Mike Muscala,1610612747,LAL,64,35,29,20.4,0.0,0.1,0.333,0.1,0.0,0.0,0.0,0.333
2018-19,203118,Mike Scott,1610612755,PHI,79,44,35,17.7,0.3,0.7,0.357,0.6,0.1,0.3,0.238,0.402
2018-19,1628970,Miles Bridges,1610612766,CHA,80,38,42,21.2,0.2,0.9,0.214,0.5,0.1,0.5,0.25,0.279
2018-19,203101,Miles Plumlee,1610612737,ATL,18,1,17,9.6,0.0,0.0,,0.0,,,,
2018-19,1628462,Milos Teodosic,1610612746,LAC,15,8,7,10.0,0.5,0.9,0.5,1.1,0.2,0.5,0.375,0.607
2018-19,1628249,Mitchell Creek,1610612750,MIN,5,1,4,9.4,0.0,0.2,0.0,0.0,0.0,0.0,,0.0
2018-19,1629011,Mitchell Robinson,1610612752,NYK,66,16,50,20.6,0.0,0.0,,0.0,,,,
2018-19,1628964,Mo Bamba,1610612753,ORL,47,19,28,16.3,0.1,0.3,0.231,0.1,0.0,0.0,0.0,0.231
2018-19,1628420,Monte Morris,1610612743,DEN,82,54,28,24.0,1.5,3.3,0.467,3.3,0.2,0.6,0.32,0.496
2018-19,1626149,Montrezl Harrell,1610612746,LAC,82,48,34,26.3,0.2,0.7,0.255,0.4,0.0,0.1,0.091,0.264
2018-19,1629021,Moritz Wagner,1610612747,LAL,43,15,28,10.4,0.1,0.3,0.333,0.2,0.0,0.1,0.25,0.375
2018-19,1626167,Myles Turner,1610612754,IND,74,43,31,28.6,0.4,0.8,0.419,0.8,0.1,0.1,0.556,0.46
2018-19,1628513,Naz Mitrou-Long,1610612762,UTA,14,9,5,6.0,0.1,0.5,0.286,0.4,0.1,0.5,0.286,0.429
2018-19,202357,Nemanja Bjelica,1610612758,SAC,77,38,39,23.2,0.3,0.7,0.357,0.7,0.2,0.4,0.414,0.464
2018-19,2403,Nene,1610612745,HOU,42,29,13,13.0,0.0,0.1,0.25,0.0,0.0,0.0,0.0,0.25
2018-19,203457,Nerlens Noel,1610612760,OKC,77,48,29,13.7,0.1,0.2,0.389,0.2,,,,0.389
2018-19,201156,Nick Young,1610612743,DEN,4,3,1,9.3,0.3,0.8,0.333,0.8,0.3,0.5,0.5,0.5
2018-19,201587,Nicolas Batum,1610612766,CHA,75,35,40,31.4,0.9,2.3,0.386,2.2,0.4,1.1,0.383,0.474
2018-19,203917,Nik Stauskas,1610612739,CLE,68,33,35,14.9,0.8,2.0,0.375,1.9,0.4,1.1,0.32,0.463
2018-19,203999,Nikola Jokic,1610612743,DEN,80,53,27,31.3,0.4,1.2,0.362,0.9,0.1,0.4,0.138,0.383
2018-19,202703,Nikola Mirotic,1610612749,MIL,46,24,22,27.1,0.7,2.3,0.299,1.7,0.3,1.0,0.261,0.355
2018-19,202696,Nikola Vucevic,1610612753,ORL,80,41,39,31.4,0.4,1.1,0.393,0.8,0.0,0.0,0.0,0.393
2018-19,203943,Noah Vonleh,1610612752,NYK,68,13,55,25.3,0.1,0.4,0.25,0.2,0.0,0.1,0.1,0.268
2018-19,1626181,Norman Powell,1610612761,TOR,60,45,15,18.8,0.4,1.3,0.282,0.9,0.2,0.7,0.308,0.359
2018-19,1628384,OG Anunoby,1610612761,TOR,67,46,21,20.2,0.1,0.5,0.258,0.3,0.0,0.3,0.158,0.306
2018-19,1627855,Okaro White,1610612764,WAS,3,2,1,2.1,0.0,0.0,,0.0,0.0,0.0,,
2018-19,1629016,Omari Spellman,1610612737,ATL,46,15,31,17.5,0.0,0.2,0.143,0.0,0.0,0.0,,0.143
2018-19,201956,Omri Casspi,1610612763,MEM,36,14,22,14.5,0.1,0.3,0.2,0.1,0.0,0.2,0.125,0.25
2018-19,203490,Otto Porter Jr.,1610612741,CHI,56,25,31,30.1,1.6,4.2,0.38,3.4,0.3,0.9,0.294,0.412
2018-19,200782,P.J. Tucker,1610612745,HOU,82,53,29,34.2,0.1,0.2,0.25,0.2,0.0,0.1,0.3,0.325
2018-19,1628408,PJ Dozier,1610612738,BOS,6,5,1,8.5,0.0,0.7,0.0,0.0,0.0,0.0,,0.0
2018-19,1627783,Pascal Siakam,1610612761,TOR,80,57,23,31.8,0.3,0.8,0.381,0.6,0.0,0.1,0.125,0.389
2018-19,1626192,Pat Connaughton,1610612749,MIL,61,43,18,20.7,0.2,0.5,0.452,0.6,0.1,0.3,0.412,0.565
2018-19,201976,Patrick Beverley,1610612746,LAC,78,48,30,27.4,0.5,1.2,0.375,1.2,0.3,0.8,0.385,0.505
2018-19,1627775,Patrick McCaw,1610612761,TOR,29,17,12,13.7,0.0,0.3,0.111,0.1,0.0,0.1,0.0,0.111
2018-19,202335,Patrick Patterson,1610612760,OKC,63,40,23,13.7,0.0,0.1,0.333,0.1,0.0,0.0,0.0,0.333
2018-19,201988,Patty Mills,1610612759,SAS,82,48,34,23.3,1.2,3.3,0.355,3.0,0.6,1.9,0.342,0.451
2018-19,2200,Pau Gasol,1610612749,MIL,30,17,13,12.0,0.1,0.2,0.286,0.1,0.0,0.0,,0.286
2018-19,202331,Paul George,1610612760,OKC,77,46,31,36.9,3.2,8.3,0.385,8.0,1.5,4.2,0.372,0.477
2018-19,200794,Paul Millsap,1610612743,DEN,70,49,21,27.1,0.5,1.6,0.336,1.1,0.1,0.3,0.238,0.359
2018-19,203112,Quincy Acy,1610612756,PHX,10,2,8,12.3,0.0,0.0,,0.0,0.0,0.0,,
2018-19,202347,Quincy Pondexter,1610612759,SAS,53,29,24,5.5,0.1,0.2,0.364,0.2,0.0,0.1,0.333,0.409
2018-19,1626188,Quinn Cook,1610612744,GSW,74,49,25,14.3,1.1,2.7,0.414,2.5,0.3,1.0,0.286,0.47
2018-19,1626154,RJ Hunter,1610612738,BOS,1,1,0,25.7,2.0,4.0,0.5,5.0,1.0,3.0,0.333,0.625
2018-19,200765,Rajon Rondo,1610612747,LAL,46,19,27,29.8,1.1,3.0,0.357,2.8,0.6,1.5,0.397,0.454
2018-19,203526,Raul Neto,1610612762,UTA,37,26,11,12.8,0.4,1.1,0.325,0.8,0.1,0.5,0.235,0.375
2018-19,1628959,Rawle Alkins,1610612741,CHI,10,3,7,12.0,0.0,0.6,0.0,0.0,0.0,0.4,0.0,0.0
2018-19,1629034,Ray Spalding,1610612756,PHX,14,3,11,10.5,0.0,0.0,,0.0,0.0,0.0,,
2018-19,101109,Raymond Felton,1610612760,OKC,33,19,14,11.5,0.7,1.9,0.387,1.5,0.1,0.5,0.176,0.411
2018-19,203493,Reggie Bullock Jr.,1610612747,LAL,63,27,36,29.8,0.7,1.9,0.388,1.7,0.2,0.8,0.313,0.45
2018-19,202704,Reggie Jackson,1610612765,DET,82,41,41,27.9,1.9,4.6,0.405,4.3,0.5,1.7,0.305,0.462
2018-19,1626158,Richaun Holmes,1610612756,PHX,70,16,54,16.9,0.1,0.1,0.5,0.1,,,,0.5
2018-19,201937,Ricky Rubio,1610612762,UTA,68,40,28,27.9,1.5,4.3,0.356,3.3,0.3,1.0,0.273,0.388
2018-19,203496,Robert Covington,1610612750,MIN,35,20,15,34.4,0.5,1.7,0.3,1.3,0.3,0.9,0.281,0.375
2018-19,1629057,Robert Williams III,1610612738,BOS,32,18,14,8.8,0.0,0.0,,0.0,,,,
2018-19,201577,Robin Lopez,1610612741,CHI,74,20,54,21.7,0.1,0.2,0.375,0.2,0.0,0.0,,0.375
2018-19,1629066,Rodions Kurucs,1610612751,BKN,63,36,27,20.5,0.1,0.4,0.292,0.3,0.1,0.2,0.286,0.375
2018-19,203918,Rodney Hood,1610612757,POR,72,29,43,26.3,1.8,4.3,0.423,4.1,0.4,1.2,0.36,0.474
2018-19,203585,Rodney McGruder,1610612746,LAC,66,31,35,23.5,0.4,1.0,0.375,0.9,0.2,0.5,0.286,0.453
2018-19,1627758,Ron Baker,1610612764,WAS,15,4,11,10.1,0.1,0.3,0.2,0.1,0.0,0.2,0.0,0.2
2018-19,1626178,Rondae Hollis-Jefferson,1610612751,BKN,59,27,32,20.9,0.3,1.0,0.295,0.6,0.0,0.1,0.0,0.295
2018-19,1626220,Royce O'Neale,1610612762,UTA,82,50,32,20.4,0.1,0.4,0.207,0.2,0.0,0.2,0.176,0.259
2018-19,200752,Rudy Gay,1610612759,SAS,69,42,27,26.7,1.9,3.7,0.525,4.1,0.2,0.4,0.483,0.553
2018-19,203497,Rudy Gobert,1610612762,UTA,81,50,31,31.8,0.0,0.0,0.0,0.0,,,,0.0
2018-19,201566,Russell Westbrook,1610612760,OKC,73,44,29,36.0,2.6,8.4,0.314,6.0,0.8,2.9,0.264,0.36
2018-19,201583,Ryan Anderson,1610612748,MIA,25,7,18,12.9,0.2,0.7,0.294,0.4,0.0,0.1,0.0,0.294
2018-19,1627853,Ryan Arcidiacono,1610612741,CHI,81,22,59,24.2,0.7,1.6,0.398,1.5,0.2,0.7,0.241,0.447
2018-19,1629151,Ryan Broekhoff,1610612742,DAL,42,15,27,10.8,0.2,0.4,0.467,0.4,0.1,0.2,0.5,0.6
2018-19,1626257,Salah Mejri,1610612742,DAL,36,13,23,11.1,0.1,0.1,0.5,0.2,0.1,0.1,0.5,0.75
2018-19,1626155,Sam Dekker,1610612764,WAS,47,14,33,16.8,0.2,0.6,0.31,0.4,0.1,0.3,0.231,0.362
2018-19,203159,Scott Machado,1610612747,LAL,4,3,1,4.8,0.3,0.5,0.5,0.8,0.3,0.3,1.0,0.75
2018-19,1628400,Semi Ojeleye,1610612738,BOS,56,39,17,10.6,0.1,0.4,0.2,0.2,0.0,0.2,0.111,0.225
2018-19,201586,Serge Ibaka,1610612761,TOR,74,53,21,27.2,0.4,0.9,0.394,0.7,0.0,0.1,0.2,0.402
2018-19,203552,Seth Curry,1610612757,POR,74,49,25,18.9,1.2,2.9,0.411,2.9,0.5,1.3,0.376,0.493
2018-19,203894,Shabazz Napier,1610612751,BKN,56,26,30,17.6,1.3,3.7,0.361,3.5,0.8,2.3,0.336,0.466
2018-19,1628983,Shai Gilgeous-Alexander,1610612746,LAC,82,48,34,26.5,1.4,3.3,0.423,2.9,0.1,0.3,0.318,0.436
2018-19,1629003,Shake Milton,1610612755,PHI,20,10,10,13.4,0.4,0.9,0.444,0.9,0.1,0.2,0.25,0.472
2018-19,1627885,Shaquille Harrison,1610612741,CHI,73,20,53,19.6,0.1,0.7,0.192,0.3,0.0,0.2,0.188,0.221
2018-19,2733,Shaun Livingston,1610612744,GSW,64,45,19,15.1,0.6,1.4,0.4,1.1,0.0,0.0,,0.4
2018-19,202714,Shelvin Mack,1610612766,CHA,57,22,35,21.9,1.0,2.9,0.333,2.4,0.5,1.2,0.38,0.415
2018-19,1628414,Sindarius Thornwell,1610612746,LAC,64,37,27,4.9,0.0,0.0,0.0,0.0,0.0,0.0,,0.0
2018-19,1627746,Skal Labissiere,1610612757,POR,22,12,10,8.0,0.2,0.3,0.571,0.5,0.1,0.2,0.5,0.714
2018-19,203524,Solomon Hill,1610612740,NOP,44,14,30,20.0,0.1,0.4,0.294,0.3,0.0,0.1,0.25,0.324
2018-19,203915,Spencer Dinwiddie,1610612751,BKN,68,36,32,28.1,1.5,4.3,0.337,3.9,1.0,3.2,0.313,0.452
2018-19,1626169,Stanley Johnson,1610612740,NOP,66,28,38,18.3,0.4,1.2,0.304,0.8,0.1,0.5,0.222,0.354
2018-19,201939,Stephen Curry,1610612744,GSW,69,52,17,33.8,3.1,7.3,0.424,8.3,2.0,4.9,0.415,0.562
2018-19,1628425,Sterling Brown,1610612749,MIL,58,45,13,17.8,0.2,0.8,0.318,0.6,0.1,0.5,0.286,0.409
2018-19,203500,Steven Adams,1610612760,OKC,80,47,33,33.4,0.1,0.2,0.467,0.2,0.0,0.0,,0.467
2018-19,1629004,Svi Mykhailiuk,1610612765,DET,42,19,23,10.5,0.2,0.7,0.286,0.5,0.1,0.2,0.3,0.339
2018-19,1628388,T.J. Leaf,1610612754,IND,58,35,23,9.0,0.1,0.2,0.25,0.1,0.0,0.0,,0.25
2018-19,204456,T.J. McConnell,1610612755,PHI,76,46,30,19.3,1.3,2.7,0.473,2.6,0.0,0.1,0.0,0.473
2018-19,203933,T.J. Warren,1610612756,PHX,43,10,33,31.6,1.2,3.5,0.353,2.7,0.2,0.6,0.36,0.383
2018-19,1628769,Tahjere McCall,1610612751,BKN,1,0,1,8.0,0.0,0.0,,0.0,0.0,0.0,,
2018-19,201959,Taj Gibson,1610612750,MIN,70,32,38,24.1,0.2,0.3,0.522,0.3,0.0,0.0,0.0,0.522
2018-19,1627752,Taurean Prince,1610612737,ATL,55,19,36,28.2,1.4,3.7,0.374,3.4,0.6,1.9,0.321,0.458
2018-19,1628390,Terrance Ferguson,1610612760,OKC,74,44,30,26.1,0.1,0.5,0.167,0.2,0.0,0.2,0.167,0.194
2018-19,203093,Terrence Jones,1610612745,HOU,2,2,0,2.6,0.0,0.0,,0.0,0.0,0.0,,
2018-19,203082,Terrence Ross,1610612753,ORL,81,42,39,26.5,2.0,4.9,0.401,4.7,0.8,2.1,0.384,0.485
2018-19,1626179,Terry Rozier,1610612738,BOS,79,47,32,22.7,1.1,3.2,0.329,2.6,0.5,1.6,0.32,0.408
2018-19,200757,Thabo Sefolosha,1610612762,UTA,50,28,22,12.2,0.2,0.4,0.429,0.4,0.1,0.2,0.5,0.524
2018-19,201152,Thaddeus Young,1610612754,IND,81,47,34,30.7,0.1,0.5,0.175,0.2,0.0,0.1,0.167,0.188
2018-19,1629033,Theo Pinson,1610612751,BKN,18,7,11,11.7,0.3,1.2,0.227,0.8,0.2,1.0,0.222,0.318
2018-19,1628418,Thomas Bryant,1610612764,WAS,72,29,43,20.8,0.1,0.3,0.348,0.2,0.0,0.1,0.0,0.348
2018-19,1629118,Thomas Welsh,1610612743,DEN,11,8,3,3.3,0.0,0.1,0.0,0.0,0.0,0.0,,0.0
2018-19,1627748,Thon Maker,1610612765,DET,64,44,20,15.2,0.0,0.2,0.2,0.1,0.0,0.1,0.143,0.233
2018-19,204025,Tim Frazier,1610612749,MIL,59,27,32,19.0,0.5,1.5,0.344,1.2,0.2,0.6,0.25,0.394
2018-19,203501,Tim Hardaway Jr.,1610612742,DAL,65,14,51,31.6,2.4,6.1,0.391,5.8,1.0,2.8,0.372,0.476
2018-19,1627789,Timothe Luwawu-Cabarrot,1610612741,CHI,50,25,25,13.4,0.1,0.6,0.241,0.3,0.0,0.1,0.0,0.241
2018-19,202699,Tobias Harris,1610612755,PHI,82,46,36,34.7,2.2,5.0,0.444,5.0,0.5,1.3,0.413,0.496
2018-19,203107,Tomas Satoransky,1610612764,WAS,80,32,48,27.0,0.5,1.4,0.348,1.0,0.0,0.2,0.231,0.362
2018-19,1628396,Tony Bradley,1610612762,UTA,3,2,1,12.0,0.0,0.0,,0.0,,,,
2018-19,2225,Tony Parker,1610612766,CHA,56,30,26,17.9,1.4,3.3,0.434,2.8,0.0,0.1,0.0,0.434
2018-19,203503,Tony Snell,1610612749,MIL,74,55,19,17.6,0.2,0.6,0.302,0.4,0.1,0.2,0.357,0.36
2018-19,1628470,Torrey Craig,1610612743,DEN,75,50,25,20.0,0.1,0.3,0.346,0.3,0.1,0.1,0.5,0.423
2018-19,1629027,Trae Young,1610612737,ATL,81,29,52,30.9,2.6,7.3,0.353,6.5,1.3,4.2,0.311,0.443
2018-19,1626203,Treveon Graham,1610612751,BKN,35,19,16,20.4,0.2,0.7,0.292,0.4,0.0,0.1,0.0,0.292
2018-19,1628979,Trevon Duval,1610612745,HOU,3,2,1,1.9,0.0,0.3,0.0,0.0,0.0,0.0,,0.0
2018-19,2772,Trevor Ariza,1610612764,WAS,69,22,47,34.0,0.6,1.9,0.318,1.6,0.4,1.3,0.3,0.422
2018-19,203504,Trey Burke,1610612742,DAL,58,16,42,19.4,1.7,4.2,0.404,3.9,0.4,1.2,0.366,0.457
2018-19,1626168,Trey Lyles,1610612743,DEN,64,42,22,17.5,0.4,1.2,0.295,0.8,0.0,0.3,0.176,0.314
2018-19,202684,Tristan Thompson,1610612739,CLE,43,8,35,27.9,0.2,0.5,0.45,0.4,,,,0.45
2018-19,1628972,Troy Brown Jr.,1610612764,WAS,52,20,32,14.0,0.3,1.1,0.321,0.8,0.1,0.2,0.273,0.348
2018-19,1628505,Troy Caupain,1610612753,ORL,4,3,1,3.9,0.8,1.3,0.6,1.8,0.3,0.3,1.0,0.7
2018-19,203584,Troy Daniels,1610612756,PHX,51,13,38,14.9,0.9,1.9,0.455,2.3,0.5,1.1,0.439,0.581
2018-19,1627786,Troy Williams,1610612758,SAC,21,7,14,14.9,0.0,0.3,0.143,0.1,0.0,0.1,0.0,0.143
2018-19,1628463,Tyler Cavanaugh,1610612762,UTA,11,7,4,3.6,0.0,0.1,0.0,0.0,0.0,0.0,,0.0
2018-19,1629093,Tyler Davis,1610612760,OKC,1,1,0,0.9,0.0,0.0,,0.0,,,,
2018-19,1628416,Tyler Dorsey,1610612763,MEM,48,11,37,14.5,0.5,1.5,0.324,1.2,0.2,0.8,0.278,0.392
2018-19,204020,Tyler Johnson,1610612756,PHX,57,26,31,26.8,0.4,1.5,0.291,1.0,0.1,0.3,0.353,0.326
2018-19,1628399,Tyler Lydon,1610612743,DEN,25,20,5,3.7,0.0,0.0,,0.0,0.0,0.0,,
2018-19,1627755,Tyler Ulis,1610612741,CHI,1,0,1,0.8,0.0,0.0,,0.0,,,,
2018-19,203092,Tyler Zeller,1610612763,MEM,6,3,3,15.5,0.2,0.2,1.0,0.3,0.0,0.0,,1.0
2018-19,201936,Tyreke Evans,1610612754,IND,69,41,28,20.3,0.9,2.8,0.321,2.2,0.5,1.4,0.333,0.408
2018-19,1627820,Tyrone Wallace,1610612746,LAC,62,34,28,10.1,0.2,0.6,0.405,0.5,0.0,0.0,0.0,0.405
2018-19,2199,Tyson Chandler,1610612747,LAL,55,26,29,15.9,0.0,0.0,,0.0,0.0,0.0,,
2018-19,1626145,Tyus Jones,1610612750,MIN,68,29,39,22.9,1.0,2.9,0.35,2.3,0.2,0.9,0.259,0.388
2018-19,2617,Udonis Haslem,1610612748,MIA,10,8,2,7.5,0.2,0.5,0.4,0.4,0.0,0.2,0.0,0.4
2018-19,203506,Victor Oladipo,1610612754,IND,36,25,11,31.9,3.3,8.4,0.386,7.5,1.0,3.3,0.297,0.444
2018-19,1713,Vince Carter,1610612737,ATL,76,25,51,17.5,0.4,1.1,0.356,1.1,0.3,0.7,0.365,0.466
2018-19,1629053,Vincent Edwards,1610612745,HOU,2,1,1,7.9,0.0,0.0,,0.0,0.0,0.0,,
2018-19,1627735,Wade Baldwin IV,1610612757,POR,16,10,6,5.9,0.3,0.8,0.385,0.8,0.1,0.4,0.333,0.462
2018-19,1627215,Walt Lemon Jr.,1610612741,CHI,6,1,5,27.9,1.3,3.8,0.348,2.7,0.0,0.0,,0.348
2018-19,201961,Wayne Ellington,1610612765,DET,53,26,27,24.5,1.0,2.5,0.389,2.8,0.8,2.2,0.381,0.561
2018-19,1627782,Wayne Selden,1610612741,CHI,75,27,48,19.2,0.8,1.9,0.407,1.7,0.1,0.4,0.313,0.443
2018-19,1628976,Wendell Carter Jr.,1610612741,CHI,44,10,34,25.2,0.2,0.8,0.242,0.4,0.0,0.1,0.0,0.242
2018-19,1628411,Wes Iwundu,1610612753,ORL,68,36,32,18.1,0.3,0.9,0.328,0.6,0.0,0.1,0.333,0.344
2018-19,202325,Wesley Johnson,1610612764,WAS,38,17,21,14.1,0.4,1.2,0.386,1.1,0.2,0.4,0.5,0.477
2018-19,202083,Wesley Matthews,1610612754,IND,69,27,42,30.3,1.1,3.3,0.32,2.6,0.4,1.5,0.283,0.386
2018-19,203115,Will Barton,1610612743,DEN,43,27,16,27.7,1.2,3.6,0.321,2.8,0.5,1.7,0.274,0.385
2018-19,1626161,Willie Cauley-Stein,1610612758,SAC,81,39,42,27.3,0.2,0.6,0.362,0.4,0.0,0.0,0.0,0.362
2018-19,1626195,Willy Hernangomez,1610612766,CHA,58,31,27,14.0,0.1,0.1,0.429,0.1,0.0,0.0,1.0,0.5
2018-19,201163,Wilson Chandler,1610612746,LAC,51,35,16,23.1,0.2,0.7,0.316,0.5,0.0,0.2,0.25,0.342
2018-19,1628999,Yante Maten,1610612748,MIA,2,1,1,6.5,0.5,0.5,1.0,1.0,0.0,0.0,,1.0
2018-19,1627812,Yogi Ferrell,1610612758,SAC,71,33,38,15.0,1.0,2.3,0.422,2.3,0.3,0.9,0.349,0.488
2018-19,1629139,Yuta Watanabe,1610612763,MEM,15,5,10,11.6,0.2,1.2,0.167,0.4,0.0,0.1,0.0,0.167
2018-19,1628380,Zach Collins,1610612757,POR,77,51,26,17.6,0.1,0.3,0.269,0.2,0.1,0.1,0.8,0.346
2018-19,203897,Zach LaVine,1610612741,CHI,63,16,47,34.5,2.3,6.4,0.357,5.7,1.1,3.1,0.369,0.447
2018-19,1629155,Zach Lofton,1610612765,DET,1,1,0,3.8,0.0,0.0,,0.0,0.0,0.0,,
2018-19,2585,Zaza Pachulia,1610612765,DET,68,35,33,12.9,0.1,0.2,0.308,0.1,0.0,0.0,0.0,0.308
2018-19,1629015,Zhaire Smith,1610612755,PHI,6,2,4,18.4,0.5,1.3,0.375,1.3,0.3,0.7,0.5,0.5
2018-19,1627753,Zhou Qi,1610612745,HOU,1,0,1,1.0,0.0,0.0,,0.0,,,,
2017-18,201166,Aaron Brooks,1610612750,MIN,32,19,13,5.9,0.4,1.0,0.387,0.8,0.1,0.5,0.188,0.435
2017-18,203932,Aaron Gordon,1610612753,ORL,58,19,39,32.9,1.3,4.4,0.295,3.0,0.4,1.8,0.219,0.341
2017-18,1626151,Aaron Harrison,1610612742,DAL,9,2,7,25.9,0.6,2.3,0.238,1.2,0.1,0.7,0.167,0.262
2017-18,1628935,Aaron Jackson,1610612745,HOU,1,0,1,34.5,1.0,2.0,0.5,3.0,1.0,2.0,0.5,0.75
2017-18,1627846,Abdel Nader,1610612738,BOS,48,33,15,10.9,0.1,0.3,0.25,0.1,0.0,0.0,1.0,0.292
2017-18,203940,Adreian Payne,1610612753,ORL,5,0,5,8.5,0.2,0.4,0.5,0.4,0.0,0.0,,0.5
2017-18,201143,Al Horford,1610612738,BOS,72,47,25,31.6,0.6,1.5,0.37,1.2,0.1,0.1,0.833,0.394
2017-18,2744,Al Jefferson,1610612754,IND,36,17,19,13.4,0.2,0.4,0.5,0.4,0.0,0.0,,0.5
2017-18,202329,Al-Farouq Aminu,1610612757,POR,69,40,29,30.0,0.2,1.0,0.209,0.5,0.1,0.4,0.36,0.276
2017-18,1626210,Alan Williams,1610612756,PHX,5,1,4,14.1,0.0,0.2,0.0,0.0,,,,0.0
2017-18,202692,Alec Burks,1610612762,UTA,64,37,27,16.5,0.9,2.3,0.367,2.1,0.4,1.1,0.353,0.447
2017-18,1628409,Alec Peters,1610612756,PHX,20,2,18,11.2,0.1,0.3,0.4,0.3,0.1,0.2,0.333,0.5
2017-18,203518,Alex Abrines,1610612760,OKC,75,42,33,15.1,0.1,0.3,0.286,0.2,0.0,0.1,0.091,0.31
2017-18,1627936,Alex Caruso,1610612747,LAL,37,16,21,15.2,0.3,1.0,0.289,0.8,0.2,0.5,0.3,0.368
2017-18,203458,Alex Len,1610612756,PHX,69,20,49,20.2,0.0,0.0,0.0,0.0,0.0,0.0,,0.0
2017-18,1627816,Alex Poythress,1610612754,IND,25,10,15,4.2,0.0,0.0,,0.0,0.0,0.0,,
2017-18,1628035,Alfonzo McKinnie,1610612761,TOR,14,13,1,3.8,0.1,0.1,1.0,0.4,0.1,0.1,1.0,1.25
2017-18,203459,Allen Crabbe,1610612751,BKN,75,25,50,29.3,0.9,2.7,0.323,2.0,0.2,1.0,0.247,0.368
2017-18,101161,Amir Johnson,1610612755,PHI,74,47,27,15.8,0.0,0.1,0.333,0.1,0.0,0.0,0.0,0.333
2017-18,203083,Andre Drummond,1610612765,DET,78,37,41,33.7,0.1,0.4,0.242,0.2,0.0,0.1,0.0,0.242
2017-18,2738,Andre Iguodala,1610612744,GSW,64,46,18,25.4,0.4,1.1,0.356,1.0,0.2,0.5,0.379,0.432
2017-18,201281,Andre Ingram,1610612747,LAL,2,1,1,32.1,1.5,3.5,0.429,3.0,0.0,0.5,0.0,0.429
2017-18,203460,Andre Roberson,1610612760,OKC,39,24,15,26.6,0.0,0.0,0.0,0.0,0.0,0.0,0.0,0.0
2017-18,101106,Andrew Bogut,1610612747,LAL,24,7,17,9.0,0.0,0.0,0.0,0.0,,,,0.0
2017-18,1626150,Andrew Harrison,1610612763,MEM,56,17,39,23.7,1.0,2.8,0.354,2.3,0.3,0.9,0.346,0.411
2017-18,1628510,Andrew White III,1610612737,ATL,15,1,14,13.9,0.3,0.7,0.4,0.7,0.1,0.2,0.667,0.5
2017-18,203952,Andrew Wiggins,1610612750,MIN,82,47,35,36.3,1.9,5.7,0.323,4.0,0.2,0.9,0.26,0.345
2017-18,1627790,Ante Zizic,1610612739,CLE,32,21,11,6.7,0.0,0.0,0.0,0.0,,,,0.0
2017-18,1626148,Anthony Brown,1610612750,MIN,1,0,1,3.7,0.0,0.0,,0.0,0.0,0.0,,
2017-18,203076,Anthony Davis,1610612740,NOP,75,45,30,36.4,1.8,4.7,0.388,3.8,0.1,0.2,0.444,0.399
2017-18,201229,Anthony Tolliver,1610612765,DET,79,37,42,22.2,0.1,0.2,0.375,0.2,0.0,0.1,0.222,0.438
2017-18,1628469,Antonio Blakeney,1610612741,CHI,19,3,16,16.5,1.2,3.2,0.361,2.6,0.3,1.0,0.263,0.402
2017-18,1628499,Antonius Cleveland,1610612737,ATL,17,7,10,7.2,0.2,0.5,0.375,0.4,0.1,0.1,1.0,0.438
2017-18,203382,Aron Baynes,1610612738,BOS,81,54,27,18.3,0.0,0.2,0.286,0.1,0.0,0.0,,0.286
2017-18,201167,Arron Afflalo,1610612753,ORL,53,16,37,12.9,0.4,1.0,0.404,0.8,0.0,0.2,0.2,0.423
2017-18,203085,Austin Rivers,1610612746,LAC,61,30,31,33.7,1.6,4.3,0.379,4.4,1.2,3.1,0.38,0.519
2017-18,202340,Avery Bradley,1610612746,LAC,46,22,24,31.2,1.3,3.4,0.374,2.7,0.2,0.7,0.267,0.4
2017-18,1628389,Bam Adebayo,1610612748,MIA,69,34,35,19.8,0.0,0.2,0.167,0.1,0.0,0.0,0.0,0.167
2017-18,203463,Ben McLemore,1610612763,MEM,56,7,49,19.5,0.6,1.5,0.388,1.3,0.1,0.6,0.222,0.435
2017-18,1628500,Ben Moore,1610612754,IND,2,1,1,4.6,0.0,0.0,,0.0,,,,
2017-18,1627732,Ben Simmons,1610612755,PHI,81,51,30,33.7,0.8,2.4,0.33,1.6,0.0,0.0,0.0,0.33
2017-18,202687,Bismack Biyombo,1610612753,ORL,82,25,57,18.2,0.0,0.1,0.125,0.0,,,,0.125
2017-18,201933,Blake Griffin,1610612765,DET,58,28,30,34.0,1.2,4.3,0.291,3.2,0.7,2.3,0.321,0.377
2017-18,1626246,Boban Marjanovic,1610612746,LAC,39,18,21,8.7,0.1,0.2,0.333,0.1,,,,0.333
2017-18,201628,Bobby Brown,1610612745,HOU,20,17,3,5.7,0.6,1.9,0.324,1.6,0.4,1.4,0.296,0.432
2017-18,1626171,Bobby Portis,1610612741,CHI,73,25,48,22.5,0.5,1.2,0.442,1.1,0.0,0.1,0.286,0.453
2017-18,203992,Bogdan Bogdanovic,1610612758,SAC,78,26,52,27.9,1.7,3.8,0.439,3.9,0.5,1.4,0.393,0.51
2017-18,202711,Bojan Bogdanovic,1610612754,IND,80,47,33,30.8,0.9,2.0,0.441,2.1,0.3,0.6,0.431,0.509
2017-18,203078,Bradley Beal,1610612764,WAS,82,43,39,36.3,3.1,7.7,0.404,7.0,0.7,2.4,0.3,0.452
2017-18,201148,Brandan Wright,1610612745,HOU,28,11,17,13.6,0.0,0.1,0.0,0.0,,,,0.0
2017-18,1627742,Brandon Ingram,1610612747,LAL,59,27,32,33.5,1.5,3.9,0.386,3.1,0.1,0.2,0.4,0.395
2017-18,201943,Brandon Jennings,1610612749,MIL,14,8,6,14.7,1.1,2.3,0.469,2.5,0.4,0.9,0.417,0.547
2017-18,203464,Brandon Paul,1610612759,SAS,64,38,26,9.0,0.0,0.3,0.059,0.0,0.0,0.1,0.0,0.059
2017-18,1627362,Briante Weber,1610612763,MEM,18,8,10,13.1,0.4,0.9,0.471,1.1,0.2,0.4,0.375,0.559
2017-18,1627744,Brice Johnson,1610612763,MEM,18,2,16,5.4,0.1,0.2,0.25,0.1,0.0,0.0,,0.25
2017-18,201572,Brook Lopez,1610612747,LAL,74,34,40,23.4,0.5,1.3,0.368,1.0,0.0,0.1,0.375,0.384
2017-18,203998,Bruno Caboclo,1610612758,SAC,12,4,8,8.9,0.0,0.0,,0.0,0.0,0.0,,
2017-18,1627854,Bryn Forbes,1610612759,SAS,80,46,34,19.0,0.9,2.0,0.459,2.0,0.2,0.4,0.419,0.5
2017-18,1627741,Buddy Hield,1610612758,SAC,80,27,53,25.3,2.0,5.2,0.379,4.7,0.8,2.1,0.359,0.451
2017-18,203710,C.J. Williams,1610612746,LAC,38,17,21,18.6,0.6,1.6,0.383,1.4,0.2,0.6,0.348,0.45
2017-18,203468,CJ McCollum,1610612757,POR,81,48,33,36.1,3.9,9.1,0.428,8.9,1.1,3.0,0.372,0.488
2017-18,101139,CJ Miles,1610612761,TOR,70,50,20,19.1,0.5,1.3,0.352,1.2,0.3,0.8,0.377,0.462
2017-18,1628403,Caleb Swanigan,1610612757,POR,27,16,11,7.0,0.0,0.2,0.0,0.0,0.0,0.0,,0.0
2017-18,1626166,Cameron Payne,1610612741,CHI,25,7,18,23.3,1.2,3.7,0.337,3.1,0.6,2.0,0.327,0.424
2017-18,1627747,Caris LeVert,1610612751,BKN,71,25,46,26.2,0.9,2.8,0.318,2.2,0.4,1.3,0.315,0.389
2017-18,2546,Carmelo Anthony,1610612760,OKC,78,46,32,32.1,2.2,5.4,0.398,4.6,0.3,1.0,0.293,0.424
2017-18,1626224,Cedi Osman,1610612739,CLE,61,35,26,11.0,0.3,0.7,0.429,0.6,0.0,0.1,0.333,0.464
2017-18,202718,Chandler Parsons,1610612763,MEM,36,12,24,19.2,1.1,2.4,0.448,2.6,0.4,1.0,0.405,0.534
2017-18,101112,Channing Frye,1610612747,LAL,53,28,25,13.1,0.2,0.4,0.565,0.5,0.0,0.1,0.286,0.609
2017-18,1628429,Charles Cooke,1610612740,NOP,13,8,5,2.9,0.0,0.3,0.0,0.0,0.0,0.2,0.0,0.0
2017-18,1627767,Cheick Diallo,1610612740,NOP,52,29,23,11.2,0.1,0.3,0.4,0.2,,,,0.4
2017-18,1627778,Chinanu Onuaku,1610612745,HOU,1,0,1,21.6,0.0,0.0,,0.0,,,,
2017-18,1628449,Chris Boucher,1610612744,GSW,1,1,0,1.3,0.0,0.0,,0.0,0.0,0.0,,
2017-18,1626191,Chris McCullough,1610612764,WAS,19,11,8,4.7,0.2,0.3,0.6,0.3,0.0,0.0,,0.6
2017-18,101108,Chris Paul,1610612745,HOU,58,50,8,31.8,4.4,9.7,0.448,10.7,2.0,5.3,0.381,0.551
2017-18,203991,Clint Capela,1610612745,HOU,74,62,12,27.5,0.0,0.0,0.0,0.0,,,,0.0
2017-18,203469,Cody Zeller,1610612766,CHA,33,14,19,19.0,0.1,0.2,0.6,0.2,0.0,0.0,,0.6
2017-18,202332,Cole Aldrich,1610612750,MIN,21,14,7,2.3,0.0,0.0,,0.0,,,,
2017-18,201147,Corey Brewer,1610612760,OKC,72,32,40,16.8,0.1,0.3,0.238,0.1,0.0,0.1,0.0,0.238
2017-18,202709,Cory Joseph,1610612754,IND,82,48,34,27.0,1.4,3.2,0.424,2.8,0.1,0.4,0.229,0.439
2017-18,201584,Courtney Lee,1610612752,NYK,76,27,49,30.4,1.6,3.8,0.404,3.4,0.3,0.8,0.361,0.442
2017-18,1626245,Cristiano Felicio,1610612741,CHI,55,13,42,17.8,0.1,0.1,0.429,0.1,0.0,0.0,,0.429
2017-18,1626156,D'Angelo Russell,1610612751,BKN,48,16,32,25.7,2.2,5.7,0.382,5.1,0.7,2.5,0.292,0.445
2017-18,201571,D.J. Augustin,1610612753,ORL,75,23,52,23.5,1.0,2.2,0.444,2.5,0.6,1.5,0.416,0.59
2017-18,1628391,D.J. Wilson,1610612749,MIL,22,12,10,3.2,0.0,0.1,0.0,0.0,0.0,0.0,,0.0
2017-18,1626177,Dakari Johnson,1610612760,OKC,31,21,10,5.2,0.0,0.1,0.5,0.1,,,,0.5
2017-18,1627745,Damian Jones,1610612744,GSW,15,7,8,5.9,0.0,0.1,0.0,0.0,,,,0.0
2017-18,203081,Damian Lillard,1610612757,POR,73,44,29,36.6,3.5,8.8,0.396,8.9,2.0,5.4,0.366,0.508
2017-18,2863,Damien Wilkins,1610612754,IND,19,10,9,8.0,0.2,0.5,0.3,0.3,0.0,0.1,0.0,0.3
2017-18,1627814,Damion Lee,1610612737,ATL,15,4,11,27.0,0.7,2.1,0.323,1.4,0.1,0.7,0.091,0.339
2017-18,1628422,Damyean Dotson,1610612752,NYK,44,11,33,10.8,0.5,1.0,0.533,1.2,0.1,0.4,0.235,0.578
2017-18,1627772,Daniel Hamilton,1610612760,OKC,6,5,1,4.6,0.3,0.7,0.5,0.8,0.2,0.3,0.5,0.625
2017-18,1628464,Daniel Theis,1610612738,BOS,63,44,19,14.9,0.1,0.2,0.583,0.2,0.0,0.0,1.0,0.625
2017-18,201568,Danilo Gallinari,1610612746,LAC,21,11,10,32.0,1.1,3.1,0.354,2.6,0.4,1.0,0.381,0.415
2017-18,201980,Danny Green,1610612759,SAS,70,40,30,25.6,0.6,1.8,0.35,1.4,0.2,0.7,0.298,0.407
2017-18,201967,Dante Cunningham,1610612751,BKN,73,34,39,21.4,0.0,0.1,0.0,0.0,0.0,0.0,0.0,0.0
2017-18,203957,Dante Exum,1610612762,UTA,14,10,4,16.8,0.1,0.3,0.25,0.2,0.1,0.2,0.333,0.375
2017-18,1627863,Danuel House Jr.,1610612756,PHX,23,6,17,17.5,0.3,1.0,0.318,0.8,0.2,0.7,0.25,0.409
2017-18,203967,Dario Saric,1610612755,PHI,78,49,29,29.6,0.2,0.8,0.277,0.5,0.0,0.1,0.1,0.285
2017-18,203121,Darius Miller,1610612740,NOP,82,48,34,23.7,0.8,1.4,0.534,1.7,0.2,0.4,0.486,0.606
2017-18,201589,Darrell Arthur,1610612743,DEN,19,12,7,7.4,0.1,0.3,0.4,0.2,0.0,0.1,0.0,0.4
2017-18,201954,Darren Collison,1610612754,IND,69,39,30,29.3,1.9,4.1,0.468,4.3,0.5,1.0,0.464,0.525
2017-18,1626199,Darrun Hilliard,1610612759,SAS,14,8,6,6.8,0.2,0.4,0.5,0.4,0.0,0.1,0.0,0.5
2017-18,1628021,David Nwaba,1610612741,CHI,70,26,44,23.5,0.0,0.3,0.095,0.1,0.0,0.1,0.0,0.095
2017-18,204065,David Stockton,1610612762,UTA,3,3,0,3.1,0.7,0.7,1.0,2.0,0.7,0.7,1.0,1.5
2017-18,2561,David West,1610612744,GSW,73,52,21,13.7,0.2,0.4,0.533,0.5,0.0,0.0,0.5,0.55
2017-18,202722,Davis Bertans,1610612759,SAS,77,43,34,14.1,0.1,0.7,0.2,0.3,0.0,0.3,0.043,0.209
2017-18,1628432,Davon Reed,1610612756,PHX,21,2,19,11.5,0.1,0.9,0.105,0.2,0.0,0.3,0.0,0.105
2017-18,1628368,De'Aaron Fox,1610612758,SAC,73,24,49,27.7,1.6,4.7,0.347,3.6,0.3,0.9,0.319,0.379
2017-18,201599,DeAndre Jordan,1610612746,LAC,77,39,38,31.5,0.0,0.0,0.0,0.0,,,,0.0
2017-18,202732,DeAndre Liggins,1610612740,NOP,58,34,24,12.5,0.1,0.4,0.286,0.2,0.0,0.1,0.167,0.31
2017-18,1627761,DeAndre' Bembry,1610612737,ATL,26,8,18,17.5,0.2,0.6,0.267,0.3,0.0,0.1,0.0,0.267
2017-18,201942,DeMar DeRozan,1610612761,TOR,80,57,23,33.9,3.3,8.1,0.401,6.9,0.4,1.5,0.256,0.424
2017-18,202326,DeMarcus Cousins,1610612740,NOP,48,27,21,36.2,0.7,2.1,0.354,1.7,0.2,0.6,0.367,0.409
2017-18,201960,DeMarre Carroll,1610612751,BKN,73,25,48,29.9,0.6,1.7,0.341,1.5,0.3,0.8,0.357,0.421
2017-18,1627749,Dejounte Murray,1610612759,SAS,81,47,34,21.5,0.8,2.3,0.332,1.5,0.0,0.0,,0.332
2017-18,1626153,Delon Wright,1610612761,TOR,69,49,20,20.8,0.3,0.9,0.295,0.7,0.2,0.7,0.277,0.402
2017-18,1627743,Demetrius Jackson,1610612755,PHI,15,12,3,5.3,0.1,0.1,0.5,0.2,0.1,0.1,0.5,0.75
2017-18,203471,Dennis Schroder,1610612737,ATL,67,21,46,31.0,2.9,6.7,0.437,6.4,0.5,1.8,0.295,0.477
2017-18,1628372,Dennis Smith Jr.,1610612742,DAL,69,22,47,29.7,1.8,6.0,0.291,4.2,0.7,2.7,0.274,0.352
2017-18,1627756,Denzel Valentine,1610612741,CHI,77,26,51,27.2,1.6,4.0,0.404,3.9,0.7,1.8,0.397,0.492
2017-18,202324,Derrick Favors,1610612762,UTA,77,46,31,28.0,0.1,0.3,0.409,0.2,0.0,0.0,0.333,0.432
2017-18,1627884,Derrick Jones Jr.,1610612748,MIA,20,9,11,12.3,0.0,0.1,0.0,0.0,0.0,0.0,,0.0
2017-18,201565,Derrick Rose,1610612750,MIN,25,15,10,16.8,0.6,1.9,0.292,1.2,0.1,0.3,0.429,0.323
2017-18,1628476,Derrick Walton Jr.,1610612748,MIA,16,8,8,9.2,0.2,0.8,0.25,0.5,0.1,0.3,0.4,0.333
2017-18,1628401,Derrick White,1610612759,SAS,17,7,10,8.2,0.3,0.7,0.417,0.8,0.2,0.4,0.667,0.583
2017-18,202682,Derrick Williams,1610612747,LAL,2,1,1,4.3,0.0,0.0,,0.0,0.0,0.0,,
2017-18,1626164,Devin Booker,1610612756,PHX,54,16,38,34.5,3.4,8.7,0.393,8.2,1.3,3.7,0.364,0.469
2017-18,2734,Devin Harris,1610612743,DEN,71,33,38,18.9,0.4,1.6,0.272,1.2,0.3,1.1,0.286,0.368
2017-18,1628421,Devin Robinson,1610612764,WAS,1,0,1,13.2,0.0,0.0,,0.0,,,,
2017-18,203473,Dewayne Dedmon,1610612737,ATL,62,18,44,24.9,0.1,0.4,0.333,0.3,0.0,0.0,0.0,0.333
2017-18,1627738,Deyonta Davis,1610612763,MEM,62,16,46,15.2,0.1,0.1,0.625,0.2,,,,0.625
2017-18,1628415,Dillon Brooks,1610612763,MEM,82,22,60,28.7,0.8,2.6,0.302,1.7,0.2,0.7,0.22,0.333
2017-18,203079,Dion Waiters,1610612748,MIA,30,16,14,30.6,1.3,4.1,0.315,3.1,0.5,1.8,0.259,0.371
2017-18,1717,Dirk Nowitzki,1610612742,DAL,77,24,53,24.7,0.9,2.3,0.408,1.9,0.1,0.2,0.222,0.419
2017-18,1627734,Domantas Sabonis,1610612754,IND,74,45,29,24.5,0.0,0.1,0.333,0.1,0.0,0.0,1.0,0.389
2017-18,1628378,Donovan Mitchell,1610612762,UTA,79,46,33,33.4,2.5,7.0,0.353,6.0,1.1,3.8,0.293,0.434
2017-18,1627827,Dorian Finney-Smith,1610612742,DAL,21,4,17,21.3,0.2,0.9,0.211,0.4,0.0,0.4,0.125,0.237
2017-18,203926,Doug McDermott,1610612742,DAL,81,30,51,21.8,0.3,0.9,0.289,0.6,0.0,0.2,0.118,0.303
2017-18,1627733,Dragan Bender,1610612756,PHX,82,21,61,25.2,0.1,0.2,0.278,0.1,0.0,0.1,0.4,0.333
2017-18,203110,Draymond Green,1610612744,GSW,70,48,22,32.7,0.2,0.7,0.26,0.4,0.1,0.3,0.222,0.3
2017-18,1628407,Dwayne Bacon,1610612766,CHA,53,25,28,13.5,0.6,2.0,0.308,1.2,0.0,0.2,0.125,0.313
2017-18,202779,Dwight Buycks,1610612765,DET,29,10,19,14.7,1.2,3.0,0.386,2.7,0.4,1.0,0.379,0.449
2017-18,2730,Dwight Howard,1610612766,CHA,81,35,46,30.4,0.1,0.1,0.417,0.1,0.0,0.0,0.0,0.417
2017-18,203939,Dwight Powell,1610612742,DAL,79,23,56,21.2,0.1,0.2,0.438,0.2,0.0,0.1,0.25,0.469
2017-18,2548,Dwyane Wade,1610612748,MIA,67,37,30,22.9,1.4,4.5,0.32,3.2,0.3,1.0,0.284,0.351
2017-18,202734,E'Twaun Moore,1610612740,NOP,82,48,34,31.5,0.8,1.8,0.444,1.7,0.1,0.4,0.414,0.486
2017-18,202334,Ed Davis,1610612757,POR,78,48,30,18.9,0.0,0.0,0.0,0.0,0.0,0.0,0.0,0.0
2017-18,1628410,Edmond Sumner,1610612754,IND,1,0,1,2.2,0.0,0.0,,0.0,,,,
2017-18,202327,Ekpe Udoh,1610612762,UTA,63,36,27,12.9,0.0,0.0,0.0,0.0,0.0,0.0,,0.0
2017-18,203901,Elfrid Payton,1610612756,PHX,63,13,50,28.7,0.8,2.0,0.388,1.7,0.1,0.3,0.294,0.407
2017-18,2731,Emeka Okafor,1610612740,NOP,26,16,10,13.6,0.0,0.1,0.333,0.1,,,,0.333
2017-18,1626144,Emmanuel Mudiay,1610612752,NYK,64,29,35,19.4,1.0,3.1,0.333,2.3,0.3,0.9,0.304,0.376
2017-18,202683,Enes Freedom,1610612752,NYK,71,27,44,25.8,0.1,0.2,0.429,0.2,0.0,0.0,,0.429
2017-18,202339,Eric Bledsoe,1610612749,MIL,74,40,34,31.4,1.6,4.4,0.369,3.7,0.4,1.6,0.265,0.417
2017-18,201569,Eric Gordon,1610612745,HOU,69,55,14,31.2,1.1,3.4,0.307,3.0,0.9,2.9,0.305,0.435
2017-18,203961,Eric Moreland,1610612765,DET,67,32,35,12.0,0.0,0.1,0.333,0.1,,,,0.333
2017-18,1628571,Erik McCree,1610612762,UTA,4,4,0,1.9,0.0,0.3,0.0,0.0,0.0,0.3,0.0,0.0
2017-18,101141,Ersan Ilyasova,1610612755,PHI,69,36,33,25.1,0.3,1.1,0.247,0.7,0.1,0.6,0.209,0.305
2017-18,203095,Evan Fournier,1610612753,ORL,57,20,37,32.2,1.4,3.4,0.393,3.2,0.5,1.5,0.318,0.462
2017-18,202323,Evan Turner,1610612757,POR,79,48,31,25.7,1.5,3.5,0.44,3.1,0.0,0.1,0.6,0.445
2017-18,1626163,Frank Kaminsky,1610612766,CHA,79,35,44,23.2,0.6,1.8,0.338,1.3,0.1,0.2,0.5,0.363
2017-18,1628412,Frank Mason III,1610612758,SAC,52,17,35,18.9,1.2,3.1,0.385,2.8,0.4,1.1,0.379,0.453
2017-18,1628373,Frank Ntilikina,1610612752,NYK,78,28,50,21.9,1.0,3.0,0.338,2.2,0.2,0.8,0.254,0.37
2017-18,1627832,Fred VanVleet,1610612761,TOR,76,55,21,20.0,0.4,1.3,0.327,1.2,0.4,1.0,0.355,0.46
2017-18,1627788,Furkan Korkmaz,1610612755,PHI,14,11,3,5.7,0.0,0.4,0.0,0.0,0.0,0.1,0.0,0.0
2017-18,202066,Garrett Temple,1610612758,SAC,65,23,42,24.8,1.0,2.6,0.369,2.2,0.2,0.9,0.286,0.417
2017-18,203914,Gary Harris,1610612743,DEN,67,37,30,34.4,1.6,3.9,0.409,3.6,0.5,1.4,0.344,0.471
2017-18,1627780,Gary Payton II,1610612747,LAL,23,10,13,9.6,0.1,0.6,0.231,0.3,0.0,0.1,0.0,0.231
2017-18,201588,George Hill,1610612739,CLE,67,28,39,27.0,1.1,2.7,0.411,2.5,0.3,0.8,0.423,0.472
2017-18,1627777,Georges Niang,1610612762,UTA,9,9,0,3.5,0.0,0.0,,0.0,0.0,0.0,,
2017-18,1627834,Georgios Papagiannis,1610612757,POR,17,3,14,7.2,0.1,0.1,1.0,0.1,,,,1.0
2017-18,101123,Gerald Green,1610612745,HOU,41,33,8,22.7,1.4,3.1,0.449,3.6,0.8,2.1,0.4,0.583
2017-18,1628492,Gian Clavell,1610612742,DAL,7,0,7,9.1,0.0,0.7,0.0,0.0,0.0,0.4,0.0,0.0
2017-18,203507,Giannis Antetokounmpo,1610612749,MIL,75,39,36,36.7,2.1,5.9,0.358,4.4,0.1,0.7,0.22,0.371
2017-18,203922,Glenn Robinson III,1610612754,IND,23,14,9,14.7,0.2,0.7,0.294,0.4,0.0,0.0,0.0,0.294
2017-18,201609,Goran Dragic,1610612748,MIA,75,39,36,31.7,1.9,4.9,0.379,4.1,0.4,1.2,0.308,0.417
2017-18,202330,Gordon Hayward,1610612738,BOS,1,0,1,5.3,0.0,0.0,,0.0,0.0,0.0,,
2017-18,203476,Gorgui Dieng,1610612750,MIN,79,45,34,16.9,0.3,0.6,0.451,0.6,0.0,0.1,0.333,0.471
2017-18,202328,Greg Monroe,1610612738,BOS,51,21,30,20.4,0.0,0.1,0.5,0.1,,,,0.5
2017-18,1627824,Guerschon Yabusele,1610612738,BOS,33,24,9,7.1,0.1,0.2,0.4,0.1,0.0,0.0,,0.4
2017-18,203084,Harrison Barnes,1610612742,DAL,77,24,53,34.2,2.0,5.1,0.391,4.3,0.4,1.0,0.377,0.428
2017-18,202355,Hassan Whiteside,1610612748,MIA,54,30,24,25.3,0.2,0.5,0.429,0.4,0.0,0.0,,0.429
2017-18,1627740,Henry Ellenson,1610612765,DET,38,21,17,8.7,0.2,0.6,0.304,0.4,0.0,0.1,0.25,0.326
2017-18,203546,Ian Clark,1610612740,NOP,74,43,31,19.7,1.0,2.3,0.436,2.3,0.2,0.7,0.333,0.485
2017-18,101133,Ian Mahinmi,1610612764,WAS,77,42,35,14.9,0.0,0.0,0.0,0.0,0.0,0.0,,0.0
2017-18,1628387,Ike Anigbogu,1610612754,IND,11,5,6,2.7,0.0,0.0,,0.0,,,,
2017-18,202697,Iman Shumpert,1610612758,SAC,14,9,5,19.7,0.9,1.9,0.444,2.0,0.3,0.6,0.5,0.519
2017-18,203477,Isaiah Canaan,1610612756,PHX,20,9,11,21.1,0.7,2.3,0.304,2.0,0.6,1.9,0.289,0.424
2017-18,1628439,Isaiah Hicks,1610612752,NYK,18,4,14,13.3,0.1,0.2,0.25,0.1,0.0,0.1,0.0,0.25
2017-18,1627819,Isaiah Taylor,1610612737,ATL,67,18,49,17.4,0.2,0.9,0.25,0.5,0.1,0.3,0.273,0.3
2017-18,202738,Isaiah Thomas,1610612747,LAL,32,15,17,26.9,2.2,5.7,0.383,5.4,1.0,3.1,0.323,0.47
2017-18,1627785,Isaiah Whitehead,1610612751,BKN,16,2,14,11.2,0.4,1.0,0.375,0.9,0.2,0.4,0.429,0.469
2017-18,202397,Ish Smith,1610612765,DET,82,39,43,24.9,2.0,4.4,0.455,4.2,0.2,0.6,0.365,0.482
2017-18,1628397,Ivan Rabb,1610612763,MEM,36,6,30,14.3,0.2,0.4,0.438,0.4,,,,0.438
2017-18,1627826,Ivica Zubac,1610612747,LAL,43,19,24,9.5,0.0,0.0,0.0,0.0,0.0,0.0,,0.0
2017-18,200826,J.J. Barea,1610612742,DAL,69,23,46,23.2,1.5,4.7,0.321,3.8,0.8,2.8,0.284,0.406
2017-18,200755,JJ Redick,1610612755,PHI,70,45,25,30.2,2.4,5.4,0.447,5.6,0.7,2.1,0.347,0.516
2017-18,2747,JR Smith,1610612739,CLE,80,49,31,28.1,0.9,2.3,0.38,2.1,0.3,1.0,0.304,0.444
2017-18,203960,JaKarr Sampson,1610612758,SAC,22,6,16,15.6,0.1,0.2,0.5,0.2,0.0,0.0,,0.5
2017-18,203210,JaMychal Green,1610612763,MEM,55,11,44,28.0,0.2,0.5,0.3,0.3,0.0,0.0,0.0,0.3
2017-18,201580,JaVale McGee,1610612744,GSW,65,45,20,9.5,0.1,0.2,0.417,0.2,0.0,0.0,0.0,0.417
2017-18,1628444,Jabari Bird,1610612738,BOS,13,8,5,8.8,0.0,0.1,0.0,0.0,0.0,0.0,,0.0
2017-18,203953,Jabari Parker,1610612749,MIL,31,16,15,24.0,1.1,2.5,0.418,2.3,0.2,0.5,0.294,0.449
2017-18,204022,Jack Cooley,1610612758,SAC,7,4,3,12.5,0.0,0.0,,0.0,,,,
2017-18,1626643,Jacob Pullen,1610612755,PHI,3,2,1,2.0,0.3,0.3,1.0,0.7,0.0,0.0,,1.0
2017-18,1628451,Jacob Wiley,1610612751,BKN,5,1,4,6.7,0.0,0.2,0.0,0.0,0.0,0.0,,0.0
2017-18,203109,Jae Crowder,1610612762,UTA,80,52,28,26.1,0.4,1.5,0.237,0.9,0.2,0.7,0.245,0.292
2017-18,1626143,Jahlil Okafor,1610612751,BKN,28,7,21,12.6,0.2,0.8,0.273,0.4,0.0,0.0,0.0,0.273
2017-18,1627774,Jake Layman,1610612757,POR,35,22,13,4.6,0.1,0.3,0.333,0.2,0.0,0.0,0.0,0.333
2017-18,1627751,Jakob Poeltl,1610612761,TOR,82,59,23,18.6,0.0,0.0,0.5,0.0,0.0,0.0,,0.5
2017-18,1627883,Jalen Jones,1610612742,DAL,16,3,13,11.3,0.1,0.4,0.333,0.4,0.1,0.3,0.5,0.5
2017-18,2037,Jamal Crawford,1610612750,MIN,80,45,35,20.7,2.3,5.5,0.418,5.1,0.5,1.8,0.28,0.463
2017-18,1627750,Jamal Murray,1610612743,DEN,81,46,35,31.7,1.9,5.0,0.389,4.5,0.7,2.1,0.32,0.458
2017-18,1627866,Jameel Warney,1610612742,DAL,3,1,2,8.9,0.0,0.0,,0.0,,,,
2017-18,2749,Jameer Nelson,1610612765,DET,50,25,25,20.3,0.8,2.2,0.342,1.8,0.3,1.0,0.288,0.41
2017-18,1628503,Jamel Artis,1610612753,ORL,15,4,11,18.6,0.5,1.5,0.364,1.1,0.1,0.3,0.2,0.386
2017-18,203516,James Ennis III,1610612765,DET,72,25,47,22.3,0.3,0.7,0.358,0.6,0.1,0.2,0.235,0.396
2017-18,201935,James Harden,1610612745,HOU,72,59,13,35.4,3.9,9.8,0.401,10.8,3.0,7.6,0.388,0.552
2017-18,201949,James Johnson,1610612748,MIA,73,37,36,26.6,0.5,1.5,0.339,1.1,0.1,0.5,0.184,0.372
2017-18,203949,James Michael McAdoo,1610612755,PHI,3,1,2,6.0,0.0,0.0,,0.0,0.0,0.0,,
2017-18,1627821,James Webb III,1610612751,BKN,10,1,9,12.0,0.0,0.0,,0.0,0.0,0.0,,
2017-18,203923,James Young,1610612755,PHI,6,4,2,10.2,0.2,0.2,1.0,0.3,0.0,0.0,,1.0
2017-18,203966,Jamil Wilson,1610612746,LAC,15,6,9,18.3,0.3,0.5,0.571,0.5,0.0,0.0,,0.571
2017-18,201162,Jared Dudley,1610612756,PHX,48,7,41,14.3,0.0,0.2,0.1,0.0,0.0,0.1,0.0,0.1
2017-18,204067,Jarell Eddie,1610612741,CHI,3,1,2,2.9,0.0,0.3,0.0,0.0,0.0,0.3,0.0,0.0
2017-18,1626185,Jarell Martin,1610612763,MEM,73,21,52,22.7,0.3,0.8,0.429,0.7,0.0,0.0,0.333,0.438
2017-18,1628386,Jarrett Allen,1610612751,BKN,72,25,47,20.0,0.0,0.0,0.0,0.0,0.0,0.0,,0.0
2017-18,101127,Jarrett Jack,1610612752,NYK,62,26,36,25.0,1.5,3.8,0.4,3.2,0.2,0.6,0.297,0.423
2017-18,201160,Jason Smith,1610612764,WAS,33,15,18,8.6,0.1,0.1,0.5,0.1,0.0,0.0,,0.5
2017-18,1891,Jason Terry,1610612749,MIL,51,27,24,16.0,0.2,0.5,0.393,0.5,0.1,0.2,0.3,0.446
2017-18,1628393,Jawun Evans,1610612746,LAC,48,24,24,16.2,0.7,1.8,0.388,1.5,0.1,0.2,0.6,0.424
2017-18,1627759,Jaylen Brown,1610612738,BOS,70,47,23,30.7,0.5,1.5,0.369,1.2,0.1,0.4,0.357,0.417
2017-18,1628537,Jaylen Morris,1610612737,ATL,6,2,4,16.4,0.0,0.5,0.0,0.0,0.0,0.3,0.0,0.0
2017-18,1628369,Jayson Tatum,1610612738,BOS,80,53,27,30.5,1.3,3.3,0.404,2.9,0.2,0.7,0.31,0.438
2017-18,201145,Jeff Green,1610612739,CLE,78,47,31,23.4,0.4,1.2,0.34,0.9,0.0,0.2,0.158,0.356
2017-18,201952,Jeff Teague,1610612750,MIN,70,41,29,33.0,1.7,4.5,0.372,4.0,0.7,2.0,0.364,0.454
2017-18,203481,Jeff Withey,1610612742,DAL,10,2,8,3.9,0.0,0.1,0.0,0.0,0.0,0.0,,0.0
2017-18,203924,Jerami Grant,1610612760,OKC,81,48,33,20.3,0.1,0.2,0.4,0.2,0.0,0.1,0.333,0.45
2017-18,202379,Jeremy Evans,1610612737,ATL,1,0,1,5.4,0.0,0.0,,0.0,,,,
2017-18,203087,Jeremy Lamb,1610612766,CHA,80,36,44,24.6,1.6,3.9,0.406,3.5,0.4,1.2,0.333,0.456
2017-18,202391,Jeremy Lin,1610612751,BKN,1,0,1,25.2,2.0,5.0,0.4,5.0,1.0,2.0,0.5,0.5
2017-18,1626170,Jerian Grant,1610612741,CHI,74,24,50,22.8,1.4,3.5,0.39,3.1,0.4,1.3,0.274,0.44
2017-18,201573,Jerryd Bayless,1610612755,PHI,39,21,18,23.7,0.4,1.1,0.366,0.9,0.1,0.3,0.417,0.427
2017-18,202710,Jimmy Butler,1610612750,MIN,59,37,22,36.7,2.6,6.1,0.421,5.6,0.5,1.5,0.307,0.458
2017-18,201149,Joakim Noah,1610612752,NYK,7,1,6,5.7,0.0,0.0,,0.0,,,,
2017-18,201975,Jodie Meeks,1610612764,WAS,77,41,36,14.5,0.5,1.4,0.336,1.2,0.2,0.6,0.341,0.405
2017-18,203925,Joe Harris,1610612751,BKN,78,27,51,25.3,0.5,1.0,0.462,1.2,0.3,0.6,0.5,0.622
2017-18,204060,Joe Ingles,1610612762,UTA,82,48,34,31.4,0.8,2.1,0.372,2.1,0.5,1.4,0.375,0.494
2017-18,2207,Joe Johnson,1610612745,HOU,55,35,20,21.9,0.8,2.0,0.414,1.7,0.0,0.1,0.25,0.423
2017-18,1626202,Joe Young,1610612754,IND,53,28,25,10.5,0.5,1.3,0.403,1.1,0.1,0.3,0.353,0.448
2017-18,1627762,Joel Bolomboy,1610612749,MIL,6,3,3,6.3,0.2,0.2,1.0,0.3,0.0,0.0,,1.0
2017-18,203954,Joel Embiid,1610612755,PHI,63,41,22,30.4,1.6,3.7,0.429,3.2,0.1,0.3,0.353,0.442
2017-18,203530,Joffrey Lauvergne,1610612759,SAS,55,30,25,9.7,0.0,0.1,0.667,0.1,0.0,0.0,0.0,0.667
2017-18,1628381,John Collins,1610612737,ATL,74,21,53,24.1,0.1,0.3,0.32,0.2,0.0,0.1,0.0,0.32
2017-18,203089,John Henson,1610612749,MIL,76,39,37,25.9,0.0,0.1,0.273,0.1,0.0,0.0,0.0,0.273
2017-18,204066,John Holland,1610612739,CLE,24,17,7,7.3,0.2,0.7,0.294,0.6,0.2,0.4,0.444,0.412
2017-18,202322,John Wall,1610612764,WAS,41,23,18,34.4,2.3,7.3,0.312,5.2,0.6,2.0,0.313,0.355
2017-18,1628405,Johnathan Motley,1610612742,DAL,11,1,10,16.0,0.3,0.4,0.75,0.5,0.0,0.1,0.0,0.75
2017-18,203948,Johnny O'Bryant III,1610612766,CHA,36,15,21,10.5,0.4,1.3,0.326,0.8,0.0,0.1,0.0,0.326
2017-18,202720,Jon Leuer,1610612765,DET,8,5,3,17.1,0.0,0.3,0.0,0.0,0.0,0.0,,0.0
2017-18,201973,Jonas Jerebko,1610612762,UTA,74,45,29,15.3,0.1,0.3,0.273,0.2,0.0,0.1,0.0,0.273
2017-18,202685,Jonas Valanciunas,1610612761,TOR,77,56,21,22.4,0.1,0.3,0.417,0.3,0.0,0.0,0.333,0.438
2017-18,1626780,Jonathan Gibson,1610612738,BOS,4,2,2,10.0,1.0,2.0,0.5,2.5,0.5,1.0,0.5,0.625
2017-18,1628371,Jonathan Isaac,1610612753,ORL,27,11,16,19.8,0.3,1.4,0.179,0.5,0.0,0.1,0.0,0.179
2017-18,203613,Jonathon Simmons,1610612753,ORL,69,21,48,29.4,1.1,2.8,0.383,2.4,0.2,0.7,0.327,0.425
2017-18,1628395,Jordan Bell,1610612744,GSW,57,43,14,14.2,0.1,0.2,0.3,0.1,0.0,0.0,0.0,0.3
2017-18,203903,Jordan Clarkson,1610612739,CLE,81,40,41,23.3,1.6,4.1,0.388,3.6,0.4,1.4,0.304,0.439
2017-18,202348,Jordan Crawford,1610612740,NOP,5,3,2,10.7,1.0,3.0,0.333,2.6,0.6,1.4,0.429,0.433
2017-18,1626175,Jordan Mickey,1610612748,MIA,23,15,8,12.4,0.0,0.1,0.333,0.1,0.0,0.0,0.0,0.333
2017-18,101181,Jose Calderon,1610612739,CLE,57,33,24,16.0,0.5,1.2,0.394,1.1,0.1,0.5,0.308,0.451
2017-18,1627982,Josh Gray,1610612756,PHX,5,0,5,17.3,0.4,2.8,0.143,0.8,0.0,1.0,0.0,0.143
2017-18,1628404,Josh Hart,1610612747,LAL,63,27,36,23.2,0.3,0.9,0.288,0.7,0.1,0.5,0.31,0.364
2017-18,203962,Josh Huestis,1610612760,OKC,69,43,26,14.2,0.0,0.1,0.0,0.0,0.0,0.0,0.0,0.0
2017-18,1628367,Josh Jackson,1610612756,PHX,77,19,58,25.4,1.0,3.0,0.316,2.0,0.1,0.6,0.182,0.333
2017-18,203705,Josh Magette,1610612737,ATL,18,3,15,12.0,0.4,1.5,0.296,1.0,0.1,0.6,0.182,0.333
2017-18,201177,Josh McRoberts,1610612742,DAL,2,2,0,2.9,0.0,0.0,,0.0,0.0,0.0,,
2017-18,1626196,Josh Richardson,1610612748,MIA,81,44,37,33.2,1.1,2.7,0.431,2.4,0.1,0.2,0.25,0.442
2017-18,2746,Josh Smith,1610612740,NOP,3,2,1,3.9,0.0,0.0,,0.0,,,,
2017-18,201950,Jrue Holiday,1610612740,NOP,81,47,34,36.1,2.1,5.3,0.396,4.9,0.7,2.3,0.284,0.459
2017-18,1627823,Juancho Hernangomez,1610612743,DEN,25,15,10,11.1,0.1,0.1,0.667,0.2,0.1,0.1,0.667,1.0
2017-18,203944,Julius Randle,1610612747,LAL,82,35,47,26.7,0.2,0.6,0.298,0.3,0.0,0.1,0.0,0.298
2017-18,202933,Julyan Stone,1610612766,CHA,23,10,13,7.6,0.0,0.0,0.0,0.0,0.0,0.0,0.0,0.0
2017-18,1626147,Justin Anderson,1610612755,PHI,38,27,11,13.7,0.2,0.7,0.346,0.5,0.0,0.3,0.1,0.365
2017-18,203200,Justin Holiday,1610612741,CHI,72,24,48,31.5,1.2,3.5,0.335,2.8,0.5,1.4,0.327,0.402
2017-18,1628382,Justin Jackson,1610612758,SAC,68,21,47,22.2,0.7,1.5,0.46,1.4,0.1,0.2,0.333,0.485
2017-18,1628383,Justin Patton,1610612750,MIN,1,0,1,3.7,0.0,0.0,,0.0,,,,
2017-18,1626159,Justise Winslow,1610612748,MIA,68,33,35,24.7,0.1,0.7,0.196,0.3,0.0,0.1,0.0,0.196
2017-18,203994,Jusuf Nurkic,1610612757,POR,79,48,31,26.4,0.2,0.5,0.405,0.4,0.0,0.0,0.0,0.405
2017-18,1628443,Kadeem Allen,1610612738,BOS,18,9,9,6.0,0.0,0.2,0.0,0.0,0.0,0.2,0.0,0.0
2017-18,1626157,Karl-Anthony Towns,1610612750,MIN,82,47,35,35.6,0.5,1.0,0.471,1.0,0.0,0.2,0.231,0.488
2017-18,202695,Kawhi Leonard,1610612759,SAS,9,5,4,23.3,2.7,5.9,0.453,6.0,0.7,1.8,0.375,0.509
2017-18,1627770,Kay Felder,1610612765,DET,16,6,10,8.7,0.7,2.6,0.262,1.4,0.1,0.8,0.077,0.274
2017-18,203482,Kelly Olynyk,1610612748,MIA,76,42,34,23.4,0.4,1.0,0.384,0.9,0.1,0.4,0.407,0.459
2017-18,1626162,Kelly Oubre Jr.,1610612764,WAS,81,43,38,27.5,0.5,1.7,0.306,1.2,0.2,0.5,0.364,0.366
2017-18,202689,Kemba Walker,1610612766,CHA,80,36,44,34.2,3.5,8.8,0.404,8.8,1.8,4.6,0.381,0.505
2017-18,2570,Kendrick Perkins,1610612739,CLE,1,0,1,14.5,0.0,0.0,,0.0,,,,
2017-18,202702,Kenneth Faried,1610612743,DEN,32,16,16,14.4,0.1,0.2,0.4,0.1,0.0,0.0,,0.4
2017-18,203145,Kent Bazemore,1610612737,ATL,65,19,46,27.5,1.2,3.4,0.35,2.8,0.5,1.4,0.333,0.42
2017-18,203484,Kentavious Caldwell-Pope,1610612747,LAL,74,31,43,33.2,1.1,3.4,0.337,2.7,0.4,1.3,0.309,0.396
2017-18,201142,Kevin Durant,1610612744,GSW,68,49,19,34.2,3.5,8.1,0.435,8.0,0.9,2.8,0.333,0.493
2017-18,201567,Kevin Love,1610612739,CLE,59,37,22,28.0,0.5,1.4,0.37,1.2,0.2,0.5,0.433,0.451
2017-18,1626172,Kevon Looney,1610612744,GSW,66,45,21,13.8,0.1,0.1,0.556,0.2,0.0,0.0,0.0,0.556
2017-18,203920,Khem Birch,1610612753,ORL,42,14,28,13.8,0.0,0.0,,0.0,,,,
2017-18,203114,Khris Middleton,1610612749,MIL,82,44,38,36.4,3.2,6.9,0.465,6.8,0.4,1.3,0.288,0.491
2017-18,202691,Klay Thompson,1610612744,GSW,73,55,18,34.3,2.1,4.6,0.448,4.7,0.5,1.3,0.421,0.507
2017-18,1628424,Kobi Simmons,1610612763,MEM,32,6,26,20.1,0.6,2.0,0.286,1.2,0.0,0.3,0.125,0.294
2017-18,201585,Kosta Koufos,1610612758,SAC,71,22,49,19.6,0.1,0.2,0.375,0.2,,,,0.375
2017-18,1627739,Kris Dunn,1610612741,CHI,52,19,33,29.3,2.2,5.5,0.408,4.9,0.4,1.1,0.362,0.445
2017-18,204001,Kristaps Porzingis,1610612752,NYK,48,22,26,32.4,1.3,3.8,0.341,2.6,0.0,0.3,0.133,0.346
2017-18,203937,Kyle Anderson,1610612759,SAS,74,41,33,26.7,0.4,0.9,0.429,0.8,0.0,0.1,0.167,0.436
2017-18,1627858,Kyle Collinsworth,1610612742,DAL,32,9,23,15.0,0.1,0.3,0.2,0.1,0.0,0.0,0.0,0.2
2017-18,2594,Kyle Korver,1610612739,CLE,73,43,30,21.6,0.5,1.2,0.384,1.2,0.3,0.8,0.382,0.506
2017-18,1628398,Kyle Kuzma,1610612747,LAL,77,34,43,31.2,0.8,2.4,0.355,2.0,0.3,1.0,0.311,0.418
2017-18,200768,Kyle Lowry,1610612761,TOR,78,57,21,32.2,1.8,4.6,0.385,4.9,1.4,3.4,0.4,0.532
2017-18,203124,Kyle O'Quinn,1610612752,NYK,77,28,49,18.0,0.2,0.3,0.462,0.3,0.0,0.0,0.0,0.462
2017-18,202713,Kyle Singler,1610612760,OKC,12,5,7,4.9,0.1,0.2,0.5,0.2,0.0,0.0,,0.5
2017-18,202681,Kyrie Irving,1610612738,BOS,60,41,19,32.2,3.4,7.3,0.468,8.2,1.4,3.4,0.408,0.562
2017-18,200746,LaMarcus Aldridge,1610612759,SAS,75,45,30,33.4,2.3,5.4,0.419,4.6,0.0,0.1,0.3,0.422
2017-18,202362,Lance Stephenson,1610612754,IND,82,48,34,22.6,1.4,3.6,0.378,3.0,0.3,1.1,0.247,0.416
2017-18,202498,Lance Thomas,1610612752,NYK,73,25,48,18.5,0.1,0.4,0.333,0.3,0.0,0.1,0.5,0.37
2017-18,204038,Langston Galloway,1610612765,DET,58,28,30,14.9,0.7,1.7,0.433,1.7,0.2,0.6,0.438,0.505
2017-18,203580,Larry Drew II,1610612740,NOP,10,6,4,7.0,0.2,1.0,0.2,0.4,0.0,0.2,0.0,0.2
2017-18,1626204,Larry Nance Jr.,1610612739,CLE,66,32,34,21.5,0.0,0.2,0.25,0.1,0.0,0.0,0.0,0.25
2017-18,1628374,Lauri Markkanen,1610612741,CHI,68,23,45,29.7,0.6,1.8,0.344,1.4,0.1,0.4,0.32,0.376
2017-18,2544,LeBron James,1610612739,CLE,82,50,32,36.9,2.6,6.8,0.38,6.3,1.2,3.3,0.362,0.468
2017-18,1628506,London Perrantes,1610612739,CLE,14,8,6,4.7,0.0,0.4,0.0,0.0,0.0,0.1,0.0,0.0
2017-18,1628366,Lonzo Ball,1610612747,LAL,52,24,28,34.2,1.0,3.2,0.317,2.6,0.6,2.1,0.29,0.41
2017-18,203485,Lorenzo Brown,1610612761,TOR,14,9,5,9.9,0.4,1.0,0.429,0.9,0.1,0.1,0.5,0.464
2017-18,101150,Lou Williams,1610612746,LAC,79,42,37,32.8,2.9,7.3,0.399,7.0,1.2,3.4,0.358,0.482
2017-18,201601,Luc Mbah a Moute,1610612745,HOU,61,52,9,25.6,0.1,0.2,0.4,0.2,0.1,0.1,0.667,0.6
2017-18,203512,Lucas Nogueira,1610612761,TOR,49,36,13,8.5,0.0,0.0,,0.0,0.0,0.0,,
2017-18,1626242,Luis Montero,1610612765,DET,2,1,1,4.0,0.0,0.0,,0.0,,,,
2017-18,202337,Luke Babbitt,1610612748,MIA,50,15,35,14.3,0.5,0.8,0.605,1.1,0.1,0.2,0.583,0.697
2017-18,1628379,Luke Kennard,1610612765,DET,73,34,39,20.0,0.9,2.1,0.409,1.9,0.1,0.5,0.286,0.442
2017-18,1628436,Luke Kornet,1610612752,NYK,20,6,14,16.3,0.3,0.5,0.556,0.7,0.2,0.2,1.0,0.722
2017-18,2736,Luol Deng,1610612747,LAL,1,0,1,13.1,0.0,0.0,,0.0,,,,
2017-18,1627781,Malachi Richardson,1610612761,TOR,26,8,18,12.4,0.5,1.3,0.371,1.2,0.2,0.6,0.313,0.443
2017-18,1627763,Malcolm Brogdon,1610612749,MIL,48,25,23,29.9,1.2,2.6,0.464,2.8,0.4,0.8,0.487,0.54
2017-18,1627098,Malcolm Delaney,1610612737,ATL,54,16,38,18.8,0.8,2.1,0.357,1.7,0.2,0.8,0.293,0.409
2017-18,1626259,Malcolm Miller,1610612761,TOR,15,15,0,8.4,0.0,0.1,0.0,0.0,0.0,0.1,0.0,0.0
2017-18,1627736,Malik Beasley,1610612743,DEN,62,34,28,9.4,0.2,0.5,0.355,0.4,0.0,0.1,0.333,0.387
2017-18,1628370,Malik Monk,1610612766,CHA,63,26,37,13.5,1.1,3.7,0.303,2.9,0.7,2.1,0.308,0.392
2017-18,1628493,Mangok Mathiang,1610612766,CHA,4,3,1,5.0,0.0,0.0,,0.0,,,,
2017-18,1938,Manu Ginobili,1610612759,SAS,65,39,26,20.0,0.6,1.9,0.317,1.5,0.3,1.0,0.254,0.385
2017-18,202705,MarShon Brooks,1610612763,MEM,7,2,5,27.5,3.7,7.4,0.5,9.7,2.3,3.3,0.696,0.654
2017-18,201188,Marc Gasol,1610612763,MEM,73,21,52,33.0,0.6,2.1,0.296,1.2,0.0,0.2,0.077,0.299
2017-18,101162,Marcin Gortat,1610612764,WAS,82,43,39,25.3,0.2,0.3,0.519,0.3,,,,0.519
2017-18,201158,Marco Belinelli,1610612755,PHI,80,39,41,24.3,1.5,3.4,0.45,3.6,0.5,1.4,0.377,0.53
2017-18,1627875,Marcus Georges-Hunt,1610612750,MIN,42,24,18,5.3,0.1,0.3,0.273,0.2,0.0,0.1,0.25,0.318
2017-18,202694,Marcus Morris Sr.,1610612738,BOS,54,34,20,26.7,1.7,3.9,0.429,3.6,0.3,0.8,0.341,0.462
2017-18,1627779,Marcus Paige,1610612766,CHA,5,4,1,5.6,0.2,0.6,0.333,0.4,0.0,0.2,0.0,0.333
2017-18,203935,Marcus Smart,1610612738,BOS,54,38,16,29.9,1.0,2.8,0.347,2.3,0.4,1.3,0.271,0.41
2017-18,201596,Mario Chalmers,1610612763,MEM,66,21,45,21.5,0.6,1.7,0.33,1.3,0.1,0.7,0.184,0.37
2017-18,1626209,Mario Hezonja,1610612753,ORL,75,21,54,22.1,0.6,1.4,0.421,1.4,0.2,0.4,0.364,0.477
2017-18,203900,Markel Brown,1610612745,HOU,4,4,0,7.9,0.5,0.8,0.667,1.3,0.3,0.5,0.5,0.833
2017-18,1628365,Markelle Fultz,1610612755,PHI,14,11,3,18.1,0.5,1.9,0.259,1.0,0.0,0.0,,0.259
2017-18,202693,Markieff Morris,1610612764,WAS,73,37,36,27.0,0.6,1.6,0.365,1.2,0.0,0.2,0.091,0.37
2017-18,1627737,Marquese Chriss,1610612756,PHX,72,19,53,21.2,0.1,0.4,0.179,0.1,0.0,0.1,0.0,0.179
2017-18,203104,Marquis Teague,1610612763,MEM,3,0,3,24.6,0.3,3.0,0.111,1.0,0.3,1.0,0.333,0.167
2017-18,201578,Marreese Speights,1610612753,ORL,52,15,37,13.0,0.2,0.6,0.323,0.4,0.0,0.2,0.111,0.339
2017-18,1627850,Marshall Plumlee,1610612749,MIL,8,5,3,6.5,0.0,0.0,,0.0,,,,
2017-18,101107,Marvin Williams,1610612766,CHA,78,33,45,25.7,0.4,0.7,0.5,0.8,0.1,0.1,0.4,0.534
2017-18,203486,Mason Plumlee,1610612743,DEN,74,40,34,19.5,0.1,0.2,0.4,0.2,0.0,0.0,,0.4
2017-18,1627856,Matt Costello,1610612759,SAS,4,2,2,8.1,0.0,0.0,,0.0,,,,
2017-18,1628475,Matt Williams Jr.,1610612748,MIA,3,1,2,3.8,0.3,0.7,0.5,0.7,0.0,0.3,0.0,0.5
2017-18,203521,Matthew Dellavedova,1610612749,MIL,38,21,17,18.7,0.3,1.1,0.286,0.7,0.1,0.4,0.214,0.321
2017-18,203090,Maurice Harkless,1610612757,POR,59,36,23,21.4,0.1,0.3,0.313,0.2,0.0,0.1,0.143,0.344
2017-18,1628467,Maxi Kleber,1610612742,DAL,72,20,52,16.8,0.1,0.3,0.273,0.2,0.0,0.1,0.0,0.273
2017-18,203086,Meyers Leonard,1610612757,POR,33,17,16,7.7,0.2,0.3,0.778,0.4,0.0,0.0,0.0,0.778
2017-18,201563,Michael Beasley,1610612752,NYK,74,24,50,22.3,1.0,2.6,0.379,2.1,0.1,0.2,0.412,0.397
2017-18,203487,Michael Carter-Williams,1610612766,CHA,52,23,29,16.1,0.3,1.0,0.241,0.5,0.0,0.2,0.25,0.259
2017-18,203077,Michael Kidd-Gilchrist,1610612766,CHA,74,34,40,25.0,0.9,2.3,0.402,1.8,0.0,0.0,0.0,0.402
2017-18,201144,Mike Conley,1610612763,MEM,12,7,5,31.1,1.9,6.2,0.311,5.0,1.2,3.9,0.298,0.405
2017-18,1628455,Mike James,1610612740,NOP,36,11,25,19.1,1.2,4.1,0.289,2.9,0.5,1.9,0.275,0.352
2017-18,203488,Mike Muscala,1610612737,ATL,53,14,39,20.0,0.1,0.3,0.294,0.2,0.0,0.0,0.0,0.294
2017-18,203118,Mike Scott,1610612764,WAS,76,39,37,18.5,0.6,1.2,0.516,1.3,0.0,0.1,0.0,0.516
2017-18,203101,Miles Plumlee,1610612737,ATL,55,19,36,16.7,0.0,0.0,,0.0,,,,
2017-18,1628462,Milos Teodosic,1610612746,LAC,45,29,16,25.2,1.3,3.6,0.373,3.3,0.6,2.0,0.311,0.46
2017-18,1628495,Milton Doyle,1610612751,BKN,10,2,8,12.5,0.0,0.9,0.0,0.0,0.0,0.7,0.0,0.0
2017-18,1627851,Mindaugas Kuzminskas,1610612752,NYK,1,0,1,1.9,0.0,0.0,,0.0,,,,
2017-18,203141,Mirza Teletovic,1610612749,MIL,10,4,6,15.9,0.2,0.5,0.4,0.5,0.1,0.2,0.5,0.5
2017-18,1628420,Monte Morris,1610612743,DEN,3,2,1,8.4,0.3,0.3,1.0,0.7,0.0,0.0,,1.0
2017-18,1626149,Montrezl Harrell,1610612746,LAC,76,39,37,17.0,0.1,0.3,0.455,0.3,0.0,0.1,0.25,0.477
2017-18,1627988,Myke Henry,1610612763,MEM,20,3,17,18.9,0.0,0.4,0.0,0.0,0.0,0.0,,0.0
2017-18,1626167,Myles Turner,1610612754,IND,65,39,26,28.2,0.4,0.8,0.509,0.9,0.0,0.1,0.286,0.528
2017-18,203489,Nate Wolters,1610612762,UTA,5,3,2,3.8,0.2,0.6,0.333,0.4,,,,0.333
2017-18,1628513,Naz Mitrou-Long,1610612762,UTA,1,0,1,0.5,0.0,0.0,,0.0,0.0,0.0,,
2017-18,202357,Nemanja Bjelica,1610612750,MIN,67,38,29,20.5,0.2,0.5,0.343,0.4,0.1,0.2,0.429,0.429
2017-18,2403,Nene,1610612745,HOU,52,42,10,14.6,0.0,0.1,0.0,0.0,0.0,0.0,,0.0
2017-18,203457,Nerlens Noel,1610612742,DAL,30,6,24,15.7,0.0,0.2,0.2,0.1,0.0,0.0,0.0,0.2
2017-18,2555,Nick Collison,1610612760,OKC,15,9,6,5.0,0.0,0.0,,0.0,,,,
2017-18,201156,Nick Young,1610612744,GSW,80,56,24,17.4,0.9,2.5,0.372,2.3,0.4,1.3,0.337,0.459
2017-18,201587,Nicolas Batum,1610612766,CHA,64,27,37,31.0,1.8,4.3,0.407,3.8,0.3,0.9,0.276,0.436
2017-18,1627852,Nicolas Brussino,1610612737,ATL,4,0,4,2.5,0.0,0.0,,0.0,0.0,0.0,,
2017-18,1628502,Nigel Hayes,1610612758,SAC,9,6,3,13.6,0.4,0.9,0.5,0.9,0.0,0.0,,0.5
2017-18,203917,Nik Stauskas,1610612751,BKN,41,14,27,12.8,0.5,1.4,0.339,1.3,0.3,1.0,0.359,0.464
2017-18,203999,Nikola Jokic,1610612743,DEN,75,43,32,32.6,0.5,1.1,0.405,1.1,0.1,0.4,0.367,0.47
2017-18,202703,Nikola Mirotic,1610612740,NOP,55,34,21,27.2,1.2,2.8,0.444,2.9,0.4,1.0,0.404,0.52
2017-18,202696,Nikola Vucevic,1610612753,ORL,57,17,40,29.5,0.4,1.1,0.359,0.8,0.0,0.0,0.0,0.359
2017-18,203943,Noah Vonleh,1610612741,CHI,54,24,30,16.2,0.1,0.3,0.333,0.2,0.0,0.1,0.167,0.361
2017-18,1626181,Norman Powell,1610612761,TOR,70,51,19,15.2,0.3,0.9,0.303,0.7,0.1,0.5,0.222,0.364
2017-18,1628384,OG Anunoby,1610612761,TOR,74,51,23,20.0,0.1,0.2,0.294,0.2,0.1,0.1,0.5,0.441
2017-18,1627855,Okaro White,1610612739,CLE,6,2,4,13.3,0.2,0.2,1.0,0.3,0.0,0.0,,1.0
2017-18,204179,Omari Johnson,1610612763,MEM,4,1,3,18.8,0.3,0.8,0.333,0.5,0.0,0.0,,0.333
2017-18,201600,Omer Asik,1610612741,CHI,18,7,11,10.1,0.0,0.0,,0.0,,,,
2017-18,201956,Omri Casspi,1610612744,GSW,53,40,13,14.0,0.1,0.2,0.4,0.2,0.0,0.1,0.25,0.45
2017-18,203490,Otto Porter Jr.,1610612764,WAS,77,42,35,31.6,1.5,3.2,0.465,3.2,0.2,0.5,0.452,0.504
2017-18,200782,P.J. Tucker,1610612745,HOU,82,65,17,27.8,0.0,0.2,0.211,0.1,0.0,0.1,0.2,0.263
2017-18,1628408,PJ Dozier,1610612760,OKC,2,1,1,1.6,0.0,0.5,0.0,0.0,,,,0.0
2017-18,1627783,Pascal Siakam,1610612761,TOR,81,59,22,20.7,0.0,0.2,0.286,0.1,0.0,0.0,0.0,0.286
2017-18,1626192,Pat Connaughton,1610612757,POR,82,49,33,18.1,0.3,0.8,0.415,0.8,0.1,0.3,0.429,0.485
2017-18,201976,Patrick Beverley,1610612746,LAC,11,5,6,30.3,0.8,2.8,0.29,2.2,0.5,1.6,0.333,0.387
2017-18,1627775,Patrick McCaw,1610612744,GSW,57,41,16,16.9,0.2,0.6,0.243,0.3,0.0,0.2,0.071,0.257
2017-18,202335,Patrick Patterson,1610612760,OKC,82,48,34,15.5,0.0,0.1,0.273,0.1,0.0,0.0,0.0,0.273
2017-18,201988,Patty Mills,1610612759,SAS,82,47,35,25.7,1.5,3.5,0.425,3.6,0.6,1.6,0.394,0.516
2017-18,2200,Pau Gasol,1610612759,SAS,77,45,32,23.5,0.2,0.5,0.385,0.4,0.0,0.0,,0.385
2017-18,202331,Paul George,1610612760,OKC,79,47,32,36.6,2.1,5.7,0.367,5.0,0.8,2.1,0.38,0.437
2017-18,200794,Paul Millsap,1610612743,DEN,38,22,16,30.1,1.1,2.7,0.385,2.2,0.1,0.4,0.188,0.399
2017-18,1627835,Paul Zipser,1610612741,CHI,54,17,37,15.3,0.2,1.0,0.214,0.5,0.0,0.2,0.1,0.223
2017-18,203112,Quincy Acy,1610612751,BKN,70,26,44,19.4,0.1,0.2,0.333,0.2,0.0,0.1,0.286,0.4
2017-18,202347,Quincy Pondexter,1610612741,CHI,23,6,17,8.5,0.0,0.3,0.0,0.0,0.0,0.2,0.0,0.0
2017-18,1626188,Quinn Cook,1610612744,GSW,33,21,12,22.4,1.7,3.6,0.483,4.0,0.6,1.4,0.413,0.564
2017-18,1626154,RJ Hunter,1610612745,HOU,5,3,2,9.0,0.6,1.8,0.333,1.6,0.4,1.6,0.25,0.444
2017-18,200765,Rajon Rondo,1610612740,NOP,65,41,24,26.2,0.7,1.7,0.391,1.6,0.3,0.7,0.413,0.477
2017-18,201196,Ramon Sessions,1610612764,WAS,28,10,18,14.0,0.1,0.9,0.16,0.3,0.0,0.1,0.25,0.18
2017-18,1626173,Rashad Vaughn,1610612753,ORL,28,13,15,7.6,0.1,0.4,0.3,0.2,0.0,0.1,0.0,0.3
2017-18,203526,Raul Neto,1610612762,UTA,41,28,13,12.2,0.3,0.9,0.297,0.6,0.0,0.3,0.154,0.324
2017-18,101109,Raymond Felton,1610612760,OKC,82,48,34,16.6,1.1,3.1,0.362,2.5,0.3,1.0,0.279,0.409
2017-18,203493,Reggie Bullock Jr.,1610612765,DET,62,32,30,27.9,0.8,1.8,0.44,1.8,0.3,0.6,0.45,0.523
2017-18,203687,Reggie Hearn,1610612765,DET,3,3,0,2.2,0.0,0.3,0.0,0.0,0.0,0.3,0.0,0.0
2017-18,202704,Reggie Jackson,1610612765,DET,45,27,18,26.7,2.3,5.8,0.399,5.2,0.5,1.8,0.296,0.445
2017-18,2210,Richard Jefferson,1610612743,DEN,20,10,10,8.2,0.1,0.2,0.5,0.3,0.1,0.1,1.0,0.625
2017-18,1626158,Richaun Holmes,1610612755,PHI,48,30,18,15.5,0.1,0.2,0.5,0.2,0.0,0.1,0.0,0.5
2017-18,201937,Ricky Rubio,1610612762,UTA,77,44,33,29.3,2.1,5.1,0.421,4.5,0.3,1.0,0.284,0.447
2017-18,203496,Robert Covington,1610612755,PHI,80,51,29,31.6,0.4,1.0,0.361,0.9,0.2,0.5,0.342,0.44
2017-18,201577,Robin Lopez,1610612741,CHI,64,23,41,26.4,0.2,0.6,0.289,0.4,0.0,0.0,0.5,0.303
2017-18,203918,Rodney Hood,1610612739,CLE,60,29,31,26.9,1.9,4.7,0.405,4.4,0.7,1.8,0.37,0.477
2017-18,203585,Rodney McGruder,1610612748,MIA,18,11,7,16.6,0.3,0.7,0.417,0.7,0.1,0.2,0.667,0.5
2017-18,1628681,Rodney Purvis,1610612753,ORL,16,5,11,18.1,0.8,2.3,0.333,1.6,0.1,0.4,0.286,0.361
2017-18,1627758,Ron Baker,1610612752,NYK,29,12,17,13.3,0.1,0.3,0.3,0.3,0.1,0.2,0.286,0.4
2017-18,1626178,Rondae Hollis-Jefferson,1610612751,BKN,68,26,42,28.2,1.0,2.2,0.454,2.0,0.0,0.0,0.0,0.454
2017-18,1626220,Royce O'Neale,1610612762,UTA,69,43,26,16.7,0.3,0.7,0.426,0.7,0.1,0.3,0.375,0.521
2017-18,200752,Rudy Gay,1610612759,SAS,57,36,21,21.6,1.4,3.0,0.456,2.9,0.1,0.4,0.292,0.477
2017-18,203497,Rudy Gobert,1610612762,UTA,56,37,19,32.4,0.0,0.0,0.5,0.0,,,,0.5
2017-18,201566,Russell Westbrook,1610612760,OKC,80,47,33,36.4,3.5,9.9,0.359,7.9,0.8,2.8,0.28,0.399
2017-18,201583,Ryan Anderson,1610612745,HOU,66,52,14,26.1,0.5,1.2,0.462,1.2,0.1,0.4,0.32,0.513
2017-18,1627853,Ryan Arcidiacono,1610612741,CHI,24,6,18,12.7,0.1,0.3,0.375,0.3,0.0,0.2,0.2,0.438
2017-18,1626257,Salah Mejri,1610612742,DAL,61,21,40,11.9,0.0,0.0,0.0,0.0,0.0,0.0,0.0,0.0
2017-18,1626155,Sam Dekker,1610612746,LAC,73,36,37,12.1,0.1,0.2,0.222,0.1,0.0,0.1,0.333,0.278
2017-18,203816,Scotty Hopson,1610612742,DAL,1,0,1,8.4,0.0,0.0,,0.0,,,,
2017-18,203930,Sean Kilpatrick,1610612741,CHI,52,22,30,12.3,0.5,1.7,0.322,1.3,0.2,0.8,0.273,0.391
2017-18,1628400,Semi Ojeleye,1610612738,BOS,73,50,23,15.8,0.1,0.2,0.588,0.3,0.1,0.1,0.714,0.735
2017-18,201586,Serge Ibaka,1610612761,TOR,76,53,23,27.5,0.7,1.4,0.485,1.3,0.0,0.1,0.182,0.495
2017-18,203498,Shabazz Muhammad,1610612749,MIL,43,25,18,9.7,0.1,0.5,0.286,0.3,0.0,0.1,0.333,0.31
2017-18,203894,Shabazz Napier,1610612757,POR,74,46,28,20.7,1.3,3.3,0.397,3.0,0.3,1.2,0.287,0.447
2017-18,203499,Shane Larkin,1610612738,BOS,54,39,15,14.3,0.4,1.5,0.291,1.0,0.1,0.5,0.28,0.335
2017-18,1627885,Shaquille Harrison,1610612756,PHX,23,3,20,16.7,0.1,0.4,0.222,0.2,0.0,0.3,0.143,0.278
2017-18,2733,Shaun Livingston,1610612744,GSW,71,49,22,15.9,1.2,2.8,0.439,2.4,0.0,0.0,0.0,0.439
2017-18,202714,Shelvin Mack,1610612753,ORL,69,21,48,19.8,0.7,2.1,0.324,1.7,0.3,0.9,0.281,0.385
2017-18,1628414,Sindarius Thornwell,1610612746,LAC,73,36,37,15.8,0.1,0.2,0.471,0.2,0.0,0.0,0.0,0.471
2017-18,1627746,Skal Labissiere,1610612758,SAC,60,19,41,20.7,0.3,1.1,0.281,0.6,0.0,0.1,0.2,0.289
2017-18,203524,Solomon Hill,1610612740,NOP,12,8,4,15.6,0.1,0.3,0.333,0.2,0.0,0.1,0.0,0.333
2017-18,203915,Spencer Dinwiddie,1610612751,BKN,80,28,52,28.8,1.3,4.1,0.327,3.5,0.8,2.9,0.293,0.431
2017-18,1626169,Stanley Johnson,1610612765,DET,69,33,36,27.4,0.6,2.1,0.299,1.3,0.1,0.4,0.133,0.313
2017-18,201939,Stephen Curry,1610612744,GSW,51,41,10,32.0,3.3,7.0,0.468,8.3,1.8,4.5,0.41,0.599
2017-18,1628425,Sterling Brown,1610612749,MIL,54,26,28,14.4,0.3,0.7,0.472,0.7,0.1,0.1,0.5,0.528
2017-18,203500,Steven Adams,1610612760,OKC,76,43,33,32.7,0.0,0.1,0.1,0.0,0.0,0.0,0.0,0.1
2017-18,1628388,T.J. Leaf,1610612754,IND,53,31,22,8.7,0.1,0.2,0.364,0.2,0.0,0.0,,0.364
2017-18,204456,T.J. McConnell,1610612755,PHI,76,50,26,22.5,1.1,2.2,0.488,2.1,0.0,0.1,0.333,0.497
2017-18,203933,T.J. Warren,1610612756,PHX,65,18,47,33.0,1.4,3.8,0.365,2.7,0.0,0.2,0.0,0.365
2017-18,201959,Taj Gibson,1610612750,MIN,82,47,35,33.2,0.2,0.5,0.349,0.4,0.0,0.0,,0.349
2017-18,204028,Tarik Black,1610612745,HOU,51,40,11,10.5,0.0,0.1,0.0,0.0,0.0,0.1,0.0,0.0
2017-18,1627752,Taurean Prince,1610612737,ATL,82,24,58,30.0,0.9,2.9,0.321,2.2,0.4,1.4,0.295,0.391
2017-18,1628390,Terrance Ferguson,1610612760,OKC,61,37,24,12.5,0.1,0.2,0.4,0.2,0.0,0.1,0.25,0.433
2017-18,203082,Terrence Ross,1610612753,ORL,24,10,14,25.0,0.9,2.6,0.355,2.1,0.3,0.8,0.368,0.411
2017-18,1626179,Terry Rozier,1610612738,BOS,80,54,26,25.9,1.4,3.8,0.363,3.5,0.7,2.0,0.36,0.459
2017-18,200757,Thabo Sefolosha,1610612762,UTA,38,16,22,21.2,0.3,0.7,0.423,0.6,0.1,0.1,0.5,0.462
2017-18,201152,Thaddeus Young,1610612754,IND,81,48,33,32.2,0.4,1.0,0.381,0.8,0.0,0.1,0.25,0.399
2017-18,1628418,Thomas Bryant,1610612747,LAL,15,7,8,4.8,0.1,0.2,0.333,0.1,0.0,0.1,0.0,0.333
2017-18,1627748,Thon Maker,1610612749,MIL,74,40,34,16.7,0.0,0.1,0.0,0.0,0.0,0.0,0.0,0.0
2017-18,204025,Tim Frazier,1610612764,WAS,59,31,28,14.2,0.5,1.3,0.373,1.1,0.1,0.4,0.333,0.42
2017-18,203501,Tim Hardaway Jr.,1610612752,NYK,57,19,38,33.1,1.6,4.5,0.366,3.9,0.6,2.3,0.287,0.438
2017-18,1627817,Tim Quarterman,1610612745,HOU,3,2,1,4.3,0.0,0.7,0.0,0.0,0.0,0.7,0.0,0.0
2017-18,202389,Timofey Mozgov,1610612751,BKN,31,12,19,11.6,0.0,0.0,0.0,0.0,0.0,0.0,,0.0
2017-18,1627789,Timothe Luwawu-Cabarrot,1610612755,PHI,52,29,23,15.5,0.1,0.3,0.385,0.3,0.1,0.2,0.444,0.538
2017-18,202699,Tobias Harris,1610612746,LAC,80,39,41,33.3,1.8,4.1,0.427,3.9,0.4,1.0,0.432,0.48
2017-18,203107,Tomas Satoransky,1610612764,WAS,73,39,34,22.5,0.4,1.1,0.361,0.8,0.0,0.1,0.0,0.361
2017-18,2754,Tony Allen,1610612740,NOP,22,12,10,12.4,0.0,0.1,0.0,0.0,0.0,0.0,,0.0
2017-18,1628396,Tony Bradley,1610612762,UTA,9,6,3,3.2,0.0,0.0,,0.0,0.0,0.0,,
2017-18,2225,Tony Parker,1610612759,SAS,55,32,23,19.5,1.1,2.7,0.404,2.2,0.0,0.0,0.5,0.408
2017-18,203503,Tony Snell,1610612749,MIL,75,42,33,27.4,0.3,0.6,0.521,0.7,0.1,0.1,0.4,0.563
2017-18,1628470,Torrey Craig,1610612743,DEN,39,22,17,16.1,0.0,0.2,0.111,0.1,0.0,0.2,0.0,0.111
2017-18,204037,Travis Wear,1610612747,LAL,17,7,10,13.4,0.4,0.9,0.375,0.8,0.1,0.3,0.4,0.438
2017-18,1626203,Treveon Graham,1610612766,CHA,63,28,35,16.7,0.3,0.6,0.4,0.5,0.0,0.1,0.2,0.413
2017-18,2772,Trevor Ariza,1610612745,HOU,67,51,16,33.9,0.3,1.3,0.235,0.9,0.3,1.2,0.241,0.347
2017-18,202344,Trevor Booker,1610612754,IND,68,36,32,17.0,0.2,0.4,0.393,0.4,0.0,0.1,0.5,0.429
2017-18,203504,Trey Burke,1610612752,NYK,36,10,26,21.8,2.8,5.8,0.483,5.9,0.3,1.1,0.289,0.51
2017-18,1626168,Trey Lyles,1610612743,DEN,73,41,32,19.1,0.4,1.1,0.342,0.8,0.1,0.3,0.2,0.373
2017-18,203590,Trey McKinney-Jones,1610612754,IND,1,1,0,1.2,0.0,0.0,,0.0,,,,
2017-18,202684,Tristan Thompson,1610612739,CLE,53,27,26,20.2,0.1,0.2,0.3,0.1,,,,0.3
2017-18,203584,Troy Daniels,1610612756,PHX,79,20,59,20.5,0.8,1.8,0.411,2.1,0.6,1.4,0.411,0.562
2017-18,1627786,Troy Williams,1610612752,NYK,21,7,14,14.6,0.1,0.5,0.2,0.2,0.0,0.2,0.25,0.25
2017-18,1628463,Tyler Cavanaugh,1610612737,ATL,39,11,28,13.3,0.0,0.1,0.25,0.1,0.0,0.1,0.0,0.25
2017-18,1628416,Tyler Dorsey,1610612737,ATL,56,15,41,17.4,0.8,2.2,0.388,2.1,0.4,1.0,0.386,0.479
2017-18,203898,Tyler Ennis,1610612747,LAL,54,22,32,12.7,0.3,1.1,0.263,0.6,0.1,0.4,0.158,0.289
2017-18,204020,Tyler Johnson,1610612748,MIA,72,39,33,28.5,0.7,1.8,0.382,1.5,0.1,0.3,0.333,0.408
2017-18,1628399,Tyler Lydon,1610612743,DEN,1,1,0,2.2,0.0,0.0,,0.0,,,,
2017-18,1627755,Tyler Ulis,1610612756,PHX,71,20,51,23.4,1.9,4.7,0.399,4.1,0.3,1.2,0.279,0.435
2017-18,203092,Tyler Zeller,1610612749,MIL,66,27,39,16.8,0.0,0.1,0.25,0.0,0.0,0.0,0.0,0.25
2017-18,201936,Tyreke Evans,1610612763,MEM,52,19,33,30.9,1.9,4.8,0.406,5.2,1.3,3.2,0.411,0.544
2017-18,1627820,Tyrone Wallace,1610612746,LAC,30,17,13,28.4,0.3,1.1,0.281,0.6,0.0,0.0,0.0,0.281
2017-18,2199,Tyson Chandler,1610612756,PHX,46,15,31,25.0,0.0,0.0,,0.0,,,,
2017-18,1626145,Tyus Jones,1610612750,MIN,82,47,35,17.9,0.4,1.0,0.38,0.8,0.0,0.3,0.136,0.399
2017-18,2617,Udonis Haslem,1610612748,MIA,14,9,5,5.1,0.0,0.0,,0.0,0.0,0.0,,
2017-18,203505,Vander Blue,1610612747,LAL,5,1,4,9.0,0.0,0.0,,0.0,0.0,0.0,,
2017-18,203506,Victor Oladipo,1610612754,IND,75,48,27,34.0,3.3,7.9,0.412,7.6,1.0,2.9,0.356,0.476
2017-18,1713,Vince Carter,1610612758,SAC,58,20,38,17.7,0.3,1.0,0.31,0.7,0.1,0.4,0.13,0.336
2017-18,1626205,Vincent Hunter,1610612763,MEM,4,0,4,1.9,0.0,0.0,,0.0,,,,
2017-18,1627735,Wade Baldwin IV,1610612757,POR,7,4,3,11.5,0.1,0.9,0.167,0.3,0.0,0.1,0.0,0.167
2017-18,1627215,Walt Lemon Jr.,1610612740,NOP,5,4,1,7.0,0.2,0.2,1.0,0.6,0.2,0.2,1.0,1.5
2017-18,201961,Wayne Ellington,1610612748,MIA,77,42,35,26.5,0.8,2.1,0.392,2.2,0.6,1.6,0.384,0.544
2017-18,1627782,Wayne Selden,1610612763,MEM,35,10,25,19.8,0.9,2.1,0.419,2.1,0.4,1.0,0.382,0.507
2017-18,1628411,Wes Iwundu,1610612753,ORL,62,18,44,16.5,0.2,0.7,0.244,0.4,0.0,0.1,0.0,0.244
2017-18,202325,Wesley Johnson,1610612746,LAC,74,38,36,20.1,0.6,1.4,0.39,1.2,0.1,0.2,0.375,0.419
2017-18,202083,Wesley Matthews,1610612742,DAL,63,20,43,33.8,1.3,3.3,0.402,3.2,0.5,1.3,0.383,0.476
2017-18,203115,Will Barton,1610612743,DEN,81,46,35,33.1,1.1,3.2,0.346,2.9,0.7,2.0,0.337,0.451
2017-18,1626161,Willie Cauley-Stein,1610612758,SAC,73,23,50,28.0,0.2,0.9,0.266,0.5,0.0,0.1,0.0,0.266
2017-18,203186,Willie Reed,1610612765,DET,42,20,22,10.2,0.0,0.1,0.25,0.1,0.0,0.0,0.5,0.375
2017-18,1626195,Willy Hernangomez,1610612766,CHA,48,20,28,10.3,0.1,0.1,0.5,0.1,0.0,0.0,,0.5
2017-18,201163,Wilson Chandler,1610612743,DEN,74,41,33,31.7,0.4,1.5,0.287,1.0,0.1,0.5,0.225,0.329
2017-18,204098,Xavier Munford,1610612749,MIL,6,2,4,3.5,0.0,0.2,0.0,0.0,0.0,0.2,0.0,0.0
2017-18,1628504,Xavier Rathan-Mayes,1610612763,MEM,5,0,5,23.6,1.0,4.4,0.227,2.0,0.0,1.8,0.0,0.227
2017-18,202918,Xavier Silas,1610612738,BOS,2,1,1,3.7,0.0,0.0,,0.0,0.0,0.0,,
2017-18,1627812,Yogi Ferrell,1610612742,DAL,82,24,58,27.8,1.7,4.0,0.438,4.0,0.5,1.5,0.354,0.508
2017-18,1628380,Zach Collins,1610612757,POR,66,41,25,15.8,0.1,0.4,0.25,0.2,0.0,0.0,0.0,0.25
2017-18,203897,Zach LaVine,1610612741,CHI,24,9,15,27.3,2.0,6.0,0.34,5.2,1.1,3.1,0.365,0.434
2017-18,2216,Zach Randolph,1610612758,SAC,59,18,41,25.6,0.5,1.4,0.346,1.0,0.0,0.1,0.25,0.352
2017-18,2585,Zaza Pachulia,1610612744,GSW,69,47,22,14.1,0.0,0.1,0.75,0.1,0.0,0.0,,0.75
2017-18,1627753,Zhou Qi,1610612745,HOU,18,14,4,6.9,0.0,0.1,0.0,0.0,0.0,0.0,,0.0
2016-17,1627773,AJ Hammons,1610612742,DAL,22,4,18,7.4,0.0,0.2,0.0,0.0,0.0,0.0,,0.0
2016-17,201166,Aaron Brooks,1610612754,IND,65,36,29,13.7,0.7,1.7,0.418,1.7,0.3,0.8,0.385,0.509
2016-17,203932,Aaron Gordon,1610612753,ORL,80,29,51,28.7,1.0,3.0,0.331,2.2,0.2,0.8,0.231,0.362
2016-17,1626151,Aaron Harrison,1610612766,CHA,5,2,3,3.3,0.0,0.4,0.0,0.0,0.0,0.0,,0.0
2016-17,203940,Adreian Payne,1610612750,MIN,18,5,13,7.5,0.2,0.4,0.375,0.3,0.0,0.1,0.0,0.375
2016-17,201143,Al Horford,1610612738,BOS,68,46,22,32.3,0.4,1.2,0.304,0.7,0.0,0.0,0.333,0.31
2016-17,2744,Al Jefferson,1610612754,IND,66,33,33,14.1,0.2,0.7,0.326,0.5,0.0,0.0,,0.326
2016-17,202329,Al-Farouq Aminu,1610612757,POR,61,33,28,29.1,0.2,0.6,0.378,0.5,0.0,0.1,0.167,0.392
2016-17,101187,Alan Anderson,1610612746,LAC,30,20,10,10.3,0.2,0.7,0.238,0.4,0.1,0.3,0.3,0.31
2016-17,1626210,Alan Williams,1610612756,PHX,47,11,36,15.1,0.0,0.1,0.167,0.0,0.0,0.0,,0.167
2016-17,202692,Alec Burks,1610612762,UTA,42,26,16,15.5,0.8,1.9,0.425,1.7,0.1,0.5,0.238,0.456
2016-17,203518,Alex Abrines,1610612760,OKC,68,37,31,15.5,0.2,0.7,0.271,0.5,0.1,0.4,0.208,0.323
2016-17,203458,Alex Len,1610612756,PHX,77,21,56,20.3,0.1,0.2,0.294,0.1,0.0,0.0,0.0,0.294
2016-17,1627816,Alex Poythress,1610612755,PHI,6,0,6,26.1,0.2,0.2,1.0,0.3,0.0,0.0,,1.0
2016-17,201582,Alexis Ajinca,1610612740,NOP,39,15,24,15.0,0.2,0.2,0.667,0.3,0.0,0.0,,0.667
2016-17,203459,Allen Crabbe,1610612757,POR,79,39,40,28.5,0.8,1.7,0.457,1.7,0.1,0.2,0.294,0.475
2016-17,202087,Alonzo Gee,1610612743,DEN,13,4,9,6.9,0.0,0.2,0.0,0.0,0.0,0.1,0.0,0.0
2016-17,101161,Amir Johnson,1610612738,BOS,80,51,29,20.1,0.0,0.1,0.375,0.1,0.0,0.1,0.4,0.5
2016-17,2760,Anderson Varejao,1610612744,GSW,14,12,2,6.6,0.1,0.1,1.0,0.1,,,,1.0
2016-17,203083,Andre Drummond,1610612765,DET,81,36,45,29.7,0.2,0.8,0.265,0.5,0.0,0.0,0.667,0.279
2016-17,2738,Andre Iguodala,1610612744,GSW,76,64,12,26.3,0.4,0.8,0.5,0.9,0.1,0.3,0.421,0.563
2016-17,203460,Andre Roberson,1610612760,OKC,79,46,33,30.1,0.0,0.1,0.125,0.0,0.0,0.1,0.0,0.125
2016-17,101106,Andrew Bogut,1610612739,CLE,27,8,19,21.6,0.1,0.2,0.333,0.1,0.0,0.0,,0.333
2016-17,1626150,Andrew Harrison,1610612763,MEM,72,38,34,20.5,0.5,1.8,0.268,1.2,0.2,0.9,0.266,0.335
2016-17,203094,Andrew Nicholson,1610612751,BKN,38,20,18,9.0,0.1,0.3,0.3,0.2,0.0,0.0,0.0,0.3
2016-17,203952,Andrew Wiggins,1610612750,MIN,82,31,51,37.2,3.0,8.1,0.371,6.4,0.4,1.3,0.292,0.394
2016-17,203461,Anthony Bennett,1610612751,BKN,23,3,20,11.5,0.0,0.2,0.25,0.1,0.0,0.1,0.5,0.375
2016-17,1626148,Anthony Brown,1610612753,ORL,11,3,8,14.5,0.7,1.5,0.5,1.7,0.3,0.5,0.6,0.594
2016-17,203076,Anthony Davis,1610612740,NOP,75,31,44,36.1,1.9,4.5,0.424,3.8,0.0,0.1,0.2,0.426
2016-17,201627,Anthony Morrow,1610612741,CHI,49,25,24,14.6,0.4,1.1,0.375,0.9,0.0,0.1,0.0,0.375
2016-17,201229,Anthony Tolliver,1610612758,SAC,65,26,39,22.7,0.1,0.2,0.333,0.2,0.0,0.0,0.0,0.333
2016-17,203462,Archie Goodwin,1610612751,BKN,15,8,7,14.3,0.3,0.7,0.4,0.6,0.1,0.3,0.2,0.45
2016-17,202620,Arinze Onuaku,1610612753,ORL,8,3,5,3.5,0.0,0.0,,0.0,,,,
2016-17,203382,Aron Baynes,1610612765,DET,75,34,41,15.5,0.0,0.1,0.4,0.1,,,,0.4
2016-17,201167,Arron Afflalo,1610612758,SAC,61,23,38,25.9,0.9,2.2,0.432,2.0,0.1,0.2,0.333,0.451
2016-17,203085,Austin Rivers,1610612746,LAC,74,43,31,27.8,1.1,2.7,0.401,2.7,0.5,1.4,0.377,0.503
2016-17,202340,Avery Bradley,1610612738,BOS,55,34,21,33.4,1.8,4.1,0.453,4.2,0.6,1.4,0.413,0.522
2016-17,1626253,Axel Toupane,1610612740,NOP,4,2,2,11.9,0.3,0.8,0.333,0.5,0.0,0.3,0.0,0.333
2016-17,1627791,Ben Bentil,1610612742,DAL,3,2,1,3.3,0.0,0.7,0.0,0.0,0.0,0.0,,0.0
2016-17,203463,Ben McLemore,1610612758,SAC,61,27,34,19.3,0.6,1.7,0.365,1.4,0.2,0.5,0.375,0.423
2016-17,2757,Beno Udrih,1610612765,DET,39,18,21,14.4,1.4,3.2,0.455,3.0,0.1,0.5,0.278,0.476
2016-17,202687,Bismack Biyombo,1610612753,ORL,81,29,52,22.1,0.0,0.1,0.091,0.0,,,,0.091
2016-17,201933,Blake Griffin,1610612746,LAC,61,40,21,34.0,1.1,2.7,0.411,2.2,0.0,0.2,0.133,0.417
2016-17,1626246,Boban Marjanovic,1610612765,DET,35,16,19,8.4,0.1,0.1,0.4,0.1,,,,0.4
2016-17,201628,Bobby Brown,1610612745,HOU,25,18,7,4.9,0.6,1.6,0.359,1.4,0.2,0.8,0.3,0.436
2016-17,1626171,Bobby Portis,1610612741,CHI,64,30,34,15.6,0.4,1.1,0.362,0.8,0.0,0.0,0.0,0.362
2016-17,202711,Bojan Bogdanovic,1610612764,WAS,81,23,58,25.7,0.7,2.0,0.358,1.7,0.3,1.0,0.325,0.435
2016-17,2564,Boris Diaw,1610612762,UTA,73,45,28,17.6,0.3,0.9,0.328,0.6,0.0,0.1,0.143,0.336
2016-17,203078,Bradley Beal,1610612764,WAS,77,48,29,34.9,2.6,5.6,0.458,5.9,0.8,2.1,0.373,0.527
2016-17,201148,Brandan Wright,1610612763,MEM,28,14,14,16.0,0.0,0.3,0.143,0.1,0.0,0.0,0.0,0.143
2016-17,101138,Brandon Bass,1610612746,LAC,52,29,23,11.1,0.1,0.3,0.412,0.3,0.0,0.0,,0.412
2016-17,1627742,Brandon Ingram,1610612747,LAL,79,26,53,28.9,0.9,2.6,0.346,1.8,0.0,0.2,0.105,0.351
2016-17,201943,Brandon Jennings,1610612764,WAS,81,37,44,22.2,1.1,3.4,0.326,2.8,0.6,1.9,0.29,0.408
2016-17,202688,Brandon Knight,1610612756,PHX,54,16,38,21.1,1.7,4.5,0.378,3.8,0.4,1.1,0.339,0.421
2016-17,201575,Brandon Rush,1610612750,MIN,47,15,32,21.9,0.2,0.6,0.276,0.3,0.0,0.1,0.0,0.276
2016-17,203148,Brian Roberts,1610612766,CHA,41,16,25,10.2,0.5,1.4,0.339,1.0,0.1,0.4,0.176,0.364
2016-17,1627362,Briante Weber,1610612766,CHA,20,12,8,10.2,0.4,1.1,0.318,0.8,0.1,0.4,0.143,0.341
2016-17,1627744,Brice Johnson,1610612746,LAC,3,1,2,3.1,0.0,0.3,0.0,0.0,,,,0.0
2016-17,201572,Brook Lopez,1610612751,BKN,75,20,55,29.6,0.7,1.8,0.377,1.5,0.1,0.3,0.4,0.406
2016-17,203998,Bruno Caboclo,1610612761,TOR,9,8,1,4.5,0.2,0.4,0.5,0.4,0.0,0.1,0.0,0.5
2016-17,1627854,Bryn Forbes,1610612759,SAS,36,24,12,7.9,0.5,1.1,0.447,1.1,0.1,0.4,0.308,0.5
2016-17,1627741,Buddy Hield,1610612758,SAC,82,31,51,23.0,1.4,3.6,0.388,3.3,0.5,1.6,0.336,0.464
2016-17,201228,C.J. Watson,1610612753,ORL,62,20,42,16.3,0.7,1.7,0.411,1.7,0.2,0.6,0.429,0.481
2016-17,203912,C.J. Wilcox,1610612753,ORL,22,8,14,4.9,0.1,0.5,0.2,0.2,0.0,0.0,0.0,0.2
2016-17,203468,CJ McCollum,1610612757,POR,80,40,40,34.9,3.9,8.1,0.478,8.6,0.8,1.9,0.434,0.529
2016-17,101139,CJ Miles,1610612754,IND,76,39,37,23.4,0.5,1.2,0.385,1.0,0.1,0.4,0.281,0.434
2016-17,1626166,Cameron Payne,1610612741,CHI,31,16,15,14.9,0.8,2.7,0.294,1.8,0.2,0.9,0.185,0.324
2016-17,1627747,Caris LeVert,1610612751,BKN,57,15,42,21.7,0.8,2.0,0.409,2.0,0.3,1.1,0.311,0.491
2016-17,2546,Carmelo Anthony,1610612752,NYK,74,29,45,34.3,3.6,9.0,0.404,7.7,0.5,2.0,0.233,0.43
2016-17,202718,Chandler Parsons,1610612763,MEM,34,18,16,19.8,0.4,1.6,0.241,0.9,0.2,0.6,0.316,0.296
2016-17,101112,Channing Frye,1610612739,CLE,74,44,30,18.9,0.3,0.6,0.478,0.6,0.1,0.1,0.444,0.522
2016-17,1626184,Chasson Randle,1610612752,NYK,26,8,18,11.5,0.4,0.8,0.455,1.0,0.2,0.5,0.357,0.568
2016-17,1627767,Cheick Diallo,1610612740,NOP,17,9,8,11.7,0.2,0.5,0.333,0.4,,,,0.333
2016-17,1627778,Chinanu Onuaku,1610612745,HOU,5,2,3,10.3,0.0,0.0,,0.0,,,,
2016-17,2365,Chris Andersen,1610612739,CLE,12,8,4,9.5,0.1,0.2,0.5,0.2,0.0,0.0,,0.5
2016-17,1626191,Chris McCullough,1610612764,WAS,16,1,15,5.0,0.1,0.3,0.25,0.1,0.0,0.1,0.0,0.25
2016-17,101108,Chris Paul,1610612746,LAC,61,43,18,31.5,4.3,9.3,0.462,9.9,1.3,3.5,0.387,0.534
2016-17,1626174,Christian Wood,1610612766,CHA,13,5,8,8.2,0.0,0.1,0.0,0.0,0.0,0.0,,0.0
2016-17,203991,Clint Capela,1610612745,HOU,65,44,21,23.9,0.0,0.0,,0.0,,,,
2016-17,203469,Cody Zeller,1610612766,CHA,62,33,29,27.8,0.1,0.3,0.5,0.3,0.0,0.0,,0.5
2016-17,202332,Cole Aldrich,1610612750,MIN,62,23,39,8.6,0.0,0.0,0.0,0.0,,,,0.0
2016-17,201147,Corey Brewer,1610612747,LAL,82,47,35,15.6,0.1,0.3,0.429,0.3,0.0,0.1,0.25,0.464
2016-17,202709,Cory Joseph,1610612761,TOR,80,49,31,25.0,1.1,2.8,0.401,2.3,0.0,0.2,0.188,0.407
2016-17,201584,Courtney Lee,1610612752,NYK,77,29,48,31.9,1.5,3.2,0.462,3.1,0.2,0.5,0.371,0.488
2016-17,1626245,Cristiano Felicio,1610612741,CHI,66,31,35,15.8,0.1,0.1,0.444,0.1,,,,0.444
2016-17,1626156,D'Angelo Russell,1610612747,LAL,63,21,42,28.7,2.4,6.4,0.373,5.7,1.0,2.9,0.339,0.449
2016-17,201571,D.J. Augustin,1610612753,ORL,78,29,49,19.7,1.0,2.9,0.358,2.6,0.5,1.6,0.306,0.44
2016-17,2563,Dahntay Jones,1610612739,CLE,1,0,1,12.0,1.0,1.0,1.0,2.0,0.0,0.0,,1.0
2016-17,1627745,Damian Jones,1610612744,GSW,10,7,3,8.5,0.0,0.0,,0.0,,,,
2016-17,203081,Damian Lillard,1610612757,POR,75,38,37,35.9,3.5,8.9,0.397,8.7,1.7,4.7,0.358,0.492
2016-17,204014,Damjan Rudez,1610612753,ORL,45,12,33,7.0,0.2,0.4,0.389,0.4,0.1,0.2,0.429,0.472
2016-17,1627849,Daniel Ochefu,1610612764,WAS,19,12,7,3.9,0.0,0.0,,0.0,,,,
2016-17,201568,Danilo Gallinari,1610612743,DEN,63,31,32,33.9,1.1,3.2,0.34,2.3,0.2,0.8,0.25,0.37
2016-17,201980,Danny Green,1610612759,SAS,68,51,17,26.6,0.5,1.4,0.362,1.3,0.3,0.7,0.37,0.452
2016-17,201967,Dante Cunningham,1610612740,NOP,66,28,38,25.0,0.0,0.2,0.154,0.1,0.0,0.1,0.0,0.154
2016-17,203957,Dante Exum,1610612762,UTA,66,40,26,18.6,0.1,0.5,0.242,0.3,0.0,0.2,0.067,0.258
2016-17,1627863,Danuel House Jr.,1610612764,WAS,1,0,1,0.8,0.0,0.0,,0.0,,,,
2016-17,203967,Dario Saric,1610612755,PHI,81,28,53,26.3,0.5,1.8,0.282,1.1,0.1,0.4,0.182,0.303
2016-17,201589,Darrell Arthur,1610612743,DEN,41,20,21,15.6,0.2,0.7,0.296,0.4,0.0,0.1,0.333,0.315
2016-17,201954,Darren Collison,1610612758,SAC,68,26,42,30.3,2.0,4.6,0.435,4.3,0.3,0.9,0.323,0.468
2016-17,1626199,Darrun Hilliard,1610612765,DET,39,19,20,9.8,0.6,1.5,0.404,1.3,0.1,0.4,0.214,0.43
2016-17,101135,David Lee,1610612759,SAS,79,58,21,18.7,0.1,0.3,0.364,0.2,,,,0.364
2016-17,1628021,David Nwaba,1610612747,LAL,20,5,15,19.9,0.0,0.2,0.0,0.0,0.0,0.0,,0.0
2016-17,2561,David West,1610612744,GSW,68,56,12,12.6,0.0,0.1,0.25,0.1,0.0,0.0,0.0,0.25
2016-17,202722,Davis Bertans,1610612759,SAS,67,51,16,12.1,0.1,0.3,0.391,0.3,0.1,0.2,0.308,0.478
2016-17,201599,DeAndre Jordan,1610612746,LAC,81,51,30,31.7,0.0,0.0,,0.0,0.0,0.0,,
2016-17,202732,DeAndre Liggins,1610612742,DAL,62,40,22,12.5,0.1,0.4,0.182,0.1,0.0,0.1,0.25,0.205
2016-17,1627761,DeAndre' Bembry,1610612737,ATL,38,20,18,9.8,0.2,0.3,0.5,0.3,0.0,0.0,0.0,0.5
2016-17,201942,DeMar DeRozan,1610612761,TOR,74,47,27,35.4,4.7,10.3,0.457,9.5,0.1,0.5,0.158,0.461
2016-17,202326,DeMarcus Cousins,1610612740,NOP,72,30,42,34.2,1.0,2.8,0.377,2.3,0.2,0.6,0.405,0.42
2016-17,201960,DeMarre Carroll,1610612761,TOR,72,44,28,26.1,0.4,1.0,0.377,0.8,0.1,0.3,0.381,0.435
2016-17,1627749,Dejounte Murray,1610612759,SAS,38,29,9,8.5,0.2,0.7,0.286,0.4,0.0,0.1,0.25,0.304
2016-17,1626153,Delon Wright,1610612761,TOR,27,19,8,16.5,0.2,1.0,0.192,0.5,0.1,0.5,0.308,0.269
2016-17,1627743,Demetrius Jackson,1610612738,BOS,5,1,4,3.4,0.2,0.2,1.0,0.4,0.0,0.0,,1.0
2016-17,203471,Dennis Schroder,1610612737,ATL,79,42,37,31.5,1.9,4.9,0.383,4.3,0.5,1.6,0.292,0.432
2016-17,1627756,Denzel Valentine,1610612741,CHI,57,28,29,17.1,0.5,1.6,0.29,1.2,0.3,0.9,0.283,0.371
2016-17,101114,Deron Williams,1610612739,CLE,64,25,39,25.9,1.8,4.0,0.438,3.9,0.4,1.4,0.307,0.49
2016-17,202324,Derrick Favors,1610612762,UTA,50,33,17,23.7,0.1,0.4,0.286,0.2,0.0,0.0,,0.286
2016-17,1627884,Derrick Jones Jr.,1610612756,PHX,32,7,25,17.0,0.2,0.5,0.294,0.3,0.0,0.1,0.5,0.324
2016-17,201565,Derrick Rose,1610612752,NYK,64,26,38,32.5,2.3,5.3,0.438,4.7,0.1,0.3,0.25,0.443
2016-17,202682,Derrick Williams,1610612739,CLE,50,16,34,16.1,0.3,0.7,0.455,0.7,0.1,0.2,0.3,0.5
2016-17,1626164,Devin Booker,1610612756,PHX,78,24,54,35.0,2.9,7.2,0.404,6.3,0.6,1.7,0.331,0.442
2016-17,2734,Devin Harris,1610612742,DAL,65,29,36,16.7,0.5,1.4,0.352,1.2,0.2,0.8,0.265,0.426
2016-17,203473,Dewayne Dedmon,1610612759,SAS,76,55,21,17.5,0.0,0.0,0.333,0.0,,,,0.333
2016-17,1627738,Deyonta Davis,1610612763,MEM,36,23,13,6.6,0.0,0.0,,0.0,,,,
2016-17,1627754,Diamond Stone,1610612746,LAC,7,6,1,3.5,0.1,0.3,0.5,0.3,,,,0.5
2016-17,203079,Dion Waiters,1610612748,MIA,46,27,19,30.1,1.7,4.6,0.36,3.7,0.4,1.4,0.288,0.405
2016-17,1717,Dirk Nowitzki,1610612742,DAL,54,23,31,26.4,1.0,2.5,0.407,2.1,0.0,0.2,0.091,0.411
2016-17,1627734,Domantas Sabonis,1610612760,OKC,81,46,35,20.1,0.0,0.1,0.222,0.0,0.0,0.0,,0.222
2016-17,202700,Donatas Motiejunas,1610612740,NOP,34,16,18,14.1,0.0,0.2,0.167,0.1,0.0,0.1,0.0,0.167
2016-17,1627827,Dorian Finney-Smith,1610612742,DAL,81,33,48,20.3,0.1,0.4,0.258,0.2,0.0,0.1,0.2,0.29
2016-17,203926,Doug McDermott,1610612760,OKC,66,35,31,22.8,0.8,1.7,0.45,1.6,0.0,0.1,0.429,0.464
2016-17,1627733,Dragan Bender,1610612756,PHX,43,13,30,13.3,0.1,0.3,0.25,0.1,0.0,0.0,0.0,0.25
2016-17,203110,Draymond Green,1610612744,GSW,76,62,14,32.5,0.1,0.4,0.25,0.2,0.0,0.1,0.1,0.266
2016-17,2730,Dwight Howard,1610612737,ATL,74,37,37,29.7,0.0,0.0,0.0,0.0,0.0,0.0,,0.0
2016-17,203939,Dwight Powell,1610612742,DAL,77,30,47,17.3,0.1,0.2,0.235,0.1,0.0,0.1,0.0,0.235
2016-17,2548,Dwyane Wade,1610612741,CHI,60,29,31,29.9,3.1,8.0,0.39,6.7,0.5,1.4,0.325,0.418
2016-17,202734,E'Twaun Moore,1610612740,NOP,73,32,41,24.9,1.0,2.5,0.409,2.3,0.2,0.4,0.464,0.444
2016-17,202334,Ed Davis,1610612757,POR,46,19,27,17.2,0.0,0.0,,0.0,,,,
2016-17,204002,Edy Tavares,1610612739,CLE,2,1,1,13.8,0.0,0.0,,0.0,,,,
2016-17,203901,Elfrid Payton,1610612753,ORL,82,29,53,29.4,0.9,2.2,0.391,1.8,0.1,0.2,0.385,0.405
2016-17,202407,Elijah Millsap,1610612756,PHX,2,1,1,11.6,0.0,2.0,0.0,0.0,0.0,1.0,0.0,0.0
2016-17,1626144,Emmanuel Mudiay,1610612743,DEN,55,25,30,25.6,0.7,2.7,0.277,1.6,0.1,0.8,0.163,0.301
2016-17,202683,Enes Freedom,1610612760,OKC,72,43,29,21.3,0.1,0.3,0.24,0.2,0.0,0.0,0.0,0.24
2016-17,202339,Eric Bledsoe,1610612756,PHX,66,22,44,33.0,2.4,6.8,0.35,5.6,0.8,2.6,0.314,0.409
2016-17,201569,Eric Gordon,1610612745,HOU,75,50,25,31.0,1.0,2.8,0.365,2.8,0.8,2.0,0.38,0.502
2016-17,101141,Ersan Ilyasova,1610612737,ATL,82,35,47,26.1,0.5,1.8,0.299,1.2,0.2,0.8,0.221,0.351
2016-17,203095,Evan Fournier,1610612753,ORL,68,23,45,32.8,1.4,3.5,0.402,3.3,0.5,1.4,0.32,0.467
2016-17,202323,Evan Turner,1610612757,POR,65,34,31,25.5,1.5,3.6,0.417,3.1,0.1,0.2,0.364,0.426
2016-17,1626163,Frank Kaminsky,1610612766,CHA,75,31,44,26.1,0.2,1.2,0.187,0.5,0.0,0.1,0.111,0.192
2016-17,1627832,Fred VanVleet,1610612761,TOR,37,25,12,7.9,0.2,0.6,0.409,0.5,0.1,0.2,0.333,0.455
2016-17,202066,Garrett Temple,1610612758,SAC,65,25,40,26.6,0.6,1.8,0.319,1.3,0.1,0.5,0.235,0.353
2016-17,203914,Gary Harris,1610612743,DEN,57,29,28,31.3,0.6,1.8,0.327,1.3,0.2,0.7,0.225,0.371
2016-17,202390,Gary Neal,1610612737,ATL,2,1,1,9.2,0.0,2.5,0.0,0.0,0.0,0.5,0.0,0.0
2016-17,1627780,Gary Payton II,1610612749,MIL,6,2,4,16.5,0.2,0.3,0.5,0.3,0.0,0.2,0.0,0.5
2016-17,201588,George Hill,1610612762,UTA,49,33,16,31.5,2.2,5.1,0.438,5.2,0.8,1.8,0.425,0.512
2016-17,1627777,Georges Niang,1610612754,IND,23,11,12,4.0,0.0,0.2,0.0,0.0,0.0,0.0,,0.0
2016-17,1627834,Georgios Papagiannis,1610612758,SAC,22,7,15,16.1,0.0,0.2,0.0,0.0,0.0,0.1,0.0,0.0
2016-17,101123,Gerald Green,1610612738,BOS,47,32,15,11.4,0.7,1.7,0.413,1.6,0.1,0.6,0.259,0.456
2016-17,201945,Gerald Henderson,1610612755,PHI,72,24,48,23.2,1.0,2.5,0.407,2.1,0.1,0.3,0.238,0.421
2016-17,203507,Giannis Antetokounmpo,1610612749,MIL,80,42,38,35.6,1.3,3.9,0.34,2.8,0.2,0.7,0.254,0.364
2016-17,203922,Glenn Robinson III,1610612754,IND,69,35,34,20.7,0.3,0.9,0.393,0.7,0.0,0.1,0.333,0.41
2016-17,201609,Goran Dragic,1610612748,MIA,73,40,33,33.7,2.2,5.4,0.412,5.0,0.6,1.4,0.424,0.465
2016-17,202330,Gordon Hayward,1610612762,UTA,73,46,27,34.5,2.5,5.9,0.423,5.7,0.7,1.6,0.417,0.48
2016-17,203476,Gorgui Dieng,1610612750,MIN,82,31,51,32.4,0.3,0.7,0.361,0.5,0.0,0.1,0.167,0.369
2016-17,202328,Greg Monroe,1610612749,MIL,81,42,39,22.5,0.0,0.1,0.429,0.1,0.0,0.0,0.0,0.429
2016-17,202349,Greivis Vasquez,1610612751,BKN,3,1,2,12.9,0.7,1.3,0.5,1.7,0.3,0.7,0.5,0.625
2016-17,203084,Harrison Barnes,1610612742,DAL,79,32,47,35.5,2.3,5.5,0.426,4.8,0.1,0.3,0.308,0.435
2016-17,202355,Hassan Whiteside,1610612748,MIA,77,39,38,32.6,0.2,0.6,0.396,0.5,,,,0.396
2016-17,1627740,Henry Ellenson,1610612765,DET,19,8,11,7.7,0.1,0.3,0.2,0.1,0.0,0.0,,0.2
2016-17,203138,Hollis Thompson,1610612740,NOP,40,12,28,18.8,0.3,0.6,0.4,0.6,0.1,0.1,0.5,0.44
2016-17,203546,Ian Clark,1610612744,GSW,77,63,14,14.8,0.7,1.7,0.43,1.6,0.1,0.5,0.263,0.469
2016-17,101133,Ian Mahinmi,1610612764,WAS,31,19,12,17.9,0.0,0.0,1.0,0.1,,,,1.0
2016-17,202697,Iman Shumpert,1610612739,CLE,76,48,28,25.5,0.9,2.1,0.447,2.1,0.2,0.6,0.429,0.503
2016-17,203477,Isaiah Canaan,1610612741,CHI,39,19,20,15.2,0.4,1.2,0.292,0.8,0.1,0.6,0.182,0.333
2016-17,1627819,Isaiah Taylor,1610612745,HOU,4,3,1,13.0,0.3,0.8,0.333,0.5,0.0,0.3,0.0,0.333
2016-17,202738,Isaiah Thomas,1610612738,BOS,76,51,25,33.8,2.8,6.7,0.419,7.3,1.6,4.6,0.357,0.54
2016-17,1627785,Isaiah Whitehead,1610612751,BKN,73,17,56,22.5,0.4,1.8,0.248,1.0,0.2,0.8,0.183,0.291
2016-17,202397,Ish Smith,1610612765,DET,81,37,44,24.1,1.7,4.1,0.414,3.5,0.1,0.4,0.167,0.423
2016-17,1627826,Ivica Zubac,1610612747,LAL,38,8,30,16.0,0.1,0.1,0.5,0.1,0.0,0.0,,0.5
2016-17,200826,J.J. Barea,1610612742,DAL,35,11,24,22.0,1.9,5.0,0.369,4.6,0.9,2.6,0.33,0.455
2016-17,200755,JJ Redick,1610612746,LAC,78,50,28,28.2,1.7,4.1,0.427,4.1,0.6,1.6,0.38,0.5
2016-17,2747,JR Smith,1610612739,CLE,41,25,16,29.0,0.7,2.3,0.323,1.9,0.4,1.1,0.34,0.409
2016-17,203210,JaMychal Green,1610612763,MEM,77,40,37,27.3,0.1,0.4,0.321,0.2,0.0,0.1,0.2,0.339
2016-17,201580,JaVale McGee,1610612744,GSW,77,62,15,9.6,0.0,0.1,0.143,0.0,0.0,0.0,,0.143
2016-17,203953,Jabari Parker,1610612749,MIL,51,22,29,33.9,0.8,2.7,0.316,1.7,0.1,0.2,0.25,0.327
2016-17,203109,Jae Crowder,1610612738,BOS,72,48,24,32.4,0.8,2.2,0.366,2.0,0.4,1.0,0.403,0.457
2016-17,1626143,Jahlil Okafor,1610612755,PHI,50,15,35,22.7,0.6,1.6,0.341,1.1,,,,0.341
2016-17,1627774,Jake Layman,1610612757,POR,35,16,19,7.1,0.1,0.4,0.385,0.3,0.1,0.2,0.286,0.462
2016-17,1627751,Jakob Poeltl,1610612761,TOR,54,38,16,11.6,0.0,0.0,,0.0,,,,
2016-17,2037,Jamal Crawford,1610612746,LAC,82,51,31,26.3,2.6,6.2,0.421,6.0,0.7,2.0,0.368,0.479
2016-17,1627750,Jamal Murray,1610612743,DEN,82,40,42,21.5,1.1,3.4,0.336,2.8,0.5,1.6,0.288,0.404
2016-17,2749,Jameer Nelson,1610612743,DEN,75,34,41,27.3,1.3,3.4,0.379,3.1,0.5,1.5,0.325,0.451
2016-17,203516,James Ennis III,1610612763,MEM,64,32,32,23.4,0.2,0.6,0.389,0.5,0.1,0.3,0.389,0.486
2016-17,201935,James Harden,1610612745,HOU,81,54,27,36.4,3.3,9.1,0.364,8.9,2.2,6.6,0.338,0.486
2016-17,201949,James Johnson,1610612748,MIA,76,40,36,27.4,0.7,1.9,0.371,1.5,0.1,0.6,0.178,0.399
2016-17,2592,James Jones,1610612739,CLE,48,28,20,7.9,0.3,0.4,0.65,0.7,0.1,0.2,0.7,0.825
2016-17,203949,James Michael McAdoo,1610612744,GSW,52,43,9,8.8,0.1,0.2,0.333,0.1,0.0,0.0,,0.333
2016-17,203923,James Young,1610612738,BOS,29,16,13,7.6,0.1,0.2,0.286,0.2,0.0,0.0,1.0,0.357
2016-17,201162,Jared Dudley,1610612756,PHX,64,17,47,21.3,0.3,0.5,0.486,0.6,0.1,0.1,0.667,0.543
2016-17,203096,Jared Sullinger,1610612761,TOR,11,2,9,10.7,0.1,0.2,0.5,0.2,0.0,0.0,,0.5
2016-17,204067,Jarell Eddie,1610612756,PHX,5,0,5,12.5,0.0,0.8,0.0,0.0,0.0,0.6,0.0,0.0
2016-17,1626185,Jarell Martin,1610612763,MEM,42,23,19,13.3,0.1,0.2,0.6,0.3,0.0,0.0,0.0,0.6
2016-17,203950,Jarnell Stokes,1610612743,DEN,2,0,2,3.3,0.0,0.0,,0.0,,,,
2016-17,101127,Jarrett Jack,1610612740,NOP,2,1,1,16.5,0.5,1.0,0.5,1.0,0.0,0.5,0.0,0.5
2016-17,1627784,Jarrod Uthoff,1610612742,DAL,9,2,7,12.7,0.2,0.6,0.4,0.4,0.0,0.0,,0.4
2016-17,201160,Jason Smith,1610612764,WAS,74,45,29,14.4,0.1,0.1,0.455,0.1,0.0,0.0,,0.455
2016-17,1891,Jason Terry,1610612749,MIL,74,37,37,18.4,0.2,0.5,0.4,0.5,0.1,0.2,0.412,0.488
2016-17,1627759,Jaylen Brown,1610612738,BOS,78,50,28,17.2,0.2,0.9,0.264,0.5,0.0,0.2,0.077,0.271
2016-17,201145,Jeff Green,1610612753,ORL,69,26,43,22.2,0.8,2.1,0.358,1.7,0.1,0.5,0.25,0.385
2016-17,201952,Jeff Teague,1610612754,IND,82,42,40,32.4,1.5,3.5,0.416,3.4,0.5,1.5,0.331,0.486
2016-17,203481,Jeff Withey,1610612762,UTA,51,33,18,8.5,0.0,0.0,,0.0,0.0,0.0,,
2016-17,203924,Jerami Grant,1610612760,OKC,80,43,37,19.1,0.1,0.3,0.182,0.1,0.0,0.0,0.0,0.182
2016-17,203087,Jeremy Lamb,1610612766,CHA,62,27,35,18.4,1.1,3.0,0.361,2.3,0.2,0.8,0.208,0.388
2016-17,202391,Jeremy Lin,1610612751,BKN,36,13,23,24.5,1.8,4.4,0.408,4.3,0.7,2.0,0.361,0.49
2016-17,1626170,Jerian Grant,1610612741,CHI,63,29,34,16.3,0.7,1.9,0.398,1.7,0.2,0.6,0.361,0.453
2016-17,201573,Jerryd Bayless,1610612755,PHI,3,1,2,23.8,1.0,5.0,0.2,2.7,0.7,1.3,0.5,0.267
2016-17,202710,Jimmy Butler,1610612741,CHI,76,40,36,37.0,2.7,7.3,0.367,5.8,0.5,1.5,0.321,0.399
2016-17,201149,Joakim Noah,1610612752,NYK,46,17,29,22.1,0.0,0.0,0.0,0.0,0.0,0.0,,0.0
2016-17,201975,Jodie Meeks,1610612753,ORL,36,14,22,20.5,0.6,2.0,0.288,1.3,0.1,0.6,0.182,0.315
2016-17,203925,Joe Harris,1610612751,BKN,52,10,42,21.9,0.3,1.0,0.308,0.9,0.3,0.7,0.351,0.433
2016-17,204060,Joe Ingles,1610612762,UTA,82,51,31,24.1,0.5,1.5,0.328,1.3,0.4,0.9,0.403,0.447
2016-17,2207,Joe Johnson,1610612762,UTA,78,47,31,23.6,1.2,3.1,0.387,2.7,0.2,0.7,0.373,0.426
2016-17,1626202,Joe Young,1610612754,IND,33,18,15,4.1,0.5,1.2,0.375,1.0,0.1,0.4,0.167,0.4
2016-17,201202,Joel Anthony,1610612759,SAS,19,15,4,6.4,0.0,0.0,,0.0,,,,
2016-17,1627762,Joel Bolomboy,1610612762,UTA,12,8,4,4.4,0.0,0.1,0.0,0.0,0.0,0.0,,0.0
2016-17,203954,Joel Embiid,1610612755,PHI,31,13,18,25.4,0.7,2.0,0.344,1.5,0.1,0.2,0.429,0.369
2016-17,203530,Joffrey Lauvergne,1610612741,CHI,70,41,29,14.0,0.0,0.1,0.125,0.0,0.0,0.0,0.0,0.125
2016-17,203089,John Henson,1610612749,MIL,58,26,32,19.4,0.0,0.1,0.0,0.0,0.0,0.0,,0.0
2016-17,203098,John Jenkins,1610612756,PHX,4,0,4,3.2,0.3,0.8,0.333,0.8,0.3,0.3,1.0,0.5
2016-17,101249,John Lucas III,1610612750,MIN,5,3,2,2.1,0.0,0.6,0.0,0.0,0.0,0.2,0.0,0.0
2016-17,202322,John Wall,1610612764,WAS,78,48,30,36.4,3.1,8.1,0.386,6.8,0.5,1.7,0.305,0.418
2016-17,203948,Johnny O'Bryant III,1610612766,CHA,11,4,7,7.3,0.1,0.4,0.25,0.2,0.0,0.0,,0.25
2016-17,202720,Jon Leuer,1610612765,DET,75,34,41,25.9,0.5,1.3,0.39,1.0,0.0,0.0,0.0,0.39
2016-17,201973,Jonas Jerebko,1610612738,BOS,78,51,27,15.8,0.1,0.2,0.444,0.2,0.0,0.0,0.0,0.444
2016-17,202685,Jonas Valanciunas,1610612761,TOR,80,50,30,25.8,0.1,0.2,0.333,0.2,0.0,0.0,,0.333
2016-17,1626780,Jonathan Gibson,1610612742,DAL,17,4,13,13.6,0.8,2.4,0.325,1.7,0.2,0.9,0.2,0.363
2016-17,203613,Jonathon Simmons,1610612759,SAS,78,60,18,17.9,0.5,1.6,0.339,1.1,0.0,0.2,0.176,0.351
2016-17,203903,Jordan Clarkson,1610612747,LAL,82,26,56,29.2,1.7,4.6,0.377,4.0,0.5,1.8,0.303,0.435
2016-17,202348,Jordan Crawford,1610612740,NOP,19,9,10,23.3,2.2,5.1,0.438,4.9,0.5,1.6,0.29,0.484
2016-17,200770,Jordan Farmar,1610612758,SAC,2,1,1,17.7,0.5,0.5,1.0,1.5,0.5,0.5,1.0,1.5
2016-17,201941,Jordan Hill,1610612750,MIN,7,2,5,6.7,0.1,0.3,0.5,0.3,,,,0.5
2016-17,203895,Jordan McRae,1610612739,CLE,37,26,11,10.4,0.5,1.2,0.419,1.0,0.0,0.2,0.125,0.43
2016-17,1626175,Jordan Mickey,1610612738,BOS,25,9,16,5.6,0.0,0.0,0.0,0.0,0.0,0.0,,0.0
2016-17,101181,Jose Calderon,1610612737,ATL,41,15,26,13.1,0.5,1.3,0.385,1.0,0.0,0.2,0.25,0.404
2016-17,203962,Josh Huestis,1610612760,OKC,2,0,2,15.4,0.0,0.5,0.0,0.0,0.0,0.0,,0.0
2016-17,201177,Josh McRoberts,1610612748,MIA,22,6,16,17.3,0.1,0.6,0.143,0.2,0.0,0.0,,0.143
2016-17,1626196,Josh Richardson,1610612748,MIA,53,23,30,30.5,1.1,2.6,0.432,2.5,0.2,0.5,0.429,0.475
2016-17,201950,Jrue Holiday,1610612740,NOP,67,32,35,32.7,2.3,6.0,0.39,5.7,1.1,2.9,0.372,0.479
2016-17,1627823,Juancho Hernangomez,1610612743,DEN,62,30,32,13.6,0.0,0.2,0.091,0.0,0.0,0.0,0.0,0.091
2016-17,203944,Julius Randle,1610612747,LAL,74,24,50,28.8,0.5,1.3,0.375,1.0,0.0,0.1,0.167,0.38
2016-17,1626147,Justin Anderson,1610612755,PHI,75,24,51,16.4,0.2,0.7,0.214,0.4,0.1,0.3,0.217,0.259
2016-17,203120,Justin Hamilton,1610612751,BKN,64,14,50,18.4,0.0,0.1,0.222,0.1,0.0,0.0,,0.222
2016-17,202712,Justin Harper,1610612755,PHI,3,1,2,10.4,0.0,0.0,,0.0,0.0,0.0,,
2016-17,203200,Justin Holiday,1610612752,NYK,82,31,51,20.0,0.6,1.4,0.407,1.3,0.1,0.3,0.321,0.445
2016-17,1626159,Justise Winslow,1610612748,MIA,18,4,14,34.7,0.7,2.7,0.271,1.4,0.0,0.2,0.0,0.271
2016-17,203994,Jusuf Nurkic,1610612757,POR,65,34,31,21.4,0.0,0.2,0.273,0.1,0.0,0.0,,0.273
2016-17,203909,KJ McDaniels,1610612751,BKN,49,28,21,10.3,0.1,0.4,0.316,0.3,0.0,0.1,0.2,0.342
2016-17,1626157,Karl-Anthony Towns,1610612750,MIN,82,31,51,37.0,0.5,1.3,0.379,1.0,0.1,0.3,0.227,0.403
2016-17,202695,Kawhi Leonard,1610612759,SAS,74,54,20,33.4,3.4,7.8,0.432,7.3,0.6,1.9,0.307,0.468
2016-17,1627770,Kay Felder,1610612739,CLE,42,25,17,9.2,0.6,1.8,0.36,1.3,0.0,0.3,0.182,0.373
2016-17,203482,Kelly Olynyk,1610612738,BOS,75,49,26,20.5,0.3,0.8,0.344,0.6,0.1,0.2,0.357,0.385
2016-17,1626162,Kelly Oubre Jr.,1610612764,WAS,79,47,32,20.3,0.3,0.8,0.371,0.6,0.1,0.2,0.25,0.403
2016-17,202689,Kemba Walker,1610612766,CHA,79,36,43,34.7,3.3,8.4,0.396,8.4,1.7,4.6,0.38,0.499
2016-17,202702,Kenneth Faried,1610612743,DEN,61,29,32,21.2,0.1,0.3,0.235,0.1,0.0,0.0,0.0,0.235
2016-17,203145,Kent Bazemore,1610612737,ATL,73,39,34,26.9,1.2,2.9,0.404,2.7,0.3,0.9,0.338,0.455
2016-17,203484,Kentavious Caldwell-Pope,1610612765,DET,76,33,43,33.3,1.9,5.2,0.362,4.4,0.6,1.9,0.322,0.422
2016-17,201142,Kevin Durant,1610612744,GSW,62,51,11,33.4,2.1,5.0,0.414,4.5,0.4,1.5,0.269,0.455
2016-17,201567,Kevin Love,1610612739,CLE,60,40,20,31.4,0.5,1.6,0.327,1.1,0.1,0.4,0.125,0.342
2016-17,202338,Kevin Seraphin,1610612754,IND,49,23,26,11.4,0.1,0.3,0.353,0.2,0.0,0.0,,0.353
2016-17,1626172,Kevon Looney,1610612744,GSW,53,44,9,8.4,0.0,0.0,0.0,0.0,0.0,0.0,,0.0
2016-17,203114,Khris Middleton,1610612749,MIL,29,19,10,30.7,1.8,4.3,0.405,3.7,0.1,0.6,0.25,0.421
2016-17,202691,Klay Thompson,1610612744,GSW,78,66,12,34.0,1.6,4.1,0.393,3.6,0.3,1.1,0.28,0.429
2016-17,201585,Kosta Koufos,1610612758,SAC,71,27,44,20.0,0.1,0.2,0.333,0.1,0.0,0.0,0.0,0.333
2016-17,1627739,Kris Dunn,1610612750,MIN,78,30,48,17.1,0.6,1.6,0.347,1.2,0.1,0.2,0.412,0.375
2016-17,2743,Kris Humphries,1610612737,ATL,56,31,25,12.3,0.1,0.2,0.444,0.1,0.0,0.0,0.0,0.444
2016-17,204001,Kristaps Porzingis,1610612752,NYK,66,26,40,32.8,1.4,3.1,0.442,2.8,0.1,0.2,0.357,0.454
2016-17,203937,Kyle Anderson,1610612759,SAS,72,53,19,14.2,0.1,0.4,0.241,0.2,0.0,0.0,,0.241
2016-17,2594,Kyle Korver,1610612739,CLE,67,33,34,26.2,0.7,1.8,0.424,1.9,0.4,0.9,0.393,0.525
2016-17,200768,Kyle Lowry,1610612761,TOR,60,36,24,37.4,2.7,6.2,0.436,7.3,1.8,4.3,0.425,0.583
2016-17,203124,Kyle O'Quinn,1610612752,NYK,79,29,50,15.6,0.1,0.3,0.259,0.2,0.0,0.1,0.0,0.259
2016-17,202713,Kyle Singler,1610612760,OKC,32,15,17,12.0,0.1,0.2,0.429,0.2,0.0,0.1,0.5,0.5
2016-17,1627787,Kyle Wiltjer,1610612745,HOU,14,12,2,3.1,0.1,0.2,0.333,0.2,0.1,0.1,0.5,0.5
2016-17,202681,Kyrie Irving,1610612739,CLE,72,47,25,35.1,3.9,8.9,0.437,8.9,1.2,3.3,0.353,0.503
2016-17,200746,LaMarcus Aldridge,1610612759,SAS,72,52,20,32.4,1.1,3.0,0.366,2.2,0.0,0.1,0.4,0.37
2016-17,203934,Lamar Patterson,1610612737,ATL,5,1,4,8.1,0.0,0.8,0.0,0.0,0.0,0.6,0.0,0.0
2016-17,202362,Lance Stephenson,1610612754,IND,18,8,10,20.1,1.1,3.1,0.339,2.2,0.1,0.3,0.167,0.348
2016-17,202498,Lance Thomas,1610612752,NYK,46,15,31,21.0,0.3,1.0,0.319,0.7,0.0,0.0,0.5,0.33
2016-17,204038,Langston Galloway,1610612758,SAC,74,29,45,20.2,0.7,2.2,0.325,1.6,0.1,0.6,0.233,0.356
2016-17,1626204,Larry Nance Jr.,1610612747,LAL,63,21,42,22.9,0.1,0.2,0.267,0.1,0.0,0.0,0.0,0.267
2016-17,202336,Larry Sanders,1610612739,CLE,5,2,3,2.5,0.0,0.0,,0.0,,,,
2016-17,202730,Lavoy Allen,1610612754,IND,61,31,30,14.3,0.0,0.1,0.5,0.1,0.0,0.0,,0.5
2016-17,2544,LeBron James,1610612739,CLE,74,51,23,37.8,2.2,5.9,0.37,5.3,0.9,2.6,0.349,0.445
2016-17,2571,Leandro Barbosa,1610612756,PHX,67,20,47,14.4,0.7,1.8,0.395,1.5,0.1,0.3,0.412,0.424
2016-17,101150,Lou Williams,1610612745,HOU,81,34,47,24.6,1.9,5.0,0.378,4.7,1.0,2.7,0.352,0.473
2016-17,201601,Luc Mbah a Moute,1610612746,LAC,80,49,31,22.3,0.2,0.4,0.471,0.4,0.0,0.1,0.5,0.5
2016-17,203512,Lucas Nogueira,1610612761,TOR,57,34,23,19.1,0.0,0.0,0.0,0.0,0.0,0.0,0.0,0.0
2016-17,2449,Luis Scola,1610612751,BKN,36,7,29,12.8,0.1,0.2,0.714,0.3,0.0,0.0,1.0,0.786
2016-17,202337,Luke Babbitt,1610612748,MIA,68,35,33,15.7,0.3,0.7,0.435,0.7,0.1,0.2,0.5,0.5
2016-17,2736,Luol Deng,1610612747,LAL,56,18,38,26.5,0.5,2.0,0.273,1.2,0.1,0.6,0.258,0.309
2016-17,1627781,Malachi Richardson,1610612758,SAC,22,9,13,9.0,0.7,1.7,0.421,1.6,0.1,0.6,0.214,0.461
2016-17,1627763,Malcolm Brogdon,1610612749,MIL,75,38,37,26.4,0.7,1.9,0.356,1.5,0.1,0.5,0.275,0.394
2016-17,1627098,Malcolm Delaney,1610612737,ATL,73,37,36,17.1,1.3,2.9,0.428,2.6,0.1,0.4,0.207,0.442
2016-17,1627736,Malik Beasley,1610612743,DEN,22,12,10,7.5,0.2,0.5,0.364,0.4,0.0,0.1,0.333,0.409
2016-17,202412,Manny Harris,1610612742,DAL,4,1,3,6.2,0.3,1.3,0.2,0.5,0.0,0.0,,0.2
2016-17,1938,Manu Ginobili,1610612759,SAS,69,51,18,18.7,0.6,1.6,0.348,1.4,0.3,0.7,0.392,0.438
2016-17,201188,Marc Gasol,1610612763,MEM,74,40,34,34.2,1.0,2.5,0.404,2.1,0.0,0.1,0.2,0.41
2016-17,1626273,Marcelo Huertas,1610612747,LAL,23,5,18,10.3,0.5,1.4,0.344,1.0,0.1,0.4,0.2,0.375
2016-17,101162,Marcin Gortat,1610612764,WAS,82,49,33,31.2,0.2,0.4,0.429,0.4,0.0,0.0,,0.429
2016-17,201158,Marco Belinelli,1610612766,CHA,74,34,40,24.0,1.1,3.0,0.374,2.5,0.3,1.2,0.267,0.429
2016-17,1627875,Marcus Georges-Hunt,1610612753,ORL,5,2,3,9.5,0.0,0.4,0.0,0.0,0.0,0.2,0.0,0.0
2016-17,202694,Marcus Morris Sr.,1610612765,DET,79,36,43,32.5,2.3,5.6,0.404,4.8,0.2,0.9,0.23,0.423
2016-17,203935,Marcus Smart,1610612738,BOS,79,51,28,30.4,0.7,2.1,0.315,1.5,0.2,0.9,0.174,0.351
2016-17,201977,Marcus Thornton,1610612764,WAS,33,15,18,17.4,0.7,2.0,0.343,1.7,0.3,0.8,0.407,0.425
2016-17,1626209,Mario Hezonja,1610612753,ORL,65,20,45,14.8,0.4,1.2,0.321,0.9,0.1,0.3,0.316,0.359
2016-17,202693,Markieff Morris,1610612764,WAS,76,45,31,31.2,0.9,2.1,0.442,1.9,0.1,0.1,0.455,0.458
2016-17,1627737,Marquese Chriss,1610612756,PHX,82,24,58,21.3,0.1,0.2,0.25,0.1,0.0,0.0,1.0,0.275
2016-17,201578,Marreese Speights,1610612746,LAC,82,51,31,15.7,0.2,0.5,0.422,0.5,0.0,0.1,0.25,0.444
2016-17,1627850,Marshall Plumlee,1610612752,NYK,21,6,15,8.1,0.0,0.1,0.0,0.0,,,,0.0
2016-17,101107,Marvin Williams,1610612766,CHA,76,32,44,30.2,0.3,0.8,0.349,0.6,0.0,0.1,0.429,0.373
2016-17,203486,Mason Plumlee,1610612743,DEN,81,38,43,26.5,0.2,0.9,0.257,0.4,0.0,0.0,0.0,0.257
2016-17,2440,Matt Barnes,1610612744,GSW,74,38,36,24.0,0.2,0.7,0.278,0.5,0.1,0.5,0.257,0.361
2016-17,203521,Matthew Dellavedova,1610612749,MIL,76,39,37,26.1,0.8,2.1,0.389,1.8,0.2,0.5,0.378,0.432
2016-17,203090,Maurice Harkless,1610612757,POR,77,38,39,28.9,0.1,0.4,0.313,0.3,0.0,0.1,0.0,0.313
2016-17,1626254,Maurice Ndour,1610612752,NYK,32,10,22,10.4,0.1,0.5,0.125,0.1,0.0,0.0,,0.125
2016-17,1897,Metta World Peace,1610612747,LAL,25,8,17,6.4,0.2,0.8,0.3,0.5,0.0,0.2,0.167,0.325
2016-17,203086,Meyers Leonard,1610612757,POR,74,37,37,16.5,0.2,0.5,0.308,0.3,0.0,0.1,0.1,0.321
2016-17,201563,Michael Beasley,1610612749,MIL,56,23,33,16.7,0.8,1.7,0.458,1.6,0.0,0.1,0.0,0.458
2016-17,203487,Michael Carter-Williams,1610612741,CHI,45,25,20,18.8,0.4,1.6,0.236,0.8,0.0,0.2,0.125,0.243
2016-17,1627771,Michael Gbinije,1610612765,DET,9,7,2,3.5,0.0,0.3,0.0,0.0,0.0,0.1,0.0,0.0
2016-17,203077,Michael Kidd-Gilchrist,1610612766,CHA,81,36,45,29.0,0.9,2.2,0.429,1.9,0.0,0.0,0.0,0.429
2016-17,201144,Mike Conley,1610612763,MEM,69,35,34,33.2,2.9,7.1,0.417,7.3,1.4,3.6,0.394,0.516
2016-17,2399,Mike Dunleavy,1610612737,ATL,53,34,19,15.9,0.2,0.7,0.371,0.6,0.1,0.3,0.4,0.457
2016-17,2034,Mike Miller,1610612743,DEN,20,9,11,7.5,0.1,0.2,0.333,0.2,0.1,0.1,0.5,0.5
2016-17,203488,Mike Muscala,1610612737,ATL,70,36,34,17.7,0.0,0.2,0.182,0.1,0.0,0.0,,0.182
2016-17,203118,Mike Scott,1610612737,ATL,18,7,11,10.8,0.1,0.3,0.333,0.3,0.1,0.1,0.5,0.417
2016-17,1627861,Mike Tobey,1610612766,CHA,2,0,2,12.6,0.0,0.0,,0.0,,,,
2016-17,203101,Miles Plumlee,1610612766,CHA,45,19,26,10.8,0.0,0.0,0.0,0.0,,,,0.0
2016-17,1627851,Mindaugas Kuzminskas,1610612752,NYK,68,24,44,14.9,0.1,0.4,0.346,0.3,0.1,0.2,0.333,0.442
2016-17,203141,Mirza Teletovic,1610612749,MIL,70,36,34,16.2,0.3,0.9,0.35,0.7,0.1,0.4,0.24,0.4
2016-17,101145,Monta Ellis,1610612754,IND,74,39,35,27.0,0.9,2.4,0.373,1.9,0.1,0.2,0.412,0.393
2016-17,1626149,Montrezl Harrell,1610612745,HOU,58,39,19,18.3,0.1,0.1,0.5,0.1,0.0,0.0,1.0,0.583
2016-17,1626167,Myles Turner,1610612754,IND,81,42,39,31.4,0.3,0.7,0.407,0.6,0.0,0.0,0.667,0.426
2016-17,202357,Nemanja Bjelica,1610612750,MIN,65,28,37,18.3,0.1,0.4,0.28,0.3,0.0,0.2,0.231,0.34
2016-17,2403,Nene,1610612745,HOU,67,47,20,17.9,0.1,0.3,0.526,0.3,0.0,0.0,0.5,0.553
2016-17,203457,Nerlens Noel,1610612742,DAL,51,24,27,20.5,0.1,0.3,0.214,0.1,0.0,0.0,0.0,0.214
2016-17,2555,Nick Collison,1610612760,OKC,20,10,10,6.4,0.0,0.1,0.0,0.0,0.0,0.0,,0.0
2016-17,201156,Nick Young,1610612747,LAL,60,19,41,25.9,1.7,4.3,0.382,4.0,0.7,2.1,0.336,0.465
2016-17,201587,Nicolas Batum,1610612766,CHA,77,35,42,34.0,2.0,5.0,0.405,4.5,0.4,1.2,0.319,0.443
2016-17,1627852,Nicolas Brussino,1610612742,DAL,54,18,36,9.7,0.1,0.4,0.35,0.3,0.0,0.1,0.167,0.375
2016-17,1627879,Nicolas Laprovittola,1610612759,SAS,18,15,3,9.7,0.1,0.5,0.111,0.2,0.1,0.4,0.125,0.167
2016-17,203917,Nik Stauskas,1610612755,PHI,80,27,53,27.3,0.7,2.4,0.297,1.9,0.4,1.6,0.266,0.382
2016-17,203999,Nikola Jokic,1610612743,DEN,73,37,36,27.9,0.2,0.5,0.4,0.5,0.0,0.2,0.125,0.425
2016-17,202703,Nikola Mirotic,1610612741,CHI,70,37,33,24.0,0.5,1.2,0.427,1.2,0.2,0.5,0.375,0.5
2016-17,202696,Nikola Vucevic,1610612753,ORL,75,27,48,28.8,0.6,1.5,0.383,1.2,0.0,0.0,0.0,0.383
2016-17,203943,Noah Vonleh,1610612757,POR,74,38,36,17.1,0.0,0.1,0.3,0.1,0.0,0.0,0.5,0.35
2016-17,1626181,Norman Powell,1610612761,TOR,76,47,29,18.0,0.4,1.1,0.37,0.9,0.1,0.3,0.25,0.407
2016-17,202708,Norris Cole,1610612760,OKC,13,5,8,9.6,0.5,1.8,0.25,0.9,0.0,0.4,0.0,0.25
2016-17,1627855,Okaro White,1610612748,MIA,35,26,9,13.5,0.1,0.4,0.333,0.3,0.0,0.1,0.0,0.333
2016-17,201600,Omer Asik,1610612740,NOP,31,12,19,15.6,0.0,0.0,,0.0,,,,
2016-17,201956,Omri Casspi,1610612750,MIN,36,12,24,17.8,0.0,0.3,0.091,0.1,0.0,0.2,0.125,0.136
2016-17,203490,Otto Porter Jr.,1610612764,WAS,80,48,32,32.6,0.8,1.8,0.445,1.7,0.0,0.2,0.231,0.455
2016-17,200782,P.J. Tucker,1610612761,TOR,81,35,46,27.6,0.2,0.5,0.395,0.4,0.0,0.1,0.222,0.419
2016-17,1627783,Pascal Siakam,1610612761,TOR,55,35,20,15.6,0.1,0.2,0.385,0.2,0.0,0.0,,0.385
2016-17,1626192,Pat Connaughton,1610612757,POR,39,18,21,8.1,0.1,0.3,0.167,0.1,0.0,0.1,0.333,0.208
2016-17,1627868,Patricio Garino,1610612753,ORL,5,2,3,8.6,0.0,0.4,0.0,0.0,0.0,0.0,,0.0
2016-17,201976,Patrick Beverley,1610612745,HOU,67,46,21,30.7,0.5,1.5,0.317,1.3,0.3,1.0,0.313,0.416
2016-17,1627775,Patrick McCaw,1610612744,GSW,71,57,14,15.1,0.1,0.4,0.333,0.4,0.1,0.2,0.4,0.433
2016-17,202335,Patrick Patterson,1610612761,TOR,65,42,23,24.6,0.1,0.3,0.318,0.3,0.0,0.1,0.6,0.386
2016-17,201988,Patty Mills,1610612759,SAS,80,60,20,21.9,1.3,3.1,0.402,3.1,0.6,1.4,0.4,0.494
2016-17,2200,Pau Gasol,1610612759,SAS,64,47,17,25.4,0.3,0.7,0.422,0.6,0.0,0.1,0.25,0.433
2016-17,202331,Paul George,1610612754,IND,75,39,36,35.9,3.1,7.1,0.441,6.9,0.6,1.7,0.344,0.481
2016-17,200794,Paul Millsap,1610612737,ATL,69,40,29,34.0,1.4,2.9,0.48,2.8,0.1,0.3,0.3,0.495
2016-17,1718,Paul Pierce,1610612746,LAC,25,16,9,11.1,0.2,0.7,0.294,0.4,0.0,0.1,0.0,0.294
2016-17,1627835,Paul Zipser,1610612741,CHI,44,21,23,19.2,0.4,1.2,0.314,0.7,0.0,0.2,0.0,0.314
2016-17,203510,Pierre Jackson,1610612742,DAL,9,4,5,9.4,0.6,1.7,0.333,1.2,0.1,0.3,0.333,0.367
2016-17,203112,Quincy Acy,1610612751,BKN,38,11,27,14.7,0.2,0.5,0.333,0.3,0.0,0.1,0.333,0.361
2016-17,1626188,Quinn Cook,1610612740,NOP,14,9,5,13.4,1.1,2.1,0.552,2.7,0.4,0.6,0.667,0.655
2016-17,1626154,RJ Hunter,1610612741,CHI,3,2,1,3.1,0.0,0.0,,0.0,0.0,0.0,,
2016-17,200765,Rajon Rondo,1610612741,CHI,69,34,35,26.7,0.6,2.0,0.296,1.2,0.1,0.3,0.2,0.311
2016-17,1626176,Rakeem Christmas,1610612754,IND,29,14,15,7.6,0.0,0.0,0.0,0.0,,,,0.0
2016-17,201196,Ramon Sessions,1610612766,CHA,50,23,27,16.2,0.5,1.5,0.342,1.2,0.1,0.3,0.375,0.382
2016-17,200751,Randy Foye,1610612751,BKN,69,17,52,18.6,0.4,1.3,0.31,1.1,0.3,0.9,0.306,0.42
2016-17,1626173,Rashad Vaughn,1610612749,MIL,41,18,23,11.2,0.3,0.7,0.433,0.8,0.1,0.3,0.5,0.533
2016-17,203526,Raul Neto,1610612762,UTA,40,24,16,8.6,0.1,0.5,0.278,0.3,0.1,0.2,0.333,0.333
2016-17,101109,Raymond Felton,1610612746,LAC,80,50,30,21.2,0.9,2.5,0.35,2.0,0.2,0.7,0.268,0.387
2016-17,203493,Reggie Bullock Jr.,1610612765,DET,31,13,18,15.1,0.1,0.4,0.308,0.3,0.0,0.0,0.0,0.308
2016-17,202704,Reggie Jackson,1610612765,DET,52,23,29,27.4,2.5,6.3,0.403,5.8,0.7,2.0,0.365,0.462
2016-17,202130,Reggie Williams,1610612740,NOP,6,1,5,13.2,0.2,1.0,0.167,0.5,0.2,0.2,1.0,0.25
2016-17,2210,Richard Jefferson,1610612739,CLE,79,50,29,20.4,0.1,0.4,0.281,0.3,0.0,0.2,0.154,0.313
2016-17,1626158,Richaun Holmes,1610612755,PHI,57,16,41,20.9,0.0,0.2,0.167,0.1,0.0,0.0,0.0,0.167
2016-17,201937,Ricky Rubio,1610612750,MIN,75,28,47,32.9,1.6,3.7,0.432,3.3,0.1,0.4,0.222,0.443
2016-17,203496,Robert Covington,1610612755,PHI,67,27,40,31.6,0.4,0.8,0.481,1.0,0.2,0.5,0.469,0.625
2016-17,201577,Robin Lopez,1610612741,CHI,81,40,41,28.0,0.1,0.4,0.414,0.3,0.0,0.0,,0.414
2016-17,203918,Rodney Hood,1610612762,UTA,59,40,19,27.0,1.7,4.3,0.402,4.0,0.5,1.7,0.327,0.465
2016-17,203585,Rodney McGruder,1610612748,MIA,78,40,38,25.2,0.2,0.7,0.255,0.4,0.0,0.2,0.176,0.282
2016-17,201155,Rodney Stuckey,1610612754,IND,39,17,22,17.9,0.9,2.6,0.37,2.1,0.2,0.3,0.462,0.4
2016-17,1627758,Ron Baker,1610612752,NYK,52,14,38,16.5,0.3,1.0,0.327,0.8,0.1,0.3,0.294,0.375
2016-17,1626178,Rondae Hollis-Jefferson,1610612751,BKN,78,19,59,22.6,0.3,0.9,0.375,0.7,0.0,0.1,0.4,0.389
2016-17,101179,Ronnie Price,1610612756,PHX,14,4,10,9.6,0.1,0.4,0.167,0.2,0.1,0.3,0.25,0.25
2016-17,201579,Roy Hibbert,1610612743,DEN,48,24,24,14.2,0.1,0.2,0.375,0.1,,,,0.375
2016-17,200752,Rudy Gay,1610612758,SAC,30,11,19,33.8,1.4,4.1,0.339,3.0,0.2,0.7,0.318,0.367
2016-17,203497,Rudy Gobert,1610612762,UTA,81,51,30,33.9,0.0,0.0,0.0,0.0,0.0,0.0,,0.0
2016-17,201566,Russell Westbrook,1610612760,OKC,81,46,35,34.6,4.7,12.4,0.376,11.0,1.7,5.0,0.347,0.445
2016-17,201583,Ryan Anderson,1610612745,HOU,72,50,22,29.4,0.7,1.8,0.379,1.5,0.2,0.5,0.306,0.42
2016-17,203527,Ryan Kelly,1610612737,ATL,16,6,10,6.9,0.1,0.3,0.2,0.1,0.0,0.0,,0.2
2016-17,1626257,Salah Mejri,1610612742,DAL,73,29,44,12.4,0.0,0.0,0.5,0.0,0.0,0.0,,0.5
2016-17,1626155,Sam Dekker,1610612745,HOU,77,52,25,18.4,0.2,0.4,0.387,0.4,0.1,0.3,0.333,0.5
2016-17,2756,Sasha Vujacic,1610612752,NYK,42,14,28,9.7,0.4,1.2,0.367,1.1,0.2,0.4,0.5,0.459
2016-17,203930,Sean Kilpatrick,1610612751,BKN,70,14,56,25.1,1.1,2.7,0.396,2.6,0.5,1.2,0.393,0.484
2016-17,203902,Semaj Christon,1610612760,OKC,64,36,28,15.2,0.4,1.2,0.32,0.8,0.0,0.2,0.143,0.333
2016-17,201586,Serge Ibaka,1610612761,TOR,79,37,42,30.7,0.7,1.5,0.434,1.4,0.0,0.0,0.333,0.439
2016-17,200771,Sergio Rodriguez,1610612755,PHI,68,24,44,22.3,1.5,4.4,0.35,3.9,0.8,2.3,0.355,0.443
2016-17,203552,Seth Curry,1610612742,DAL,70,30,40,29.0,1.9,4.1,0.469,4.6,0.7,1.5,0.449,0.552
2016-17,203498,Shabazz Muhammad,1610612750,MIN,78,29,49,19.4,0.4,0.8,0.459,0.8,0.0,0.1,0.5,0.484
2016-17,203894,Shabazz Napier,1610612757,POR,53,26,27,9.7,0.7,1.7,0.411,1.7,0.3,0.8,0.349,0.494
2016-17,2733,Shaun Livingston,1610612744,GSW,76,63,13,17.7,1.1,2.3,0.48,2.2,0.0,0.0,,0.48
2016-17,1627848,Shawn Long,1610612755,PHI,18,5,13,13.0,0.1,0.4,0.125,0.1,0.0,0.2,0.0,0.125
2016-17,1627815,Sheldon Mac,1610612764,WAS,30,17,13,9.6,0.3,0.7,0.5,0.7,0.0,0.1,0.5,0.525
2016-17,202714,Shelvin Mack,1610612762,UTA,55,34,21,21.9,1.0,2.6,0.38,2.3,0.3,1.0,0.296,0.437
2016-17,1627746,Skal Labissiere,1610612758,SAC,33,9,24,18.5,0.6,1.1,0.541,1.2,0.0,0.0,0.0,0.541
2016-17,203524,Solomon Hill,1610612740,NOP,80,34,46,29.7,0.2,0.8,0.246,0.4,0.1,0.3,0.182,0.279
2016-17,203915,Spencer Dinwiddie,1610612751,BKN,59,13,46,22.6,0.8,2.1,0.36,1.8,0.3,0.9,0.333,0.432
2016-17,201150,Spencer Hawes,1610612749,MIL,54,27,27,14.8,0.2,0.6,0.333,0.4,0.0,0.0,0.0,0.333
2016-17,1626169,Stanley Johnson,1610612765,DET,77,35,42,17.8,0.6,1.7,0.358,1.3,0.1,0.3,0.3,0.381
2016-17,201939,Stephen Curry,1610612744,GSW,79,65,14,33.4,3.0,7.7,0.393,8.0,1.9,5.2,0.373,0.518
2016-17,1627757,Stephen Zimmerman,1610612753,ORL,19,8,11,5.7,0.0,0.1,0.0,0.0,,,,0.0
2016-17,200779,Steve Novak,1610612749,MIL,8,6,2,2.7,0.0,0.0,,0.0,0.0,0.0,,
2016-17,203500,Steven Adams,1610612760,OKC,80,47,33,29.9,0.0,0.2,0.167,0.1,0.0,0.0,,0.167
2016-17,204456,T.J. McConnell,1610612755,PHI,81,27,54,26.3,0.8,2.0,0.381,1.5,0.0,0.2,0.125,0.388
2016-17,203933,T.J. Warren,1610612756,PHX,66,20,46,31.0,1.4,3.6,0.391,2.8,0.0,0.2,0.167,0.396
2016-17,201959,Taj Gibson,1610612760,OKC,78,41,37,25.5,0.1,0.3,0.308,0.2,0.0,0.0,,0.308
2016-17,204028,Tarik Black,1610612747,LAL,67,24,43,16.3,0.0,0.1,0.5,0.1,0.0,0.0,1.0,0.625
2016-17,1627752,Taurean Prince,1610612737,ATL,59,28,31,16.6,0.2,0.8,0.311,0.5,0.1,0.3,0.25,0.356
2016-17,203093,Terrence Jones,1610612749,MIL,54,20,34,23.5,0.2,0.8,0.273,0.5,0.0,0.3,0.125,0.295
2016-17,203082,Terrence Ross,1610612753,ORL,78,39,39,25.1,1.3,3.1,0.433,3.0,0.4,1.1,0.337,0.492
2016-17,1626179,Terry Rozier,1610612738,BOS,74,47,27,17.1,0.6,1.8,0.338,1.4,0.2,0.7,0.255,0.392
2016-17,200757,Thabo Sefolosha,1610612737,ATL,62,32,30,25.7,0.3,1.0,0.333,0.7,0.0,0.1,0.167,0.342
2016-17,201152,Thaddeus Young,1610612754,IND,74,40,34,30.2,0.1,0.4,0.423,0.3,0.0,0.0,0.333,0.442
2016-17,203080,Thomas Robinson,1610612747,LAL,48,15,33,11.7,0.1,0.4,0.35,0.3,0.0,0.0,,0.35
2016-17,1627748,Thon Maker,1610612749,MIL,57,31,26,9.9,0.1,0.1,0.5,0.1,0.0,0.0,0.0,0.5
2016-17,201168,Tiago Splitter,1610612755,PHI,8,1,7,9.5,0.0,0.0,,0.0,0.0,0.0,,
2016-17,204025,Tim Frazier,1610612740,NOP,65,26,39,23.5,0.8,2.3,0.354,1.9,0.3,1.0,0.306,0.418
2016-17,203501,Tim Hardaway Jr.,1610612737,ATL,79,42,37,27.3,1.2,3.0,0.39,2.8,0.5,1.3,0.36,0.466
2016-17,1627817,Tim Quarterman,1610612757,POR,16,6,10,5.0,0.3,0.6,0.4,0.6,0.1,0.3,0.25,0.45
2016-17,202389,Timofey Mozgov,1610612747,LAL,54,16,38,20.4,0.1,0.3,0.214,0.1,0.0,0.0,,0.214
2016-17,1627789,Timothe Luwawu-Cabarrot,1610612755,PHI,69,23,46,17.2,0.1,0.4,0.154,0.1,0.0,0.1,0.2,0.192
2016-17,202699,Tobias Harris,1610612765,DET,82,37,45,31.3,1.5,3.1,0.474,2.9,0.0,0.2,0.2,0.48
2016-17,203107,Tomas Satoransky,1610612764,WAS,57,33,24,12.6,0.2,0.6,0.424,0.5,0.0,0.1,0.143,0.439
2016-17,201962,Toney Douglas,1610612763,MEM,24,15,9,16.4,0.8,2.5,0.311,1.8,0.2,1.1,0.185,0.352
2016-17,2754,Tony Allen,1610612763,MEM,71,36,35,27.0,0.0,0.3,0.143,0.1,0.0,0.0,0.0,0.143
2016-17,2225,Tony Parker,1610612759,SAS,63,46,17,25.2,1.4,2.9,0.484,2.8,0.0,0.0,0.0,0.484
2016-17,203503,Tony Snell,1610612749,MIL,80,42,38,29.2,0.3,0.7,0.415,0.6,0.0,0.1,0.2,0.434
2016-17,1626203,Treveon Graham,1610612766,CHA,27,10,17,7.0,0.0,0.2,0.2,0.1,0.0,0.0,,0.2
2016-17,2772,Trevor Ariza,1610612745,HOU,80,53,27,34.7,0.4,1.5,0.289,1.2,0.3,1.1,0.264,0.384
2016-17,202344,Trevor Booker,1610612751,BKN,71,18,53,24.7,0.4,1.0,0.338,0.8,0.1,0.3,0.304,0.385
2016-17,203504,Trey Burke,1610612764,WAS,57,35,22,12.3,1.0,2.2,0.46,2.2,0.2,0.3,0.474,0.496
2016-17,1626168,Trey Lyles,1610612762,UTA,71,43,28,16.3,0.3,1.1,0.278,0.7,0.1,0.2,0.25,0.304
2016-17,202684,Tristan Thompson,1610612739,CLE,78,50,28,30.0,0.1,0.1,0.5,0.1,0.0,0.0,0.0,0.5
2016-17,203584,Troy Daniels,1610612763,MEM,67,33,34,17.7,0.8,2.1,0.39,2.2,0.5,1.1,0.474,0.518
2016-17,1627786,Troy Williams,1610612745,HOU,30,19,11,18.6,0.3,0.8,0.348,0.6,0.1,0.3,0.25,0.391
2016-17,201951,Ty Lawson,1610612758,SAC,69,25,44,25.1,1.3,3.1,0.411,2.7,0.2,0.6,0.289,0.437
2016-17,203898,Tyler Ennis,1610612747,LAL,53,28,25,11.1,0.5,1.4,0.36,1.4,0.3,0.8,0.429,0.48
2016-17,204020,Tyler Johnson,1610612748,MIA,73,35,38,29.8,0.9,2.6,0.348,1.8,0.1,0.2,0.267,0.358
2016-17,1627755,Tyler Ulis,1610612756,PHX,61,15,46,18.4,2.0,4.6,0.435,4.2,0.2,0.7,0.222,0.452
2016-17,203092,Tyler Zeller,1610612738,BOS,51,32,19,10.3,0.0,0.0,0.0,0.0,0.0,0.0,,0.0
2016-17,201936,Tyreke Evans,1610612758,SAC,40,17,23,19.7,0.9,2.6,0.333,2.3,0.6,1.6,0.355,0.438
2016-17,2199,Tyson Chandler,1610612756,PHX,47,15,32,27.6,0.0,0.0,,0.0,,,,
2016-17,1626145,Tyus Jones,1610612750,MIN,60,23,37,12.9,0.3,0.9,0.37,0.7,0.1,0.3,0.188,0.398
2016-17,2617,Udonis Haslem,1610612748,MIA,16,6,10,8.1,0.0,0.0,,0.0,0.0,0.0,,
2016-17,203506,Victor Oladipo,1610612760,OKC,67,39,28,33.2,1.7,4.0,0.422,3.6,0.3,0.7,0.347,0.453
2016-17,1713,Vince Carter,1610612763,MEM,73,36,37,24.7,0.4,1.3,0.306,1.0,0.2,0.7,0.3,0.383
2016-17,1627735,Wade Baldwin IV,1610612763,MEM,33,18,15,12.3,0.4,1.4,0.304,0.9,0.1,0.4,0.167,0.326
2016-17,201961,Wayne Ellington,1610612748,MIA,62,35,27,24.2,1.0,2.5,0.4,2.5,0.5,1.3,0.375,0.497
2016-17,1627782,Wayne Selden,1610612763,MEM,14,6,8,16.9,0.1,0.9,0.167,0.3,0.0,0.4,0.0,0.167
2016-17,202325,Wesley Johnson,1610612746,LAC,68,40,28,11.9,0.2,0.5,0.389,0.4,0.0,0.1,0.25,0.417
2016-17,202083,Wesley Matthews,1610612742,DAL,73,29,44,34.2,1.5,4.2,0.367,3.6,0.5,1.6,0.314,0.428
2016-17,203115,Will Barton,1610612743,DEN,60,31,29,28.4,1.2,3.1,0.383,3.0,0.6,1.3,0.413,0.471
2016-17,1626161,Willie Cauley-Stein,1610612758,SAC,75,29,46,18.9,0.2,0.7,0.32,0.4,0.0,0.0,0.0,0.32
2016-17,203186,Willie Reed,1610612748,MIA,71,39,32,14.5,0.0,0.2,0.182,0.1,0.0,0.0,0.0,0.182
2016-17,1626195,Willy Hernangomez,1610612752,NYK,72,27,45,18.4,0.0,0.2,0.077,0.0,0.0,0.0,0.0,0.077
2016-17,201163,Wilson Chandler,1610612743,DEN,71,35,36,30.9,1.2,2.9,0.392,2.5,0.2,0.7,0.32,0.431
2016-17,1627812,Yogi Ferrell,1610612742,DAL,46,18,28,26.0,1.7,4.2,0.392,4.1,0.8,1.9,0.407,0.482
2016-17,203897,Zach LaVine,1610612750,MIN,47,16,31,37.2,2.3,5.8,0.39,5.4,0.9,2.5,0.345,0.465
2016-17,2216,Zach Randolph,1610612763,MEM,73,38,35,24.5,0.5,1.5,0.33,1.0,0.0,0.1,0.143,0.335
2016-17,2585,Zaza Pachulia,1610612744,GSW,70,58,12,18.1,0.0,0.1,0.125,0.0,0.0,0.0,0.0,0.125
2015-16,201166,Aaron Brooks,1610612741,CHI,69,36,33,16.1,1.0,2.8,0.338,2.3,0.4,1.4,0.303,0.415
2015-16,203932,Aaron Gordon,1610612753,ORL,78,32,46,23.9,0.4,1.2,0.355,0.9,0.0,0.1,0.182,0.366
2015-16,1626151,Aaron Harrison,1610612766,CHA,21,15,6,4.4,0.0,0.0,0.0,0.0,0.0,0.0,,0.0
2015-16,203940,Adreian Payne,1610612750,MIN,52,18,34,9.3,0.1,0.5,0.25,0.3,0.0,0.1,0.333,0.286
2015-16,201143,Al Horford,1610612737,ATL,82,48,34,32.1,0.1,0.4,0.345,0.2,0.0,0.0,0.0,0.345
2015-16,2744,Al Jefferson,1610612766,CHA,47,33,14,23.3,0.3,0.9,0.366,0.6,,,,0.366
2015-16,202329,Al-Farouq Aminu,1610612757,POR,82,44,38,28.5,0.5,1.3,0.375,1.0,0.1,0.3,0.381,0.413
2015-16,101187,Alan Anderson,1610612764,WAS,13,8,5,14.8,0.2,0.8,0.3,0.5,0.1,0.2,0.333,0.35
2015-16,1626210,Alan Williams,1610612756,PHX,10,3,7,6.8,0.0,0.0,,0.0,,,,
2015-16,202692,Alec Burks,1610612762,UTA,31,13,18,25.7,1.6,4.4,0.363,3.6,0.4,1.0,0.406,0.411
2015-16,203458,Alex Len,1610612756,PHX,78,23,55,23.3,0.1,0.4,0.25,0.2,0.0,0.0,0.0,0.25
2015-16,1627293,Alex Stepheson,1610612763,MEM,8,2,6,9.0,0.0,0.3,0.0,0.0,,,,0.0
2015-16,201582,Alexis Ajinca,1610612740,NOP,59,20,39,14.6,0.2,0.4,0.476,0.3,0.0,0.0,,0.476
2015-16,203459,Allen Crabbe,1610612757,POR,81,43,38,26.0,1.2,2.7,0.44,2.4,0.0,0.3,0.19,0.449
2015-16,202087,Alonzo Gee,1610612740,NOP,73,27,46,22.4,0.1,0.3,0.174,0.1,0.0,0.1,0.2,0.196
2015-16,2405,Amar'e Stoudemire,1610612748,MIA,52,30,22,14.7,0.1,0.1,0.571,0.2,,,,0.571
2015-16,101161,Amir Johnson,1610612738,BOS,79,45,34,22.8,0.1,0.1,0.4,0.1,0.0,0.1,0.25,0.45
2015-16,2760,Anderson Varejao,1610612744,GSW,53,41,12,9.4,0.0,0.2,0.222,0.1,0.0,0.0,,0.222
2015-16,203083,Andre Drummond,1610612765,DET,81,43,38,32.9,0.2,0.5,0.366,0.4,0.0,0.0,0.25,0.378
2015-16,2738,Andre Iguodala,1610612744,GSW,65,59,6,26.6,0.5,1.4,0.337,1.0,0.1,0.5,0.194,0.37
2015-16,1889,Andre Miller,1610612759,SAS,39,20,19,11.8,0.4,0.8,0.438,0.7,0.0,0.1,0.0,0.438
2015-16,203460,Andre Roberson,1610612760,OKC,70,48,22,22.2,0.0,0.1,0.0,0.0,0.0,0.0,0.0,0.0
2015-16,200745,Andrea Bargnani,1610612751,BKN,46,11,35,13.8,0.6,1.0,0.578,1.1,0.0,0.0,,0.578
2015-16,101106,Andrew Bogut,1610612744,GSW,70,62,8,20.7,0.1,0.2,0.286,0.1,0.0,0.0,1.0,0.321
2015-16,202726,Andrew Goudelock,1610612745,HOU,8,5,3,6.2,0.9,1.6,0.538,1.9,0.1,0.8,0.167,0.577
2015-16,203094,Andrew Nicholson,1610612753,ORL,56,22,34,14.7,0.2,0.4,0.455,0.4,0.0,0.1,0.333,0.477
2015-16,203952,Andrew Wiggins,1610612750,MIN,81,29,52,35.1,2.0,5.4,0.363,4.1,0.1,0.6,0.231,0.376
2015-16,203461,Anthony Bennett,1610612761,TOR,19,12,7,4.4,0.0,0.2,0.0,0.0,0.0,0.1,0.0,0.0
2015-16,1626148,Anthony Brown,1610612747,LAL,29,4,25,20.6,0.3,0.8,0.417,0.7,0.0,0.2,0.2,0.438
2015-16,203076,Anthony Davis,1610612740,NOP,61,24,37,35.5,1.4,3.4,0.399,2.8,0.0,0.1,0.286,0.404
2015-16,201627,Anthony Morrow,1610612760,OKC,68,46,22,13.6,0.5,1.2,0.429,1.2,0.1,0.3,0.368,0.47
2015-16,201229,Anthony Tolliver,1610612765,DET,72,36,36,18.6,0.0,0.1,0.143,0.0,0.0,0.0,0.0,0.143
2015-16,203462,Archie Goodwin,1610612756,PHX,57,14,43,19.5,0.3,1.4,0.247,0.8,0.1,0.6,0.167,0.286
2015-16,203382,Aron Baynes,1610612765,DET,81,43,38,15.2,0.1,0.1,0.5,0.1,0.0,0.0,,0.5
2015-16,201167,Arron Afflalo,1610612752,NYK,71,27,44,33.4,1.9,4.1,0.452,3.9,0.2,0.5,0.324,0.473
2015-16,203085,Austin Rivers,1610612746,LAC,67,42,25,21.8,0.8,2.4,0.346,1.9,0.2,0.9,0.254,0.392
2015-16,202340,Avery Bradley,1610612738,BOS,76,45,31,33.4,1.5,3.8,0.391,3.3,0.4,1.1,0.341,0.439
2015-16,1626253,Axel Toupane,1610612743,DEN,21,9,12,14.5,0.1,0.3,0.286,0.2,0.0,0.0,,0.286
2015-16,203463,Ben McLemore,1610612758,SAC,68,28,40,21.2,0.4,1.1,0.375,0.9,0.1,0.3,0.412,0.424
2015-16,2757,Beno Udrih,1610612763,MEM,44,26,18,16.1,1.0,2.3,0.436,2.0,0.0,0.2,0.111,0.441
2015-16,202687,Bismack Biyombo,1610612761,TOR,82,56,26,22.0,0.0,0.2,0.286,0.1,0.0,0.0,0.0,0.286
2015-16,201933,Blake Griffin,1610612746,LAC,35,22,13,33.4,1.1,3.3,0.322,2.2,0.1,0.2,0.25,0.33
2015-16,1626246,Boban Marjanovic,1610612759,SAS,54,47,7,9.4,0.1,0.1,0.429,0.1,,,,0.429
2015-16,1626171,Bobby Portis,1610612741,CHI,62,29,33,17.8,0.2,1.1,0.211,0.5,0.0,0.1,0.0,0.211
2015-16,202711,Bojan Bogdanovic,1610612751,BKN,79,21,58,26.8,0.7,1.7,0.404,1.6,0.2,0.6,0.354,0.467
2015-16,2564,Boris Diaw,1610612759,SAS,76,64,12,18.2,0.2,0.5,0.317,0.4,0.0,0.1,0.4,0.341
2015-16,203078,Bradley Beal,1610612764,WAS,55,28,27,31.1,2.1,5.5,0.387,4.9,0.6,1.6,0.395,0.444
2015-16,201148,Brandan Wright,1610612763,MEM,12,6,6,17.7,0.0,0.1,0.0,0.0,,,,0.0
2015-16,1626183,Branden Dawson,1610612746,LAC,6,5,1,4.8,0.0,0.0,,0.0,,,,
2015-16,101138,Brandon Bass,1610612747,LAL,66,16,50,20.3,0.1,0.3,0.3,0.2,0.0,0.0,0.0,0.3
2015-16,201943,Brandon Jennings,1610612753,ORL,48,20,28,18.1,1.0,3.3,0.308,2.5,0.5,1.8,0.262,0.377
2015-16,202688,Brandon Knight,1610612756,PHX,52,16,36,36.0,3.1,8.4,0.364,7.3,1.2,3.7,0.318,0.434
2015-16,201575,Brandon Rush,1610612744,GSW,72,63,9,14.6,0.3,0.7,0.365,0.6,0.1,0.3,0.389,0.433
2015-16,203148,Brian Roberts,1610612757,POR,51,26,25,9.2,0.7,1.6,0.451,1.5,0.1,0.3,0.333,0.482
2015-16,1627362,Briante Weber,1610612748,MIA,7,3,4,24.1,1.4,3.4,0.417,2.9,0.0,0.1,0.0,0.417
2015-16,201572,Brook Lopez,1610612751,BKN,73,21,52,33.7,0.7,1.9,0.379,1.5,0.0,0.0,,0.379
2015-16,203998,Bruno Caboclo,1610612761,TOR,6,6,0,7.1,0.0,0.5,0.0,0.0,0.0,0.2,0.0,0.0
2015-16,203955,Bryce Cotton,1610612763,MEM,8,1,7,4.8,0.4,0.6,0.6,0.8,0.0,0.0,,0.6
2015-16,1626214,Bryce Dejean-Jones,1610612740,NOP,14,8,6,19.9,0.7,1.4,0.526,1.7,0.3,0.4,0.8,0.632
2015-16,201228,C.J. Watson,1610612753,ORL,33,14,19,19.9,0.4,1.6,0.269,0.9,0.1,0.3,0.182,0.288
2015-16,203912,C.J. Wilcox,1610612746,LAC,23,15,8,7.3,0.3,1.0,0.273,0.6,0.0,0.2,0.25,0.295
2015-16,203468,CJ McCollum,1610612757,POR,80,44,36,34.7,3.8,8.3,0.458,8.4,0.9,2.2,0.395,0.51
2015-16,101139,CJ Miles,1610612754,IND,64,34,30,22.9,0.9,2.3,0.399,2.2,0.3,1.0,0.328,0.473
2015-16,203946,Cameron Bairstow,1610612765,DET,18,4,14,5.7,0.0,0.1,0.0,0.0,0.0,0.0,,0.0
2015-16,1626166,Cameron Payne,1610612760,OKC,57,44,13,12.2,0.9,2.1,0.421,1.9,0.2,0.6,0.25,0.459
2015-16,201171,Carl Landry,1610612755,PHI,36,5,31,15.8,0.2,0.5,0.333,0.3,0.0,0.0,,0.333
2015-16,2546,Carmelo Anthony,1610612752,NYK,72,32,40,35.1,3.2,7.7,0.417,6.9,0.5,1.7,0.286,0.448
2015-16,2406,Caron Butler,1610612758,SAC,17,2,15,10.3,0.6,1.1,0.556,1.2,0.0,0.0,,0.556
2015-16,202718,Chandler Parsons,1610612742,DAL,61,29,32,29.5,0.9,2.1,0.441,2.1,0.3,0.9,0.365,0.516
2015-16,101112,Channing Frye,1610612739,CLE,70,35,35,17.1,0.1,0.3,0.429,0.3,0.0,0.1,0.25,0.452
2015-16,101111,Charlie Villanueva,1610612742,DAL,62,29,33,10.7,0.2,0.4,0.444,0.5,0.1,0.2,0.5,0.556
2015-16,201978,Chase Budinger,1610612756,PHX,66,29,37,14.1,0.1,0.3,0.273,0.2,0.0,0.0,0.5,0.295
2015-16,2365,Chris Andersen,1610612763,MEM,27,11,16,14.9,0.1,0.1,0.667,0.2,0.0,0.1,0.5,0.833
2015-16,2547,Chris Bosh,1610612748,MIA,53,29,24,33.5,1.0,2.5,0.393,2.0,0.0,0.1,0.286,0.4
2015-16,203142,Chris Copeland,1610612749,MIL,24,10,14,6.5,0.0,0.1,0.0,0.0,0.0,0.0,0.0,0.0
2015-16,203187,Chris Johnson,1610612762,UTA,70,38,32,12.2,0.2,0.6,0.282,0.4,0.0,0.2,0.25,0.321
2015-16,2549,Chris Kaman,1610612757,POR,16,11,5,7.0,0.1,0.2,0.333,0.1,0.0,0.1,0.0,0.333
2015-16,1626191,Chris McCullough,1610612751,BKN,24,7,17,15.1,0.2,0.5,0.308,0.3,0.0,0.0,,0.308
2015-16,101108,Chris Paul,1610612746,LAC,74,50,24,32.7,4.3,9.9,0.435,9.7,1.0,3.0,0.333,0.486
2015-16,1626174,Christian Wood,1610612755,PHI,17,0,17,8.5,0.0,0.1,0.0,0.0,0.0,0.1,0.0,0.0
2015-16,101236,Chuck Hayes,1610612746,LAC,2,1,1,11.9,0.0,0.0,,0.0,,,,
2015-16,203921,Cleanthony Early,1610612752,NYK,17,6,11,9.0,0.1,0.4,0.167,0.1,0.0,0.1,0.0,0.167
2015-16,1626146,Cliff Alexander,1610612757,POR,8,3,5,4.5,0.1,0.1,1.0,0.3,,,,1.0
2015-16,203991,Clint Capela,1610612745,HOU,77,39,38,19.1,0.0,0.0,0.0,0.0,0.0,0.0,0.0,0.0
2015-16,203469,Cody Zeller,1610612766,CHA,73,42,31,24.3,0.1,0.2,0.222,0.1,0.0,0.0,0.0,0.222
2015-16,202332,Cole Aldrich,1610612746,LAC,60,41,19,13.3,0.0,0.0,0.0,0.0,,,,0.0
2015-16,201147,Corey Brewer,1610612745,HOU,82,41,41,20.4,0.2,0.9,0.236,0.5,0.0,0.3,0.12,0.257
2015-16,203928,Cory Jefferson,1610612756,PHX,8,2,6,6.3,0.1,0.4,0.333,0.3,0.0,0.0,,0.333
2015-16,202709,Cory Joseph,1610612761,TOR,80,54,26,25.6,0.8,2.1,0.38,1.6,0.0,0.2,0.0,0.38
2015-16,1626262,Coty Clarke,1610612738,BOS,3,0,3,1.9,0.0,0.3,0.0,0.0,0.0,0.0,,0.0
2015-16,201584,Courtney Lee,1610612766,CHA,79,49,30,29.6,1.1,2.4,0.447,2.1,0.0,0.1,0.111,0.449
2015-16,1626245,Cristiano Felicio,1610612741,CHI,31,14,17,10.3,0.0,0.1,0.0,0.0,0.0,0.0,0.0,0.0
2015-16,1626156,D'Angelo Russell,1610612747,LAL,80,17,63,28.2,1.9,5.4,0.356,4.4,0.6,1.7,0.331,0.407
2015-16,201571,D.J. Augustin,1610612743,DEN,62,35,27,19.0,0.9,2.2,0.42,2.4,0.5,1.4,0.391,0.543
2015-16,2563,Dahntay Jones,1610612739,CLE,1,0,1,42.4,4.0,5.0,0.8,8.0,0.0,0.0,,0.8
2015-16,203081,Damian Lillard,1610612757,POR,75,40,35,35.7,3.4,8.9,0.378,8.4,1.7,4.7,0.354,0.472
2015-16,203996,Damien Inglis,1610612749,MIL,20,5,15,7.8,0.1,0.3,0.333,0.3,0.1,0.1,0.5,0.417
2015-16,204014,Damjan Rudez,1610612750,MIN,33,9,24,8.4,0.0,0.1,0.0,0.0,0.0,0.1,0.0,0.0
2015-16,201568,Danilo Gallinari,1610612743,DEN,53,22,31,34.7,1.2,3.6,0.321,2.6,0.3,1.1,0.241,0.358
2015-16,201980,Danny Green,1610612759,SAS,79,65,14,26.1,0.3,1.2,0.286,0.8,0.1,0.5,0.2,0.33
2015-16,201967,Dante Cunningham,1610612740,NOP,80,28,52,24.6,0.1,0.5,0.289,0.3,0.0,0.0,0.0,0.289
2015-16,201589,Darrell Arthur,1610612743,DEN,70,26,44,21.7,0.3,0.7,0.458,0.7,0.0,0.0,1.0,0.479
2015-16,201954,Darren Collison,1610612758,SAC,74,29,45,30.0,1.8,3.9,0.452,3.9,0.3,1.0,0.338,0.493
2015-16,1626199,Darrun Hilliard,1610612765,DET,38,17,21,10.1,0.4,1.1,0.405,0.9,0.1,0.2,0.333,0.429
2015-16,101135,David Lee,1610612742,DAL,55,27,28,16.4,0.1,0.2,0.556,0.2,0.0,0.0,,0.556
2015-16,2561,David West,1610612759,SAS,78,63,15,18.0,0.2,0.4,0.4,0.3,0.0,0.0,0.0,0.4
2015-16,201599,DeAndre Jordan,1610612746,LAC,77,51,26,33.7,0.0,0.0,1.0,0.0,0.0,0.0,,1.0
2015-16,201971,DeJuan Blair,1610612764,WAS,29,12,17,7.5,0.1,0.2,0.571,0.3,0.0,0.0,0.0,0.571
2015-16,201942,DeMar DeRozan,1610612761,TOR,78,53,25,35.9,2.9,7.3,0.397,5.9,0.1,0.6,0.163,0.403
2015-16,202326,DeMarcus Cousins,1610612758,SAC,65,29,36,34.6,0.6,2.1,0.292,1.3,0.1,0.2,0.267,0.307
2015-16,201960,DeMarre Carroll,1610612761,TOR,26,16,10,30.2,0.7,1.7,0.4,1.5,0.2,0.4,0.364,0.444
2015-16,1626153,Delon Wright,1610612761,TOR,27,19,8,8.5,0.3,0.6,0.438,0.7,0.1,0.2,0.8,0.563
2015-16,203471,Dennis Schroder,1610612737,ATL,80,47,33,20.3,1.2,3.4,0.362,2.8,0.3,1.3,0.248,0.41
2015-16,101114,Deron Williams,1610612742,DAL,65,31,34,32.4,1.6,4.2,0.373,3.6,0.4,1.5,0.263,0.42
2015-16,202324,Derrick Favors,1610612762,UTA,62,30,32,32.0,0.4,1.2,0.365,0.9,0.0,0.1,0.0,0.365
2015-16,201565,Derrick Rose,1610612741,CHI,66,32,34,31.8,2.6,6.5,0.4,5.3,0.1,0.7,0.205,0.41
2015-16,202682,Derrick Williams,1610612752,NYK,80,32,48,17.9,0.5,1.5,0.355,1.1,0.1,0.3,0.227,0.376
2015-16,1626164,Devin Booker,1610612756,PHX,76,20,56,27.7,1.3,3.9,0.327,2.9,0.3,1.3,0.235,0.365
2015-16,2734,Devin Harris,1610612742,DAL,64,35,29,20.0,0.4,1.1,0.324,0.8,0.1,0.3,0.182,0.352
2015-16,203906,Devyn Marble,1610612753,ORL,28,12,16,8.9,0.0,0.5,0.071,0.1,0.0,0.0,0.0,0.071
2015-16,203473,Dewayne Dedmon,1610612753,ORL,58,21,37,12.2,0.1,0.1,0.571,0.1,,,,0.571
2015-16,203079,Dion Waiters,1610612760,OKC,78,53,25,27.6,1.0,3.0,0.321,2.1,0.2,0.7,0.264,0.35
2015-16,1717,Dirk Nowitzki,1610612742,DAL,75,38,37,31.5,1.6,3.9,0.42,3.3,0.0,0.1,0.3,0.425
2015-16,202388,Donald Sloan,1610612751,BKN,61,13,48,21.6,0.5,1.4,0.352,1.1,0.1,0.4,0.273,0.386
2015-16,202700,Donatas Motiejunas,1610612745,HOU,37,19,18,14.8,0.0,0.2,0.167,0.1,0.0,0.0,1.0,0.25
2015-16,203926,Doug McDermott,1610612741,CHI,81,41,40,23.0,0.8,1.7,0.46,1.7,0.1,0.2,0.375,0.482
2015-16,203110,Draymond Green,1610612744,GSW,81,73,8,34.7,0.2,0.5,0.317,0.4,0.0,0.1,0.3,0.354
2015-16,2400,Drew Gooden,1610612764,WAS,30,18,12,10.2,0.1,0.4,0.364,0.3,0.0,0.0,,0.364
2015-16,1626251,Duje Dukan,1610612758,SAC,1,0,1,24.2,0.0,3.0,0.0,0.0,0.0,1.0,0.0,0.0
2015-16,2730,Dwight Howard,1610612745,HOU,71,34,37,32.1,0.0,0.0,0.0,0.0,0.0,0.0,0.0,0.0
2015-16,203939,Dwight Powell,1610612742,DAL,69,35,34,14.4,0.0,0.1,0.333,0.1,0.0,0.0,,0.333
2015-16,2548,Dwyane Wade,1610612748,MIA,74,43,31,30.5,2.3,6.5,0.351,4.6,0.0,0.4,0.074,0.353
2015-16,202734,E'Twaun Moore,1610612741,CHI,59,29,30,21.4,0.9,2.0,0.445,1.9,0.1,0.3,0.4,0.471
2015-16,202334,Ed Davis,1610612757,POR,81,43,38,20.8,0.0,0.0,0.333,0.0,,,,0.333
2015-16,204002,Edy Tavares,1610612737,ATL,11,7,4,6.6,0.0,0.0,,0.0,,,,
2015-16,203901,Elfrid Payton,1610612753,ORL,73,32,41,29.4,0.7,2.2,0.329,1.5,0.0,0.2,0.273,0.338
2015-16,202407,Elijah Millsap,1610612762,UTA,20,9,11,8.6,0.0,0.2,0.0,0.0,0.0,0.1,0.0,0.0
2015-16,202343,Elliot Williams,1610612766,CHA,5,4,1,9.0,0.2,1.0,0.2,0.6,0.2,0.2,1.0,0.3
2015-16,1882,Elton Brand,1610612755,PHI,17,2,15,13.2,0.2,0.4,0.429,0.4,0.0,0.0,,0.429
2015-16,1626144,Emmanuel Mudiay,1610612743,DEN,68,29,39,30.4,2.0,5.5,0.354,4.3,0.4,1.3,0.322,0.391
2015-16,202683,Enes Freedom,1610612760,OKC,82,55,27,21.0,0.1,0.3,0.423,0.3,0.0,0.0,,0.423
2015-16,202339,Eric Bledsoe,1610612756,PHX,31,12,19,34.2,3.2,6.8,0.462,7.3,0.9,2.2,0.426,0.531
2015-16,201569,Eric Gordon,1610612740,NOP,45,14,31,32.9,1.3,2.8,0.449,3.0,0.5,1.2,0.434,0.539
2015-16,203961,Eric Moreland,1610612758,SAC,8,1,7,5.9,0.0,0.0,,0.0,,,,
2015-16,203475,Erick Green,1610612743,DEN,9,6,3,4.7,0.3,0.6,0.6,0.7,0.0,0.0,,0.6
2015-16,101141,Ersan Ilyasova,1610612753,ORL,74,35,39,25.4,0.6,1.4,0.383,1.3,0.2,0.6,0.319,0.453
2015-16,203095,Evan Fournier,1610612753,ORL,79,33,46,32.5,0.9,2.5,0.36,2.2,0.4,1.1,0.381,0.442
2015-16,202323,Evan Turner,1610612738,BOS,81,47,34,28.0,1.7,4.1,0.417,3.4,0.0,0.1,0.125,0.418
2015-16,203105,Festus Ezeli,1610612744,GSW,46,42,4,16.7,0.0,0.1,0.25,0.0,,,,0.25
2015-16,1626163,Frank Kaminsky,1610612766,CHA,81,47,34,21.1,0.2,0.5,0.357,0.4,0.0,0.0,0.25,0.369
2015-16,202066,Garrett Temple,1610612764,WAS,80,40,40,24.4,0.3,1.1,0.284,0.7,0.1,0.3,0.28,0.324
2015-16,203914,Gary Harris,1610612743,DEN,76,31,45,32.1,0.9,1.9,0.468,1.8,0.1,0.4,0.276,0.496
2015-16,202390,Gary Neal,1610612764,WAS,40,18,22,20.2,1.9,4.0,0.478,4.2,0.3,0.7,0.448,0.519
2015-16,201588,George Hill,1610612754,IND,74,41,33,34.1,1.1,3.3,0.339,2.6,0.3,1.1,0.3,0.388
2015-16,101123,Gerald Green,1610612748,MIA,69,40,29,22.6,1.0,2.7,0.364,2.2,0.2,0.7,0.294,0.405
2015-16,201945,Gerald Henderson,1610612757,POR,72,39,33,19.9,1.3,3.2,0.391,2.6,0.1,0.2,0.286,0.399
2015-16,203507,Giannis Antetokounmpo,1610612749,MIL,80,32,48,35.3,0.7,2.1,0.318,1.4,0.1,0.3,0.25,0.332
2015-16,203922,Glenn Robinson III,1610612754,IND,45,24,21,11.3,0.2,0.7,0.281,0.4,0.0,0.0,0.0,0.281
2015-16,201609,Goran Dragic,1610612748,MIA,72,44,28,32.8,1.7,4.1,0.405,3.5,0.2,0.9,0.266,0.434
2015-16,202330,Gordon Hayward,1610612762,UTA,80,38,42,36.2,2.1,5.1,0.4,4.5,0.4,1.4,0.297,0.44
2015-16,203476,Gorgui Dieng,1610612750,MIN,82,29,53,27.1,0.3,0.8,0.413,0.6,0.0,0.0,0.0,0.413
2015-16,202328,Greg Monroe,1610612749,MIL,79,32,47,29.3,0.0,0.2,0.231,0.1,0.0,0.0,,0.231
2015-16,202962,Greg Smith,1610612750,MIN,18,8,10,10.7,0.0,0.0,,0.0,,,,
2015-16,202349,Greivis Vasquez,1610612749,MIL,23,9,14,20.0,0.8,2.1,0.388,1.9,0.3,1.0,0.273,0.449
2015-16,203084,Harrison Barnes,1610612744,GSW,66,59,7,30.9,0.9,2.0,0.452,1.9,0.0,0.1,0.4,0.459
2015-16,202355,Hassan Whiteside,1610612748,MIA,73,42,31,29.1,0.2,0.3,0.571,0.3,,,,0.571
2015-16,203156,Henry Sims,1610612751,BKN,14,2,12,18.8,0.0,0.3,0.0,0.0,,,,0.0
2015-16,203138,Hollis Thompson,1610612755,PHI,77,10,67,28.0,0.4,1.2,0.315,0.8,0.1,0.2,0.263,0.342
2015-16,203546,Ian Clark,1610612744,GSW,66,59,7,8.8,0.3,0.9,0.397,0.8,0.1,0.4,0.296,0.466
2015-16,101133,Ian Mahinmi,1610612754,IND,71,41,30,25.6,0.0,0.0,0.0,0.0,,,,0.0
2015-16,202697,Iman Shumpert,1610612739,CLE,54,39,15,24.4,0.5,1.7,0.308,1.1,0.1,0.4,0.174,0.33
2015-16,203477,Isaiah Canaan,1610612755,PHI,77,10,67,25.5,1.0,3.2,0.328,2.8,0.8,2.3,0.333,0.449
2015-16,202738,Isaiah Thomas,1610612738,BOS,82,48,34,32.2,2.0,5.6,0.359,5.0,0.9,2.8,0.327,0.439
2015-16,202397,Ish Smith,1610612755,PHI,77,16,61,29.1,1.7,5.0,0.345,3.8,0.4,1.1,0.318,0.381
2015-16,200826,J.J. Barea,1610612742,DAL,74,38,36,22.5,1.5,3.8,0.391,3.6,0.7,2.0,0.349,0.482
2015-16,201581,JJ Hickson,1610612764,WAS,35,17,18,12.5,0.1,0.4,0.385,0.3,0.0,0.0,,0.385
2015-16,1626266,JJ O'Brien,1610612762,UTA,2,2,0,3.1,0.0,0.0,,0.0,,,,
2015-16,200755,JJ Redick,1610612746,LAC,75,50,25,28.0,1.7,4.2,0.41,3.9,0.5,1.2,0.382,0.463
2015-16,2747,JR Smith,1610612739,CLE,77,53,24,30.7,1.2,3.6,0.339,2.8,0.4,1.3,0.3,0.394
2015-16,203960,JaKarr Sampson,1610612743,DEN,73,18,55,15.9,0.1,0.4,0.357,0.3,0.0,0.1,0.333,0.393
2015-16,203210,JaMychal Green,1610612763,MEM,78,39,39,18.5,0.1,0.3,0.292,0.2,0.0,0.0,0.0,0.292
2015-16,201580,JaVale McGee,1610612742,DAL,34,15,19,10.9,0.0,0.1,0.25,0.1,0.0,0.0,,0.25
2015-16,203953,Jabari Parker,1610612749,MIL,76,32,44,31.7,0.8,2.3,0.341,1.6,0.0,0.1,0.0,0.341
2015-16,203109,Jae Crowder,1610612738,BOS,73,43,30,31.6,0.7,2.1,0.346,1.7,0.2,0.7,0.265,0.388
2015-16,1626143,Jahlil Okafor,1610612755,PHI,53,6,47,30.0,0.9,2.8,0.34,1.9,0.0,0.0,0.0,0.34
2015-16,2037,Jamal Crawford,1610612746,LAC,79,51,28,26.9,2.4,6.4,0.368,5.2,0.5,1.8,0.273,0.406
2015-16,2749,Jameer Nelson,1610612743,DEN,39,12,27,26.6,1.3,3.9,0.344,3.2,0.5,1.7,0.313,0.414
2015-16,202341,James Anderson,1610612758,SAC,51,19,32,14.1,0.1,0.6,0.241,0.4,0.1,0.3,0.286,0.31
2015-16,203516,James Ennis III,1610612740,NOP,22,11,11,14.9,0.4,0.9,0.4,1.0,0.3,0.6,0.429,0.55
2015-16,201935,James Harden,1610612745,HOU,82,41,41,38.1,3.4,8.9,0.384,8.4,1.5,4.6,0.333,0.471
2015-16,201949,James Johnson,1610612761,TOR,57,35,22,16.2,0.1,0.4,0.25,0.2,0.0,0.1,0.2,0.275
2015-16,2592,James Jones,1610612739,CLE,48,33,15,9.7,0.2,0.5,0.423,0.5,0.1,0.1,0.429,0.481
2015-16,203949,James Michael McAdoo,1610612744,GSW,41,37,4,6.4,0.0,0.0,1.0,0.1,0.0,0.0,,1.0
2015-16,203923,James Young,1610612738,BOS,29,12,17,6.9,0.0,0.1,0.25,0.1,0.0,0.0,0.0,0.25
2015-16,203099,Jared Cunningham,1610612739,CLE,44,31,13,9.3,0.0,0.4,0.118,0.1,0.0,0.1,0.0,0.118
2015-16,201162,Jared Dudley,1610612764,WAS,81,40,41,25.9,0.3,0.6,0.457,0.5,0.0,0.0,0.333,0.467
2015-16,203096,Jared Sullinger,1610612738,BOS,81,47,34,23.6,0.2,0.8,0.29,0.4,0.0,0.1,0.0,0.29
2015-16,204067,Jarell Eddie,1610612764,WAS,26,13,13,5.6,0.2,0.5,0.385,0.5,0.1,0.3,0.429,0.5
2015-16,1626185,Jarell Martin,1610612763,MEM,27,10,17,14.1,0.1,0.4,0.333,0.3,0.0,0.0,,0.333
2015-16,203950,Jarnell Stokes,1610612763,MEM,7,1,6,2.7,0.0,0.0,,0.0,,,,
2015-16,101127,Jarrett Jack,1610612751,BKN,32,10,22,32.1,2.3,5.4,0.422,5.0,0.4,1.3,0.341,0.462
2015-16,201160,Jason Smith,1610612753,ORL,76,33,43,15.5,0.2,0.4,0.5,0.4,0.0,0.0,0.0,0.5
2015-16,1891,Jason Terry,1610612745,HOU,72,37,35,17.5,0.3,0.9,0.338,0.8,0.2,0.4,0.355,0.419
2015-16,201574,Jason Thompson,1610612761,TOR,47,38,9,10.0,0.1,0.2,0.273,0.1,0.0,0.0,,0.273
2015-16,201965,Jeff Ayres,1610612746,LAC,17,11,6,6.3,0.0,0.0,,0.0,0.0,0.0,,
2015-16,201145,Jeff Green,1610612746,LAC,80,48,32,28.2,0.8,2.2,0.378,1.7,0.1,0.5,0.211,0.401
2015-16,201952,Jeff Teague,1610612737,ATL,79,47,32,28.5,1.5,4.3,0.361,3.8,0.7,2.0,0.348,0.441
2015-16,203481,Jeff Withey,1610612762,UTA,51,25,26,12.9,0.0,0.0,,0.0,0.0,0.0,,
2015-16,203924,Jerami Grant,1610612755,PHI,77,9,68,26.8,0.1,0.4,0.233,0.2,0.0,0.1,0.2,0.25
2015-16,202379,Jeremy Evans,1610612742,DAL,30,16,14,8.4,0.0,0.1,0.5,0.1,0.0,0.0,,0.5
2015-16,203087,Jeremy Lamb,1610612766,CHA,66,40,26,18.6,0.9,2.2,0.403,2.0,0.2,0.8,0.314,0.458
2015-16,202391,Jeremy Lin,1610612766,CHA,78,47,31,26.3,1.0,3.1,0.331,2.3,0.3,0.9,0.309,0.373
2015-16,1626170,Jerian Grant,1610612752,NYK,76,29,47,16.6,0.5,1.7,0.323,1.1,0.1,0.6,0.091,0.339
2015-16,201573,Jerryd Bayless,1610612749,MIL,52,21,31,28.9,0.8,2.2,0.371,1.9,0.3,0.8,0.325,0.427
2015-16,202690,Jimmer Fredette,1610612759,SAS,6,1,5,2.9,0.0,0.2,0.0,0.0,0.0,0.0,,0.0
2015-16,202710,Jimmy Butler,1610612741,CHI,67,37,30,36.9,2.1,5.6,0.371,4.5,0.3,1.0,0.319,0.401
2015-16,201149,Joakim Noah,1610612741,CHI,29,15,14,21.9,0.0,0.0,0.0,0.0,0.0,0.0,0.0,0.0
2015-16,201975,Jodie Meeks,1610612765,DET,3,3,0,14.5,1.3,2.3,0.571,3.3,0.7,0.7,1.0,0.714
2015-16,203925,Joe Harris,1610612739,CLE,5,5,0,3.0,0.0,0.2,0.0,0.0,0.0,0.2,0.0,0.0
2015-16,204060,Joe Ingles,1610612762,UTA,81,40,41,15.3,0.3,0.8,0.353,0.7,0.1,0.5,0.275,0.434
2015-16,2207,Joe Johnson,1610612748,MIA,81,31,50,33.4,1.5,3.8,0.411,3.3,0.2,0.8,0.274,0.439
2015-16,1626202,Joe Young,1610612754,IND,41,19,22,9.4,0.6,1.9,0.342,1.3,0.1,0.4,0.176,0.362
2015-16,201202,Joel Anthony,1610612765,DET,19,12,7,5.0,0.0,0.0,,0.0,,,,
2015-16,203530,Joffrey Lauvergne,1610612743,DEN,59,24,35,17.6,0.1,0.2,0.385,0.2,0.0,0.0,0.0,0.385
2015-16,203089,John Henson,1610612749,MIL,57,22,35,16.8,0.1,0.2,0.333,0.1,0.0,0.0,,0.333
2015-16,203098,John Jenkins,1610612756,PHX,43,18,25,11.2,0.6,1.4,0.387,1.2,0.1,0.4,0.263,0.427
2015-16,202322,John Wall,1610612764,WAS,77,37,40,36.2,3.2,8.8,0.365,6.9,0.5,1.7,0.313,0.396
2015-16,203948,Johnny O'Bryant III,1610612749,MIL,66,27,39,13.0,0.1,0.2,0.5,0.2,0.0,0.0,,0.5
2015-16,202720,Jon Leuer,1610612756,PHX,67,22,45,18.7,0.3,0.8,0.423,0.7,0.0,0.0,0.0,0.423
2015-16,201973,Jonas Jerebko,1610612738,BOS,78,47,31,15.1,0.1,0.3,0.25,0.2,0.0,0.0,0.5,0.271
2015-16,202685,Jonas Valanciunas,1610612761,TOR,60,40,20,25.9,0.1,0.2,0.3,0.1,,,,0.3
2015-16,203613,Jonathon Simmons,1610612759,SAS,55,47,8,14.8,0.2,0.6,0.406,0.5,0.0,0.1,0.2,0.422
2015-16,203919,Jordan Adams,1610612763,MEM,2,0,2,7.3,0.5,1.5,0.333,1.0,0.0,0.0,,0.333
2015-16,203903,Jordan Clarkson,1610612747,LAL,79,17,62,32.3,1.9,4.6,0.415,4.3,0.5,1.3,0.358,0.467
2015-16,200770,Jordan Farmar,1610612763,MEM,12,2,10,24.3,1.7,3.6,0.465,4.0,0.7,1.7,0.4,0.558
2015-16,202706,Jordan Hamilton,1610612740,NOP,11,4,7,27.6,1.4,3.6,0.375,3.3,0.5,1.6,0.333,0.45
2015-16,201941,Jordan Hill,1610612754,IND,73,40,33,20.7,0.2,0.4,0.484,0.4,0.0,0.0,,0.484
2015-16,203895,Jordan McRae,1610612739,CLE,22,10,12,8.9,0.6,1.4,0.467,1.5,0.2,0.5,0.5,0.55
2015-16,1626175,Jordan Mickey,1610612738,BOS,16,9,7,3.6,0.0,0.0,,0.0,,,,
2015-16,203268,Jorge Gutierrez,1610612766,CHA,12,9,3,5.3,0.2,0.4,0.4,0.3,0.0,0.0,,0.4
2015-16,101181,Jose Calderon,1610612752,NYK,72,29,43,28.1,1.3,2.9,0.444,2.8,0.2,0.5,0.359,0.478
2015-16,203962,Josh Huestis,1610612760,OKC,5,2,3,11.0,0.0,0.2,0.0,0.0,0.0,0.0,,0.0
2015-16,201177,Josh McRoberts,1610612748,MIA,42,27,15,14.2,0.0,0.3,0.077,0.0,0.0,0.0,0.0,0.077
2015-16,1626196,Josh Richardson,1610612748,MIA,52,29,23,21.3,0.4,1.0,0.407,0.9,0.0,0.1,0.5,0.426
2015-16,2746,Josh Smith,1610612745,HOU,55,31,24,16.0,0.1,0.6,0.182,0.3,0.1,0.3,0.167,0.227
2015-16,201950,Jrue Holiday,1610612740,NOP,65,27,38,28.2,2.5,6.6,0.382,6.0,0.9,2.8,0.326,0.451
2015-16,203944,Julius Randle,1610612747,LAL,81,17,64,28.2,0.4,1.5,0.248,0.8,0.0,0.1,0.2,0.256
2015-16,1626147,Justin Anderson,1610612742,DAL,55,28,27,11.8,0.2,0.7,0.27,0.4,0.0,0.3,0.133,0.297
2015-16,202712,Justin Harper,1610612751,BKN,5,4,1,7.0,0.0,0.2,0.0,0.0,0.0,0.0,,0.0
2015-16,203200,Justin Holiday,1610612741,CHI,53,28,25,14.6,0.3,1.1,0.316,0.8,0.1,0.4,0.19,0.351
2015-16,1626159,Justise Winslow,1610612748,MIA,78,46,32,28.6,0.2,0.6,0.326,0.4,0.0,0.1,0.167,0.337
2015-16,203994,Jusuf Nurkic,1610612743,DEN,32,14,18,17.1,0.0,0.1,0.333,0.1,0.0,0.0,,0.333
2015-16,203909,KJ McDaniels,1610612745,HOU,37,17,20,6.4,0.0,0.2,0.111,0.1,0.0,0.1,0.0,0.111
2015-16,1626157,Karl-Anthony Towns,1610612750,MIN,82,29,53,32.0,0.6,1.4,0.423,1.2,0.0,0.1,0.333,0.441
2015-16,202695,Kawhi Leonard,1610612759,SAS,72,60,12,33.0,2.7,5.8,0.464,5.7,0.3,0.8,0.407,0.493
2015-16,203951,Keith Appling,1610612753,ORL,5,0,5,5.4,0.0,0.6,0.0,0.0,0.0,0.0,,0.0
2015-16,203482,Kelly Olynyk,1610612738,BOS,69,40,29,20.2,0.3,1.2,0.293,0.8,0.1,0.3,0.333,0.335
2015-16,1626162,Kelly Oubre Jr.,1610612764,WAS,63,31,32,10.7,0.0,0.3,0.091,0.1,0.0,0.1,0.111,0.114
2015-16,202689,Kemba Walker,1610612766,CHA,81,47,34,35.6,2.8,7.9,0.356,6.7,1.0,3.2,0.323,0.423
2015-16,203088,Kendall Marshall,1610612755,PHI,30,3,27,13.3,0.3,1.1,0.25,0.6,0.0,0.2,0.167,0.266
2015-16,2570,Kendrick Perkins,1610612740,NOP,37,13,24,14.6,0.1,0.1,0.4,0.1,,,,0.4
2015-16,202702,Kenneth Faried,1610612743,DEN,67,26,41,25.3,0.1,0.4,0.292,0.2,0.0,0.0,,0.292
2015-16,203145,Kent Bazemore,1610612737,ATL,75,44,31,27.8,0.5,1.7,0.302,1.3,0.3,0.9,0.297,0.376
2015-16,203484,Kentavious Caldwell-Pope,1610612765,DET,76,41,35,36.7,1.7,4.4,0.378,3.7,0.3,1.2,0.269,0.415
2015-16,201142,Kevin Durant,1610612760,OKC,72,52,20,35.8,3.8,8.2,0.458,8.6,1.1,2.8,0.376,0.523
2015-16,708,Kevin Garnett,1610612750,MIN,38,14,24,14.6,0.3,0.7,0.4,0.5,0.0,0.0,,0.4
2015-16,201567,Kevin Love,1610612739,CLE,77,53,24,31.5,0.5,1.5,0.362,1.2,0.1,0.3,0.304,0.392
2015-16,2755,Kevin Martin,1610612759,SAS,55,24,31,19.9,0.7,2.7,0.272,1.5,0.1,0.5,0.154,0.286
2015-16,202338,Kevin Seraphin,1610612752,NYK,48,15,33,11.0,0.2,0.7,0.273,0.4,0.0,0.0,0.0,0.273
2015-16,1626172,Kevon Looney,1610612744,GSW,5,4,1,4.1,0.2,0.2,1.0,0.4,0.0,0.0,,1.0
2015-16,203114,Khris Middleton,1610612749,MIL,79,33,46,36.1,2.4,5.8,0.406,5.0,0.3,1.0,0.286,0.43
2015-16,2550,Kirk Hinrich,1610612737,ATL,46,26,20,13.7,0.4,1.1,0.388,1.0,0.2,0.5,0.417,0.49
2015-16,202691,Klay Thompson,1610612744,GSW,80,71,9,33.3,1.7,4.0,0.431,3.9,0.4,1.2,0.362,0.484
2015-16,977,Kobe Bryant,1610612747,LAL,66,13,53,28.2,2.7,8.4,0.325,6.1,0.7,2.8,0.246,0.366
2015-16,201585,Kosta Koufos,1610612758,SAC,78,32,46,19.0,0.0,0.2,0.167,0.1,,,,0.167
2015-16,203123,Kostas Papanikolaou,1610612743,DEN,26,8,18,11.3,0.1,0.5,0.143,0.2,0.0,0.3,0.125,0.179
2015-16,2743,Kris Humphries,1610612737,ATL,53,29,24,15.7,0.2,0.5,0.542,0.5,0.0,0.1,0.333,0.563
2015-16,204001,Kristaps Porzingis,1610612752,NYK,72,28,44,28.4,0.7,1.9,0.36,1.4,0.0,0.2,0.231,0.371
2015-16,203937,Kyle Anderson,1610612759,SAS,78,64,14,16.0,0.7,1.5,0.479,1.5,0.0,0.0,0.0,0.479
2015-16,2594,Kyle Korver,1610612737,ATL,80,46,34,30.0,1.0,2.1,0.463,2.2,0.3,0.7,0.356,0.527
2015-16,200768,Kyle Lowry,1610612761,TOR,77,54,23,37.0,2.2,5.9,0.368,5.4,1.0,3.2,0.323,0.456
2015-16,203124,Kyle O'Quinn,1610612752,NYK,65,26,39,11.8,0.2,0.4,0.448,0.4,0.0,0.0,0.5,0.466
2015-16,202713,Kyle Singler,1610612760,OKC,68,43,25,14.4,0.1,0.3,0.25,0.1,0.0,0.0,0.0,0.25
2015-16,202681,Kyrie Irving,1610612739,CLE,53,37,16,31.5,3.0,7.1,0.43,6.8,0.8,2.5,0.308,0.484
2015-16,200746,LaMarcus Aldridge,1610612759,SAS,74,61,13,30.6,1.1,3.0,0.357,2.1,0.0,0.0,0.0,0.357
2015-16,203934,Lamar Patterson,1610612737,ATL,35,23,12,11.3,0.0,0.3,0.091,0.1,0.0,0.2,0.143,0.136
2015-16,202362,Lance Stephenson,1610612763,MEM,69,36,33,19.9,1.0,2.4,0.399,2.1,0.1,0.3,0.435,0.429
2015-16,202498,Lance Thomas,1610612752,NYK,59,25,34,22.3,0.6,1.5,0.432,1.3,0.0,0.1,0.0,0.432
2015-16,204038,Langston Galloway,1610612752,NYK,82,32,50,24.8,0.5,1.9,0.294,1.2,0.1,0.4,0.314,0.33
2015-16,1626204,Larry Nance Jr.,1610612747,LAL,63,14,49,20.1,0.1,0.4,0.348,0.3,0.0,0.0,0.0,0.348
2015-16,202730,Lavoy Allen,1610612754,IND,79,43,36,20.2,0.0,0.1,0.6,0.1,,,,0.6
2015-16,2544,LeBron James,1610612739,CLE,76,56,20,35.6,2.0,5.7,0.346,4.6,0.6,2.1,0.302,0.401
2015-16,2571,Leandro Barbosa,1610612744,GSW,68,60,8,15.9,0.3,1.0,0.338,0.7,0.0,0.2,0.2,0.36
2015-16,203485,Lorenzo Brown,1610612765,DET,8,1,7,7.6,0.4,1.9,0.2,0.8,0.0,0.8,0.0,0.2
2015-16,200811,Lou Amundson,1610612752,NYK,29,11,18,7.0,0.0,0.1,0.0,0.0,,,,0.0
2015-16,101150,Lou Williams,1610612747,LAL,67,14,53,28.5,1.9,4.9,0.378,4.5,0.8,2.3,0.325,0.456
2015-16,201601,Luc Mbah a Moute,1610612746,LAC,75,49,26,17.0,0.0,0.1,0.222,0.1,0.0,0.0,,0.222
2015-16,203512,Lucas Nogueira,1610612761,TOR,29,17,12,7.7,0.0,0.0,,0.0,0.0,0.0,,
2015-16,1626242,Luis Montero,1610612757,POR,12,6,6,3.5,0.2,0.5,0.333,0.4,0.1,0.3,0.333,0.417
2015-16,2449,Luis Scola,1610612761,TOR,76,50,26,21.5,0.1,0.5,0.286,0.3,0.0,0.0,0.333,0.3
2015-16,202337,Luke Babbitt,1610612740,NOP,47,16,31,18.0,0.3,0.7,0.371,0.6,0.1,0.2,0.5,0.429
2015-16,2736,Luol Deng,1610612748,MIA,74,45,29,32.4,0.4,1.4,0.274,0.8,0.1,0.2,0.286,0.292
2015-16,1938,Manu Ginobili,1610612759,SAS,58,47,11,19.6,0.7,1.9,0.394,1.7,0.2,0.8,0.286,0.459
2015-16,201188,Marc Gasol,1610612763,MEM,52,30,22,34.4,0.6,1.8,0.363,1.3,0.0,0.0,,0.363
2015-16,1626273,Marcelo Huertas,1610612747,LAL,53,8,45,16.4,0.8,1.9,0.444,1.8,0.1,0.4,0.25,0.47
2015-16,101162,Marcin Gortat,1610612764,WAS,75,35,40,30.1,0.2,0.5,0.316,0.3,0.0,0.0,,0.316
2015-16,201158,Marco Belinelli,1610612758,SAC,68,27,41,24.6,0.8,2.4,0.309,1.7,0.2,0.8,0.241,0.348
2015-16,202694,Marcus Morris Sr.,1610612765,DET,80,42,38,35.7,2.0,4.9,0.409,4.2,0.2,0.7,0.264,0.427
2015-16,203935,Marcus Smart,1610612738,BOS,61,36,25,27.3,0.7,1.8,0.413,1.8,0.3,0.9,0.37,0.505
2015-16,201977,Marcus Thornton,1610612764,WAS,61,32,29,18.2,0.9,2.6,0.365,2.2,0.3,1.0,0.31,0.423
2015-16,201596,Mario Chalmers,1610612748,MIA,61,38,23,22.5,0.7,1.8,0.387,1.7,0.2,0.8,0.3,0.455
2015-16,1626209,Mario Hezonja,1610612753,ORL,79,33,46,17.9,0.6,1.4,0.402,1.3,0.1,0.4,0.294,0.446
2015-16,203900,Markel Brown,1610612751,BKN,62,12,50,15.8,0.5,1.4,0.341,1.0,0.1,0.3,0.211,0.365
2015-16,202693,Markieff Morris,1610612764,WAS,64,22,42,25.5,1.0,2.7,0.387,2.1,0.0,0.2,0.0,0.387
2015-16,201578,Marreese Speights,1610612744,GSW,72,64,8,11.6,0.3,0.7,0.417,0.6,0.0,0.0,0.0,0.417
2015-16,101107,Marvin Williams,1610612766,CHA,81,47,34,28.9,0.3,0.7,0.415,0.5,0.0,0.1,0.0,0.415
2015-16,203486,Mason Plumlee,1610612757,POR,82,44,38,25.4,0.2,0.4,0.412,0.3,0.0,0.0,0.0,0.412
2015-16,2440,Matt Barnes,1610612763,MEM,76,38,38,28.8,0.3,1.0,0.329,0.8,0.1,0.5,0.282,0.401
2015-16,2588,Matt Bonner,1610612759,SAS,30,25,5,6.9,0.1,0.2,0.6,0.2,0.0,0.0,,0.6
2015-16,203521,Matthew Dellavedova,1610612739,CLE,76,54,22,24.6,0.9,2.6,0.34,2.1,0.3,1.0,0.311,0.398
2015-16,203090,Maurice Harkless,1610612757,POR,78,40,38,18.7,0.1,0.3,0.348,0.2,0.0,0.1,0.375,0.413
2015-16,1897,Metta World Peace,1610612747,LAL,35,6,29,16.9,0.4,1.1,0.378,0.9,0.1,0.4,0.286,0.432
2015-16,203086,Meyers Leonard,1610612757,POR,61,33,28,21.8,0.4,0.8,0.451,0.8,0.0,0.1,0.0,0.451
2015-16,201563,Michael Beasley,1610612745,HOU,20,10,10,18.1,1.6,3.2,0.484,3.1,0.0,0.2,0.0,0.484
2015-16,203487,Michael Carter-Williams,1610612749,MIL,54,21,33,30.5,1.0,2.6,0.374,2.0,0.1,0.2,0.3,0.385
2015-16,203077,Michael Kidd-Gilchrist,1610612766,CHA,7,5,2,29.2,0.3,0.9,0.333,0.6,0.0,0.0,,0.333
2015-16,201144,Mike Conley,1610612763,MEM,56,33,23,31.4,2.0,5.2,0.381,4.5,0.6,1.6,0.341,0.434
2015-16,2399,Mike Dunleavy,1610612741,CHI,31,13,18,22.7,0.3,1.0,0.25,0.6,0.1,0.4,0.231,0.297
2015-16,2034,Mike Miller,1610612743,DEN,47,21,26,7.9,0.1,0.2,0.364,0.3,0.1,0.1,0.571,0.545
2015-16,203488,Mike Muscala,1610612737,ATL,60,34,26,9.4,0.0,0.1,0.0,0.0,0.0,0.0,0.0,0.0
2015-16,203118,Mike Scott,1610612737,ATL,75,46,29,15.3,0.1,0.2,0.529,0.3,0.0,0.0,0.5,0.559
2015-16,203101,Miles Plumlee,1610612749,MIL,61,23,38,14.3,0.0,0.1,0.2,0.0,,,,0.2
2015-16,203141,Mirza Teletovic,1610612756,PHX,79,23,56,21.3,0.4,1.2,0.32,0.9,0.1,0.4,0.355,0.376
2015-16,203956,Mitch McGary,1610612760,OKC,20,17,3,3.6,0.1,0.1,1.0,0.1,0.0,0.0,,1.0
2015-16,2590,Mo Williams,1610612739,CLE,41,27,14,18.2,1.9,4.3,0.434,3.9,0.2,0.9,0.184,0.454
2015-16,101145,Monta Ellis,1610612754,IND,81,44,37,33.8,2.0,5.6,0.369,4.4,0.3,1.2,0.28,0.4
2015-16,1626149,Montrezl Harrell,1610612745,HOU,39,17,22,9.7,0.0,0.0,0.0,0.0,0.0,0.0,,0.0
2015-16,1626167,Myles Turner,1610612754,IND,60,32,28,22.8,0.5,1.0,0.459,0.9,0.0,0.0,,0.459
2015-16,101126,Nate Robinson,1610612740,NOP,2,0,2,11.6,0.0,0.5,0.0,0.0,0.0,0.5,0.0,0.0
2015-16,1737,Nazr Mohammed,1610612760,OKC,5,5,0,3.9,0.0,0.2,0.0,0.0,,,,0.0
2015-16,202357,Nemanja Bjelica,1610612750,MIN,60,20,40,17.9,0.1,0.3,0.438,0.3,0.1,0.2,0.385,0.594
2015-16,2403,Nene,1610612764,WAS,57,28,29,19.2,0.2,0.4,0.455,0.4,0.0,0.0,,0.455
2015-16,203457,Nerlens Noel,1610612755,PHI,67,10,57,29.3,0.2,0.7,0.26,0.4,0.0,0.0,,0.26
2015-16,2555,Nick Collison,1610612760,OKC,59,39,20,11.9,0.0,0.1,0.5,0.1,0.0,0.0,,0.5
2015-16,201156,Nick Young,1610612747,LAL,54,13,41,19.1,1.2,3.4,0.344,2.9,0.5,1.6,0.322,0.421
2015-16,201587,Nicolas Batum,1610612766,CHA,70,41,29,35.0,1.9,4.7,0.415,4.4,0.5,1.5,0.315,0.466
2015-16,203917,Nik Stauskas,1610612755,PHI,73,8,65,24.8,0.5,1.8,0.28,1.2,0.2,1.1,0.215,0.345
2015-16,203999,Nikola Jokic,1610612743,DEN,80,31,49,21.7,0.2,0.5,0.436,0.4,0.0,0.1,0.143,0.449
2015-16,202703,Nikola Mirotic,1610612741,CHI,66,37,29,24.9,0.3,1.3,0.235,0.7,0.1,0.5,0.156,0.265
2015-16,201593,Nikola Pekovic,1610612750,MIN,12,2,10,13.0,0.1,0.2,0.5,0.2,,,,0.5
2015-16,202696,Nikola Vucevic,1610612753,ORL,65,28,37,31.3,0.7,1.6,0.43,1.4,0.0,0.0,,0.43
2015-16,203943,Noah Vonleh,1610612757,POR,78,41,37,15.0,0.0,0.2,0.25,0.1,0.0,0.0,0.0,0.25
2015-16,1626181,Norman Powell,1610612761,TOR,49,32,17,14.8,0.4,1.2,0.356,0.9,0.1,0.3,0.267,0.39
2015-16,202708,Norris Cole,1610612740,NOP,45,20,25,26.6,2.1,5.3,0.4,4.4,0.1,0.7,0.2,0.413
2015-16,201564,O.J. Mayo,1610612749,MIL,41,17,24,26.6,0.8,2.0,0.405,1.8,0.1,0.6,0.24,0.44
2015-16,201600,Omer Asik,1610612740,NOP,68,29,39,17.3,0.0,0.0,,0.0,,,,
2015-16,201956,Omri Casspi,1610612758,SAC,69,27,42,27.3,0.3,0.9,0.407,1.0,0.3,0.7,0.447,0.585
2015-16,203111,Orlando Johnson,1610612740,NOP,7,1,6,14.5,0.3,1.3,0.222,0.6,0.0,0.1,0.0,0.222
2015-16,203490,Otto Porter Jr.,1610612764,WAS,75,36,39,30.3,0.6,1.7,0.387,1.3,0.0,0.2,0.125,0.395
2015-16,200782,P.J. Tucker,1610612756,PHX,82,23,59,31.0,0.2,0.7,0.278,0.4,0.0,0.3,0.13,0.306
2015-16,203798,PJ Hairston,1610612763,MEM,66,31,35,19.9,0.2,0.8,0.291,0.5,0.0,0.2,0.182,0.309
2015-16,203143,Pablo Prigioni,1610612746,LAC,59,37,22,13.9,0.3,0.9,0.339,0.9,0.2,0.8,0.289,0.455
2015-16,1626192,Pat Connaughton,1610612757,POR,34,17,17,4.2,0.1,0.3,0.2,0.2,0.1,0.2,0.333,0.3
2015-16,201976,Patrick Beverley,1610612745,HOU,71,35,36,28.7,0.7,1.8,0.397,1.7,0.3,0.9,0.354,0.488
2015-16,202335,Patrick Patterson,1610612761,TOR,79,54,25,25.6,0.3,0.7,0.439,0.6,0.0,0.1,0.25,0.447
2015-16,201988,Patty Mills,1610612759,SAS,81,66,15,20.5,1.1,3.0,0.38,2.6,0.3,1.0,0.304,0.43
2015-16,2200,Pau Gasol,1610612741,CHI,72,36,36,31.8,0.4,1.2,0.368,0.9,0.0,0.0,,0.368
2015-16,202331,Paul George,1610612754,IND,81,44,37,34.8,3.0,7.6,0.391,6.7,0.8,2.3,0.362,0.446
2015-16,200794,Paul Millsap,1610612737,ATL,81,48,33,32.7,0.6,1.6,0.379,1.3,0.0,0.2,0.167,0.39
2015-16,1718,Paul Pierce,1610612746,LAC,68,44,24,18.1,0.7,1.5,0.455,1.4,0.1,0.2,0.286,0.475
2015-16,203515,Phil Pressey,1610612757,POR,23,3,20,12.3,0.3,1.2,0.222,0.6,0.1,0.4,0.2,0.259
2015-16,203112,Quincy Acy,1610612758,SAC,59,21,38,14.8,0.1,0.2,0.5,0.2,0.0,0.0,1.0,0.6
2015-16,1626154,RJ Hunter,1610612738,BOS,36,21,15,8.7,0.2,0.6,0.286,0.4,0.1,0.2,0.429,0.357
2015-16,200765,Rajon Rondo,1610612758,SAC,72,29,43,35.2,0.9,2.6,0.347,2.1,0.2,0.7,0.362,0.392
2015-16,1626176,Rakeem Christmas,1610612754,IND,1,1,0,6.1,0.0,0.0,,0.0,,,,
2015-16,201196,Ramon Sessions,1610612764,WAS,82,41,41,20.3,0.6,1.5,0.429,1.3,0.0,0.2,0.222,0.445
2015-16,200751,Randy Foye,1610612760,OKC,81,37,44,20.3,0.6,1.9,0.321,1.5,0.3,0.9,0.333,0.394
2015-16,1626173,Rashad Vaughn,1610612749,MIL,70,30,40,14.3,0.2,0.6,0.326,0.4,0.0,0.1,0.25,0.349
2015-16,2446,Rasual Butler,1610612759,SAS,46,41,5,9.4,0.1,0.4,0.333,0.3,0.0,0.1,0.0,0.333
2015-16,203526,Raul Neto,1610612762,UTA,81,40,41,18.5,0.6,1.5,0.398,1.3,0.2,0.4,0.448,0.453
2015-16,203492,Ray McCallum,1610612759,SAS,41,30,11,11.6,0.4,1.3,0.278,0.8,0.0,0.1,0.25,0.287
2015-16,101109,Raymond Felton,1610612742,DAL,80,40,40,27.4,1.0,3.1,0.324,2.2,0.2,0.9,0.222,0.357
2015-16,203493,Reggie Bullock Jr.,1610612765,DET,37,22,15,11.6,0.2,0.4,0.538,0.4,0.0,0.0,,0.538
2015-16,202704,Reggie Jackson,1610612765,DET,79,43,36,30.7,2.7,6.7,0.395,6.2,0.9,2.6,0.35,0.462
2015-16,2210,Richard Jefferson,1610612739,CLE,74,51,23,17.9,0.3,0.6,0.432,0.6,0.1,0.2,0.615,0.523
2015-16,1626158,Richaun Holmes,1610612755,PHI,51,7,44,13.8,0.0,0.1,0.2,0.0,0.0,0.1,0.0,0.2
2015-16,201937,Ricky Rubio,1610612750,MIN,76,28,48,30.6,1.1,3.1,0.357,2.3,0.1,0.3,0.28,0.372
2015-16,203496,Robert Covington,1610612755,PHI,67,10,57,28.4,0.3,1.1,0.247,0.7,0.2,0.8,0.212,0.322
2015-16,203135,Robert Sacre,1610612747,LAL,25,2,23,12.8,0.1,0.2,0.5,0.2,,,,0.5
2015-16,201577,Robin Lopez,1610612752,NYK,82,32,50,27.1,0.1,0.4,0.333,0.2,0.0,0.0,0.0,0.333
2015-16,203918,Rodney Hood,1610612762,UTA,79,39,40,32.2,1.9,4.8,0.394,4.4,0.6,1.9,0.324,0.458
2015-16,201155,Rodney Stuckey,1610612754,IND,58,33,25,22.0,1.1,2.7,0.384,2.2,0.1,0.3,0.2,0.393
2015-16,1626178,Rondae Hollis-Jefferson,1610612751,BKN,29,7,22,21.2,0.3,0.8,0.348,0.6,0.0,0.1,0.5,0.37
2015-16,101179,Ronnie Price,1610612756,PHX,62,20,42,19.5,0.5,1.5,0.356,1.2,0.2,0.8,0.271,0.428
2015-16,201579,Roy Hibbert,1610612747,LAL,81,17,64,23.2,0.1,0.3,0.429,0.3,0.0,0.0,,0.429
2015-16,200752,Rudy Gay,1610612758,SAC,70,29,41,34.0,1.5,3.5,0.419,3.1,0.2,0.5,0.343,0.444
2015-16,203497,Rudy Gobert,1610612762,UTA,61,33,28,31.7,0.0,0.0,0.0,0.0,,,,0.0
2015-16,203893,Russ Smith,1610612763,MEM,15,6,9,4.4,0.1,0.3,0.25,0.1,0.0,0.2,0.0,0.25
2015-16,201566,Russell Westbrook,1610612760,OKC,80,55,25,34.4,3.0,8.0,0.378,6.9,0.8,2.9,0.285,0.43
2015-16,201583,Ryan Anderson,1610612740,NOP,66,24,42,30.4,1.9,4.2,0.439,4.0,0.2,0.6,0.381,0.468
2015-16,200797,Ryan Hollins,1610612763,MEM,37,18,19,12.4,0.0,0.1,0.5,0.1,,,,0.5
2015-16,203527,Ryan Kelly,1610612747,LAL,36,3,33,13.1,0.3,0.8,0.37,0.6,0.0,0.1,0.0,0.37
2015-16,1626257,Salah Mejri,1610612742,DAL,34,16,18,11.7,0.0,0.0,,0.0,0.0,0.0,,
2015-16,1626155,Sam Dekker,1610612745,HOU,3,1,2,2.0,0.0,0.0,,0.0,,,,
2015-16,201619,Sasha Kaun,1610612739,CLE,25,18,7,3.8,0.0,0.0,,0.0,,,,
2015-16,2756,Sasha Vujacic,1610612752,NYK,61,22,39,14.9,0.3,1.0,0.345,0.8,0.1,0.3,0.438,0.405
2015-16,203930,Sean Kilpatrick,1610612751,BKN,31,7,24,19.9,0.8,1.9,0.424,1.8,0.2,0.5,0.294,0.466
2015-16,201586,Serge Ibaka,1610612760,OKC,78,54,24,32.1,0.3,0.6,0.449,0.6,0.0,0.0,0.0,0.449
2015-16,203508,Sergey Karasev,1610612751,BKN,40,9,31,10.0,0.2,0.5,0.421,0.4,0.0,0.1,0.0,0.421
2015-16,203552,Seth Curry,1610612758,SAC,44,17,27,15.7,0.7,1.7,0.425,1.7,0.3,0.7,0.367,0.5
2015-16,203498,Shabazz Muhammad,1610612750,MIN,82,29,53,20.5,0.2,0.8,0.313,0.5,0.0,0.0,0.0,0.313
2015-16,203894,Shabazz Napier,1610612753,ORL,55,23,32,10.9,0.6,1.8,0.316,1.3,0.1,0.8,0.19,0.357
2015-16,203499,Shane Larkin,1610612751,BKN,78,20,58,22.4,1.0,2.8,0.363,2.2,0.2,0.7,0.365,0.407
2015-16,2733,Shaun Livingston,1610612744,GSW,78,69,9,19.5,1.2,2.3,0.503,2.3,0.0,0.0,0.0,0.503
2015-16,203963,Shayne Whittington,1610612754,IND,7,4,3,5.8,0.0,0.1,0.0,0.0,0.0,0.0,,0.0
2015-16,202714,Shelvin Mack,1610612762,UTA,52,27,25,20.3,1.1,3.1,0.35,2.5,0.3,1.2,0.295,0.405
2015-16,203524,Solomon Hill,1610612754,IND,59,31,28,14.7,0.1,0.4,0.304,0.3,0.0,0.1,0.2,0.326
2015-16,201603,Sonny Weems,1610612756,PHX,43,6,37,11.6,0.2,0.7,0.3,0.4,0.0,0.1,0.167,0.317
2015-16,203915,Spencer Dinwiddie,1610612741,CHI,12,5,7,13.3,0.6,2.2,0.269,1.3,0.1,0.7,0.125,0.288
2015-16,201150,Spencer Hawes,1610612766,CHA,57,30,27,18.2,0.2,0.6,0.265,0.4,0.0,0.1,0.667,0.294
2015-16,1626169,Stanley Johnson,1610612765,DET,73,37,36,23.1,0.8,2.6,0.326,1.8,0.1,0.6,0.2,0.35
2015-16,201939,Stephen Curry,1610612744,GSW,79,71,8,34.2,4.0,8.7,0.459,10.8,2.8,6.4,0.438,0.619
2015-16,2581,Steve Blake,1610612765,DET,58,34,24,17.0,0.6,1.5,0.398,1.5,0.3,0.8,0.367,0.5
2015-16,200779,Steve Novak,1610612749,MIL,10,8,2,4.4,0.2,0.2,1.0,0.5,0.1,0.1,1.0,1.25
2015-16,203500,Steven Adams,1610612760,OKC,80,54,26,25.2,0.0,0.0,0.0,0.0,,,,0.0
2015-16,204456,T.J. McConnell,1610612755,PHI,81,10,71,19.8,1.2,2.5,0.478,2.5,0.2,0.3,0.52,0.51
2015-16,203933,T.J. Warren,1610612756,PHX,47,14,33,22.8,1.4,3.2,0.437,2.9,0.1,0.2,0.375,0.447
2015-16,201959,Taj Gibson,1610612741,CHI,73,37,36,26.5,0.1,0.3,0.304,0.2,0.0,0.0,0.0,0.304
2015-16,204028,Tarik Black,1610612747,LAL,39,6,33,12.7,0.0,0.1,0.0,0.0,,,,0.0
2015-16,2419,Tayshaun Prince,1610612750,MIN,77,27,50,19.0,0.2,0.5,0.333,0.3,0.0,0.0,,0.333
2015-16,203093,Terrence Jones,1610612745,HOU,50,24,26,20.9,0.1,0.5,0.192,0.2,0.0,0.3,0.154,0.231
2015-16,203082,Terrence Ross,1610612761,TOR,73,53,20,23.9,1.1,2.7,0.413,2.4,0.2,0.6,0.289,0.446
2015-16,1626179,Terry Rozier,1610612738,BOS,39,24,15,8.0,0.2,1.0,0.184,0.4,0.0,0.1,0.0,0.184
2015-16,200757,Thabo Sefolosha,1610612737,ATL,75,42,33,23.4,0.3,0.6,0.426,0.6,0.0,0.1,0.333,0.457
2015-16,201152,Thaddeus Young,1610612751,BKN,73,21,52,33.0,0.5,1.3,0.43,1.1,0.0,0.1,0.333,0.441
2015-16,203648,Thanasis Antetokounmpo,1610612752,NYK,2,1,1,3.1,0.0,0.0,,0.0,0.0,0.0,,
2015-16,203080,Thomas Robinson,1610612751,BKN,71,16,55,12.9,0.1,0.5,0.219,0.2,0.0,0.0,,0.219
2015-16,201168,Tiago Splitter,1610612737,ATL,36,21,15,16.1,0.0,0.1,0.5,0.1,0.0,0.0,,0.5
2015-16,202353,Tibor Pleiss,1610612762,UTA,12,7,5,6.8,0.0,0.0,,0.0,0.0,0.0,,
2015-16,1495,Tim Duncan,1610612759,SAS,61,50,11,25.2,0.2,0.6,0.405,0.5,0.0,0.0,,0.405
2015-16,204025,Tim Frazier,1610612740,NOP,51,25,26,14.5,0.8,2.1,0.393,1.8,0.2,0.6,0.345,0.439
2015-16,203501,Tim Hardaway Jr.,1610612737,ATL,51,29,22,16.9,0.4,1.0,0.415,1.0,0.1,0.4,0.286,0.472
2015-16,202389,Timofey Mozgov,1610612739,CLE,76,52,24,17.4,0.1,0.1,0.4,0.1,0.0,0.0,0.0,0.4
2015-16,202699,Tobias Harris,1610612765,DET,76,37,39,33.1,0.6,1.6,0.372,1.2,0.0,0.2,0.231,0.384
2015-16,201962,Toney Douglas,1610612740,NOP,61,22,39,20.7,1.2,3.5,0.343,3.0,0.6,1.8,0.336,0.428
2015-16,2754,Tony Allen,1610612763,MEM,64,34,30,25.3,0.2,0.5,0.382,0.4,0.0,0.0,,0.382
2015-16,2225,Tony Parker,1610612759,SAS,72,59,13,27.5,1.8,3.9,0.466,3.7,0.1,0.1,0.833,0.475
2015-16,203503,Tony Snell,1610612741,CHI,64,33,31,20.3,0.4,1.0,0.444,1.0,0.1,0.2,0.583,0.5
2015-16,203100,Tony Wroten,1610612752,NYK,8,0,8,18.0,0.1,0.9,0.143,0.3,0.0,0.8,0.0,0.143
2015-16,2772,Trevor Ariza,1610612745,HOU,81,40,41,35.3,0.6,1.9,0.295,1.4,0.2,0.9,0.268,0.356
2015-16,202344,Trevor Booker,1610612762,UTA,79,39,40,20.7,0.0,0.2,0.214,0.1,0.0,0.0,0.0,0.214
2015-16,203504,Trey Burke,1610612762,UTA,64,31,33,21.3,1.5,3.9,0.381,3.2,0.2,1.0,0.172,0.403
2015-16,1626168,Trey Lyles,1610612762,UTA,80,38,42,17.3,0.5,1.0,0.469,1.0,0.0,0.1,0.333,0.481
2015-16,202684,Tristan Thompson,1610612739,CLE,82,57,25,27.7,0.0,0.1,0.182,0.0,,,,0.182
2015-16,203584,Troy Daniels,1610612766,CHA,43,25,18,11.1,0.3,1.1,0.261,0.7,0.1,0.5,0.217,0.315
2015-16,201951,Ty Lawson,1610612754,IND,66,31,35,21.4,0.8,2.3,0.338,1.7,0.1,0.5,0.273,0.368
2015-16,203898,Tyler Ennis,1610612749,MIL,46,17,29,14.2,0.6,1.3,0.426,1.2,0.0,0.1,0.167,0.434
2015-16,201946,Tyler Hansbrough,1610612766,CHA,44,28,16,7.8,0.0,0.0,,0.0,0.0,0.0,,
2015-16,204020,Tyler Johnson,1610612748,MIA,36,19,17,24.0,0.6,1.3,0.438,1.2,0.0,0.1,0.333,0.448
2015-16,203092,Tyler Zeller,1610612738,BOS,60,38,22,11.8,0.0,0.0,0.0,0.0,,,,0.0
2015-16,201936,Tyreke Evans,1610612740,NOP,25,11,14,30.6,1.3,3.2,0.418,3.3,0.7,1.7,0.405,0.525
2015-16,2199,Tyson Chandler,1610612756,PHX,66,18,48,24.5,0.0,0.0,,0.0,0.0,0.0,,
2015-16,1626145,Tyus Jones,1610612750,MIN,37,13,24,15.5,0.6,1.5,0.375,1.4,0.2,0.6,0.381,0.446
2015-16,2617,Udonis Haslem,1610612748,MIA,37,25,12,7.0,0.0,0.2,0.125,0.1,0.0,0.0,0.0,0.125
2015-16,203506,Victor Oladipo,1610612753,ORL,72,32,40,33.0,2.0,4.8,0.422,4.3,0.2,0.8,0.271,0.445
2015-16,1713,Vince Carter,1610612763,MEM,60,33,27,16.8,0.4,1.2,0.348,0.9,0.1,0.4,0.333,0.399
2015-16,201961,Wayne Ellington,1610612751,BKN,76,18,58,21.2,1.0,2.8,0.357,2.2,0.2,0.8,0.258,0.394
2015-16,202325,Wesley Johnson,1610612746,LAC,80,51,29,20.8,0.3,0.9,0.38,0.7,0.0,0.2,0.214,0.401
2015-16,202083,Wesley Matthews,1610612742,DAL,78,40,38,33.9,1.1,3.3,0.337,2.6,0.4,1.6,0.266,0.402
2015-16,203115,Will Barton,1610612743,DEN,82,33,49,28.7,1.3,3.4,0.376,3.0,0.4,1.2,0.317,0.433
2015-16,1626161,Willie Cauley-Stein,1610612758,SAC,66,26,40,21.4,0.0,0.2,0.214,0.1,0.0,0.0,,0.214
2015-16,203186,Willie Reed,1610612751,BKN,39,8,31,10.9,0.0,0.0,1.0,0.1,,,,1.0
2015-16,204098,Xavier Munford,1610612763,MEM,14,3,11,17.4,0.9,1.9,0.444,1.9,0.1,0.3,0.5,0.481
2015-16,203897,Zach LaVine,1610612750,MIN,82,29,53,28.0,1.7,4.9,0.35,4.1,0.6,1.8,0.347,0.413
2015-16,2216,Zach Randolph,1610612763,MEM,68,37,31,29.7,0.7,1.5,0.442,1.4,0.0,0.1,0.0,0.442
2015-16,2585,Zaza Pachulia,1610612742,DAL,76,40,36,26.4,0.1,0.2,0.286,0.1,0.0,0.0,0.0,0.286
2014-15,201985,AJ Price,1610612739,CLE,26,11,15,12.4,1.3,3.2,0.41,2.8,0.2,1.1,0.172,0.44
2014-15,201166,Aaron Brooks,1610612741,CHI,82,50,32,23.0,1.4,3.6,0.391,3.5,0.6,1.8,0.358,0.481
2014-15,203932,Aaron Gordon,1610612753,ORL,47,14,33,17.0,0.1,0.4,0.3,0.3,0.0,0.0,0.5,0.325
2014-15,203940,Adreian Payne,1610612750,MIN,32,7,25,23.1,0.3,0.7,0.435,0.6,0.0,0.0,,0.435
2014-15,201143,Al Horford,1610612737,ATL,76,56,20,30.5,0.2,0.5,0.405,0.4,0.0,0.0,0.0,0.405
2014-15,2744,Al Jefferson,1610612766,CHA,65,25,40,30.6,0.5,1.5,0.34,1.1,0.0,0.0,1.0,0.345
2014-15,202329,Al-Farouq Aminu,1610612742,DAL,74,45,29,18.5,0.1,0.3,0.381,0.2,0.0,0.0,0.0,0.381
2014-15,101187,Alan Anderson,1610612751,BKN,74,35,39,23.6,0.5,1.4,0.34,1.1,0.2,0.6,0.317,0.403
2014-15,202692,Alec Burks,1610612762,UTA,27,9,18,33.3,1.6,4.3,0.365,3.4,0.3,0.9,0.333,0.4
2014-15,203945,Alex Kirk,1610612739,CLE,5,2,3,2.8,0.0,0.0,,0.0,,,,
2014-15,203458,Alex Len,1610612756,PHX,69,35,34,22.0,0.1,0.2,0.308,0.1,0.0,0.0,,0.308
2014-15,203144,Alexey Shved,1610612752,NYK,42,10,32,18.3,0.9,2.7,0.319,2.2,0.5,1.6,0.319,0.416
2014-15,201582,Alexis Ajinca,1610612740,NOP,68,41,27,14.1,0.2,0.3,0.565,0.4,,,,0.565
2014-15,203459,Allen Crabbe,1610612757,POR,51,36,15,13.4,0.0,0.5,0.083,0.1,0.0,0.1,0.0,0.083
2014-15,202087,Alonzo Gee,1610612757,POR,54,21,33,12.2,0.1,0.4,0.182,0.1,0.0,0.1,0.0,0.182
2014-15,2405,Amar'e Stoudemire,1610612742,DAL,59,19,40,21.1,0.1,0.4,0.333,0.2,0.0,0.0,0.0,0.333
2014-15,101161,Amir Johnson,1610612761,TOR,75,44,31,26.4,0.0,0.0,0.667,0.1,0.0,0.0,,0.667
2014-15,2760,Anderson Varejao,1610612739,CLE,26,16,10,24.4,0.2,0.2,0.667,0.3,0.0,0.0,,0.667
2014-15,203958,Andre Dawkins,1610612748,MIA,4,2,2,5.4,0.0,0.3,0.0,0.0,0.0,0.3,0.0,0.0
2014-15,203083,Andre Drummond,1610612765,DET,82,32,50,30.5,0.1,0.3,0.273,0.1,0.0,0.0,,0.273
2014-15,2738,Andre Iguodala,1610612744,GSW,77,64,13,26.9,0.5,1.4,0.381,1.2,0.1,0.3,0.385,0.429
2014-15,1889,Andre Miller,1610612758,SAC,81,44,37,15.5,0.5,1.1,0.451,1.0,0.0,0.1,0.111,0.456
2014-15,203460,Andre Roberson,1610612760,OKC,67,41,26,19.2,0.0,0.1,0.2,0.0,0.0,0.1,0.25,0.3
2014-15,200745,Andrea Bargnani,1610612752,NYK,29,5,24,27.1,0.8,1.8,0.442,1.6,0.0,0.0,,0.442
2014-15,1905,Andrei Kirilenko,1610612751,BKN,7,3,4,5.2,0.0,0.0,,0.0,,,,
2014-15,101106,Andrew Bogut,1610612744,GSW,67,58,9,23.6,0.1,0.3,0.278,0.1,,,,0.278
2014-15,203094,Andrew Nicholson,1610612753,ORL,40,14,26,12.3,0.2,0.4,0.529,0.5,0.0,0.1,0.5,0.559
2014-15,203952,Andrew Wiggins,1610612750,MIN,82,16,66,36.2,1.3,4.1,0.315,2.6,0.1,0.3,0.179,0.323
2014-15,203461,Anthony Bennett,1610612750,MIN,57,12,45,15.7,0.2,0.6,0.273,0.3,0.0,0.0,0.0,0.273
2014-15,203076,Anthony Davis,1610612740,NOP,68,39,29,36.1,1.3,3.0,0.423,2.5,0.0,0.0,0.0,0.423
2014-15,201627,Anthony Morrow,1610612760,OKC,74,42,32,24.4,0.8,1.9,0.435,1.7,0.0,0.3,0.158,0.446
2014-15,201229,Anthony Tolliver,1610612765,DET,76,36,40,18.9,0.0,0.1,0.3,0.1,0.0,0.1,0.0,0.3
2014-15,203462,Archie Goodwin,1610612756,PHX,41,16,25,13.0,0.2,0.8,0.281,0.5,0.0,0.2,0.143,0.297
2014-15,202620,Arinze Onuaku,1610612750,MIN,6,0,6,11.4,0.0,0.0,,0.0,,,,
2014-15,203382,Aron Baynes,1610612759,SAS,70,49,21,16.0,0.0,0.0,0.333,0.0,0.0,0.0,,0.333
2014-15,201167,Arron Afflalo,1610612757,POR,78,35,43,32.1,1.6,3.5,0.442,3.2,0.1,0.5,0.27,0.46
2014-15,201948,Austin Daye,1610612737,ATL,34,17,17,10.1,0.3,0.9,0.367,0.7,0.1,0.1,0.5,0.4
2014-15,203085,Austin Rivers,1610612746,LAC,76,46,30,20.6,0.5,1.7,0.305,1.1,0.1,0.3,0.273,0.328
2014-15,202340,Avery Bradley,1610612738,BOS,77,37,40,31.5,1.9,4.6,0.399,4.0,0.3,0.9,0.288,0.429
2014-15,2732,Ben Gordon,1610612753,ORL,56,17,39,14.1,1.2,2.7,0.43,2.5,0.2,0.7,0.282,0.467
2014-15,203463,Ben McLemore,1610612758,SAC,82,29,53,32.6,0.8,1.9,0.413,1.8,0.2,0.6,0.347,0.468
2014-15,2757,Beno Udrih,1610612763,MEM,79,55,24,18.9,1.5,3.1,0.492,3.1,0.1,0.3,0.174,0.5
2014-15,203108,Bernard James,1610612742,DAL,16,6,10,9.9,0.0,0.0,,0.0,,,,
2014-15,202687,Bismack Biyombo,1610612766,CHA,64,26,38,19.4,0.0,0.0,,0.0,,,,
2014-15,201933,Blake Griffin,1610612746,LAC,67,47,20,35.2,1.0,2.6,0.366,2.0,0.0,0.1,0.333,0.374
2014-15,202711,Bojan Bogdanovic,1610612751,BKN,78,36,42,23.8,0.4,1.1,0.36,0.9,0.1,0.3,0.19,0.382
2014-15,2564,Boris Diaw,1610612759,SAS,81,55,26,24.5,0.4,1.0,0.378,0.8,0.0,0.1,0.333,0.396
2014-15,203078,Bradley Beal,1610612764,WAS,63,37,26,33.5,1.8,4.9,0.36,3.8,0.3,0.7,0.39,0.386
2014-15,201148,Brandan Wright,1610612756,PHX,75,37,38,19.3,0.0,0.2,0.25,0.1,0.0,0.0,0.0,0.25
2014-15,101138,Brandon Bass,1610612738,BOS,82,40,42,23.5,0.5,1.2,0.432,1.0,0.0,0.0,0.0,0.432
2014-15,203561,Brandon Davies,1610612755,PHI,27,6,21,15.7,0.2,0.4,0.545,0.4,0.0,0.1,0.0,0.545
2014-15,201943,Brandon Jennings,1610612765,DET,41,17,24,28.6,2.3,6.4,0.359,5.7,1.1,3.2,0.351,0.447
2014-15,202688,Brandon Knight,1610612756,PHX,63,33,30,32.3,2.2,6.0,0.372,5.2,0.8,2.0,0.39,0.436
2014-15,201575,Brandon Rush,1610612744,GSW,33,27,6,8.2,0.1,0.5,0.235,0.2,0.0,0.1,0.0,0.235
2014-15,2217,Brendan Haywood,1610612739,CLE,22,14,8,5.4,0.0,0.0,0.0,0.0,,,,0.0
2014-15,203148,Brian Roberts,1610612766,CHA,72,30,42,18.5,1.2,3.1,0.395,2.8,0.3,1.0,0.347,0.451
2014-15,201572,Brook Lopez,1610612751,BKN,72,34,38,29.2,0.5,1.3,0.378,0.9,0.0,0.0,0.0,0.378
2014-15,203998,Bruno Caboclo,1610612761,TOR,8,7,1,2.9,0.1,0.4,0.333,0.4,0.1,0.1,1.0,0.5
2014-15,203955,Bryce Cotton,1610612762,UTA,15,9,6,10.6,0.9,2.2,0.424,2.1,0.2,0.5,0.429,0.47
2014-15,201228,C.J. Watson,1610612754,IND,57,25,32,24.9,1.2,2.9,0.398,2.6,0.3,0.9,0.314,0.446
2014-15,203912,C.J. Wilcox,1610612746,LAC,21,15,6,4.8,0.2,0.3,0.667,0.5,0.1,0.1,1.0,0.833
2014-15,203468,CJ McCollum,1610612757,POR,62,37,25,15.7,0.8,2.0,0.402,1.8,0.2,0.4,0.435,0.441
2014-15,101139,CJ Miles,1610612754,IND,70,31,39,26.3,0.9,2.3,0.379,1.9,0.2,0.8,0.245,0.419
2014-15,203946,Cameron Bairstow,1610612741,CHI,18,12,6,3.5,0.0,0.1,0.0,0.0,,,,0.0
2014-15,201171,Carl Landry,1610612758,SAC,70,26,44,17.0,0.3,0.4,0.6,0.5,,,,0.6
2014-15,2430,Carlos Boozer,1610612747,LAL,71,18,53,23.8,0.9,2.0,0.434,1.8,,,,0.434
2014-15,2546,Carmelo Anthony,1610612752,NYK,40,10,30,35.7,2.5,6.9,0.369,5.4,0.4,1.2,0.298,0.394
2014-15,2406,Caron Butler,1610612765,DET,78,30,48,20.8,0.8,1.7,0.441,1.7,0.1,0.4,0.3,0.474
2014-15,201858,Cartier Martin,1610612765,DET,23,7,16,8.6,0.2,0.5,0.417,0.5,0.0,0.2,0.25,0.458
2014-15,202718,Chandler Parsons,1610612742,DAL,66,41,25,33.1,0.8,1.9,0.448,2.0,0.3,0.7,0.429,0.532
2014-15,101112,Channing Frye,1610612753,ORL,75,23,52,24.9,0.1,0.5,0.282,0.3,0.0,0.1,0.1,0.295
2014-15,101111,Charlie Villanueva,1610612742,DAL,64,37,27,10.6,0.2,0.4,0.44,0.4,0.0,0.1,0.375,0.5
2014-15,201978,Chase Budinger,1610612750,MIN,67,8,59,19.2,0.2,0.6,0.357,0.4,0.0,0.1,0.0,0.357
2014-15,2365,Chris Andersen,1610612748,MIA,60,27,33,18.9,0.0,0.1,0.0,0.0,0.0,0.0,0.0,0.0
2014-15,2547,Chris Bosh,1610612748,MIA,44,19,25,35.4,1.8,4.0,0.441,3.6,0.0,0.2,0.2,0.446
2014-15,203142,Chris Copeland,1610612754,IND,50,19,31,16.5,0.2,1.0,0.231,0.6,0.1,0.5,0.154,0.269
2014-15,201604,Chris Douglas-Roberts,1610612746,LAC,12,5,7,8.5,0.0,0.1,0.0,0.0,0.0,0.0,,0.0
2014-15,203187,Chris Johnson,1610612762,UTA,29,9,20,18.2,0.2,0.5,0.333,0.4,0.1,0.2,0.333,0.4
2014-15,2549,Chris Kaman,1610612757,POR,74,47,27,18.9,0.2,0.4,0.448,0.4,,,,0.448
2014-15,101108,Chris Paul,1610612746,LAC,82,56,26,34.8,4.6,9.6,0.476,10.1,1.0,2.6,0.377,0.528
2014-15,101236,Chuck Hayes,1610612761,TOR,29,17,12,8.8,0.0,0.0,,0.0,,,,
2014-15,203921,Cleanthony Early,1610612752,NYK,39,6,33,16.6,0.3,0.7,0.448,0.7,0.1,0.2,0.333,0.483
2014-15,203991,Clint Capela,1610612745,HOU,12,8,4,7.5,0.0,0.0,,0.0,,,,
2014-15,203469,Cody Zeller,1610612766,CHA,62,27,35,24.0,0.1,0.3,0.368,0.2,0.0,0.0,,0.368
2014-15,202332,Cole Aldrich,1610612752,NYK,61,11,50,16.0,0.0,0.1,0.222,0.1,,,,0.222
2014-15,201147,Corey Brewer,1610612745,HOU,80,42,38,26.1,0.5,1.6,0.325,1.1,0.1,0.3,0.24,0.349
2014-15,203928,Cory Jefferson,1610612751,BKN,50,18,32,10.6,0.1,0.4,0.389,0.3,0.0,0.0,0.0,0.389
2014-15,202709,Cory Joseph,1610612759,SAS,79,53,26,18.3,0.7,1.5,0.45,1.4,0.0,0.1,0.25,0.458
2014-15,201584,Courtney Lee,1610612763,MEM,77,51,26,30.6,1.2,2.6,0.453,2.4,0.0,0.1,0.375,0.46
2014-15,201571,D.J. Augustin,1610612760,OKC,82,37,45,23.9,1.0,2.7,0.355,2.4,0.5,1.4,0.336,0.443
2014-15,2563,Dahntay Jones,1610612746,LAC,33,23,10,3.7,0.0,0.2,0.167,0.1,0.0,0.0,,0.167
2014-15,203081,Damian Lillard,1610612757,POR,82,51,31,35.7,2.6,7.0,0.373,6.5,1.3,3.9,0.339,0.466
2014-15,204014,Damjan Rudez,1610612754,IND,68,28,40,15.4,0.3,0.7,0.404,0.6,0.1,0.2,0.25,0.447
2014-15,201568,Danilo Gallinari,1610612743,DEN,59,23,36,24.2,0.7,2.0,0.342,1.6,0.2,0.7,0.317,0.396
2014-15,101122,Danny Granger,1610612756,PHX,30,11,19,20.4,0.3,0.7,0.429,0.6,0.0,0.1,0.5,0.452
2014-15,201980,Danny Green,1610612759,SAS,81,55,26,28.5,0.7,2.1,0.326,1.7,0.3,1.0,0.284,0.392
2014-15,201967,Dante Cunningham,1610612740,NOP,66,37,29,25.0,0.1,0.3,0.25,0.2,0.0,0.0,0.0,0.25
2014-15,203957,Dante Exum,1610612762,UTA,82,38,44,22.2,0.2,0.9,0.189,0.4,0.1,0.3,0.269,0.236
2014-15,203121,Darius Miller,1610612740,NOP,5,1,4,8.7,0.2,0.8,0.25,0.4,0.0,0.0,,0.25
2014-15,202721,Darius Morris,1610612751,BKN,38,14,24,7.9,0.2,1.1,0.195,0.4,0.0,0.3,0.077,0.207
2014-15,201589,Darrell Arthur,1610612743,DEN,58,22,36,17.0,0.2,0.6,0.394,0.4,0.0,0.1,0.0,0.394
2014-15,201954,Darren Collison,1610612758,SAC,45,16,29,34.8,2.7,6.0,0.454,6.1,0.6,1.6,0.394,0.506
2014-15,101135,David Lee,1610612744,GSW,49,37,12,18.5,0.1,0.4,0.333,0.2,0.0,0.0,0.0,0.333
2014-15,204065,David Stockton,1610612758,SAC,3,1,2,11.0,0.3,1.0,0.333,0.7,0.0,0.3,0.0,0.333
2014-15,204033,David Wear,1610612758,SAC,2,0,2,3.5,0.0,0.0,,0.0,0.0,0.0,,
2014-15,2561,David West,1610612754,IND,66,32,34,28.7,0.4,1.3,0.322,0.8,0.0,0.0,0.0,0.322
2014-15,201599,DeAndre Jordan,1610612746,LAC,82,56,26,34.4,0.0,0.0,0.333,0.0,0.0,0.0,0.333,0.5
2014-15,201971,DeJuan Blair,1610612764,WAS,29,15,14,6.2,0.0,0.2,0.2,0.1,,,,0.2
2014-15,201942,DeMar DeRozan,1610612761,TOR,60,37,23,35.0,2.8,7.7,0.368,5.7,0.1,0.3,0.15,0.371
2014-15,202326,DeMarcus Cousins,1610612758,SAC,59,23,36,34.1,0.9,2.5,0.372,1.8,0.0,0.0,0.0,0.372
2014-15,201960,DeMarre Carroll,1610612737,ATL,70,53,17,31.3,0.3,1.0,0.353,0.7,0.1,0.3,0.182,0.382
2014-15,203471,Dennis Schroder,1610612737,ATL,77,57,20,19.7,1.0,2.5,0.419,2.4,0.3,0.7,0.431,0.476
2014-15,101114,Deron Williams,1610612751,BKN,68,34,34,31.1,1.4,4.1,0.338,3.1,0.3,1.1,0.267,0.374
2014-15,202324,Derrick Favors,1610612762,UTA,74,33,41,30.8,0.2,0.8,0.288,0.5,0.0,0.0,0.0,0.288
2014-15,201565,Derrick Rose,1610612741,CHI,51,33,18,30.0,2.4,6.8,0.352,5.5,0.7,2.6,0.28,0.405
2014-15,202682,Derrick Williams,1610612758,SAC,74,27,47,19.8,0.3,1.1,0.298,0.8,0.1,0.3,0.3,0.333
2014-15,2734,Devin Harris,1610612742,DAL,76,45,31,22.2,0.6,1.8,0.348,1.6,0.3,0.9,0.319,0.428
2014-15,203906,Devyn Marble,1610612753,ORL,16,3,13,13.0,0.2,0.4,0.5,0.4,0.0,0.1,0.0,0.5
2014-15,203473,Dewayne Dedmon,1610612753,ORL,59,17,42,14.3,0.0,0.0,0.0,0.0,0.0,0.0,0.0,0.0
2014-15,203079,Dion Waiters,1610612760,OKC,80,46,34,27.6,1.5,4.0,0.363,3.1,0.2,0.7,0.269,0.384
2014-15,1717,Dirk Nowitzki,1610612742,DAL,77,47,30,29.6,1.5,3.3,0.464,3.1,0.1,0.2,0.412,0.478
2014-15,202388,Donald Sloan,1610612754,IND,53,22,31,20.9,0.7,2.1,0.321,1.6,0.3,1.0,0.283,0.388
2014-15,202700,Donatas Motiejunas,1610612745,HOU,71,48,23,28.7,0.1,0.2,0.5,0.2,0.0,0.0,1.0,0.536
2014-15,2748,Dorell Wright,1610612757,POR,48,28,20,12.3,0.1,0.7,0.188,0.3,0.1,0.2,0.333,0.234
2014-15,203926,Doug McDermott,1610612741,CHI,36,23,13,8.9,0.1,0.4,0.385,0.3,0.0,0.1,0.333,0.423
2014-15,203110,Draymond Green,1610612744,GSW,79,64,15,31.5,0.2,0.6,0.298,0.4,0.0,0.1,0.125,0.309
2014-15,2400,Drew Gooden,1610612764,WAS,51,31,20,16.9,0.3,0.7,0.368,0.6,0.0,0.1,0.333,0.382
2014-15,204079,Drew Gordon,1610612755,PHI,9,0,9,7.9,0.0,0.2,0.0,0.0,0.0,0.0,,0.0
2014-15,202779,Dwight Buycks,1610612747,LAL,6,1,5,20.5,1.7,3.3,0.5,4.0,0.7,1.2,0.571,0.6
2014-15,2730,Dwight Howard,1610612745,HOU,41,29,12,29.8,0.0,0.0,,0.0,0.0,0.0,,
2014-15,203939,Dwight Powell,1610612742,DAL,29,11,18,8.2,0.0,0.1,0.0,0.0,0.0,0.0,,0.0
2014-15,2548,Dwyane Wade,1610612748,MIA,62,28,34,31.8,3.2,8.3,0.393,6.8,0.3,1.0,0.302,0.411
2014-15,202734,E'Twaun Moore,1610612741,CHI,56,36,20,9.0,0.3,0.8,0.442,0.7,0.0,0.1,0.667,0.465
2014-15,2853,Earl Barron,1610612756,PHX,16,5,11,8.9,0.0,0.2,0.0,0.0,0.0,0.0,,0.0
2014-15,201947,Earl Clark,1610612751,BKN,10,6,4,9.3,0.2,0.6,0.333,0.4,0.0,0.1,0.0,0.333
2014-15,202334,Ed Davis,1610612747,LAL,79,20,59,23.3,0.0,0.1,0.5,0.1,,,,0.5
2014-15,202327,Ekpe Udoh,1610612746,LAC,33,24,9,3.9,0.0,0.1,0.0,0.0,,,,0.0
2014-15,203901,Elfrid Payton,1610612753,ORL,82,25,57,30.3,0.5,1.5,0.333,1.0,0.0,0.1,0.083,0.337
2014-15,202407,Elijah Millsap,1610612762,UTA,47,25,22,19.7,0.2,0.8,0.263,0.4,0.0,0.2,0.1,0.276
2014-15,202343,Elliot Williams,1610612755,PHI,13,6,7,9.1,0.2,0.8,0.3,0.5,0.1,0.2,0.333,0.35
2014-15,1882,Elton Brand,1610612737,ATL,36,25,11,13.5,0.1,0.2,0.25,0.1,0.0,0.0,,0.25
2014-15,202683,Enes Freedom,1610612760,OKC,75,32,43,28.5,0.1,0.3,0.421,0.2,0.0,0.0,1.0,0.447
2014-15,202339,Eric Bledsoe,1610612756,PHX,81,39,42,34.6,1.9,4.8,0.397,4.3,0.5,1.5,0.347,0.45
2014-15,201569,Eric Gordon,1610612740,NOP,61,35,26,33.1,0.9,2.8,0.337,2.1,0.3,0.9,0.302,0.385
2014-15,203961,Eric Moreland,1610612758,SAC,3,0,3,0.7,0.0,0.0,,0.0,,,,
2014-15,203475,Erick Green,1610612743,DEN,43,15,28,9.5,0.6,1.6,0.348,1.1,0.0,0.1,0.2,0.355
2014-15,101141,Ersan Ilyasova,1610612749,MIL,58,26,32,22.7,0.3,0.8,0.37,0.7,0.1,0.2,0.5,0.435
2014-15,203095,Evan Fournier,1610612753,ORL,58,19,39,28.6,0.8,2.3,0.331,1.9,0.4,1.1,0.344,0.414
2014-15,202323,Evan Turner,1610612738,BOS,82,40,42,27.6,1.8,4.2,0.436,3.7,0.1,0.3,0.333,0.446
2014-15,203105,Festus Ezeli,1610612744,GSW,46,39,7,10.9,0.0,0.0,0.0,0.0,,,,0.0
2014-15,101128,Francisco Garcia,1610612745,HOU,14,10,4,14.3,0.1,0.8,0.091,0.2,0.1,0.4,0.2,0.136
2014-15,203128,Furkan Aldemir,1610612755,PHI,41,9,32,13.2,0.0,0.0,0.0,0.0,0.0,0.0,,0.0
2014-15,203539,Gal Mekel,1610612742,DAL,4,2,2,10.9,0.0,2.3,0.0,0.0,0.0,0.0,,0.0
2014-15,202066,Garrett Temple,1610612764,WAS,52,28,24,14.1,0.2,0.7,0.324,0.5,0.0,0.2,0.222,0.351
2014-15,203914,Gary Harris,1610612743,DEN,55,18,37,13.1,0.3,1.0,0.321,0.7,0.0,0.3,0.133,0.34
2014-15,202390,Gary Neal,1610612750,MIN,54,24,30,22.1,1.9,4.8,0.392,4.3,0.5,1.5,0.313,0.442
2014-15,201588,George Hill,1610612754,IND,43,26,17,29.5,2.0,4.6,0.424,4.4,0.5,1.7,0.307,0.482
2014-15,101123,Gerald Green,1610612756,PHX,74,34,40,19.5,1.6,4.3,0.37,3.7,0.5,1.7,0.313,0.434
2014-15,201945,Gerald Henderson,1610612766,CHA,80,32,48,28.9,1.9,4.5,0.416,3.7,0.0,0.1,0.167,0.417
2014-15,2222,Gerald Wallace,1610612738,BOS,32,15,17,8.9,0.0,0.1,0.0,0.0,0.0,0.1,0.0,0.0
2014-15,203507,Giannis Antetokounmpo,1610612749,MIL,81,41,40,31.4,0.7,2.0,0.346,1.4,0.0,0.2,0.105,0.352
2014-15,203540,Gigi Datome,1610612738,BOS,21,11,10,10.0,0.6,1.4,0.433,1.3,0.0,0.2,0.2,0.45
2014-15,201175,Glen Davis,1610612746,LAC,74,52,22,12.2,0.0,0.1,0.182,0.1,0.0,0.0,0.0,0.182
2014-15,203318,Glen Rice,1610612764,WAS,5,4,1,8.5,0.0,0.6,0.0,0.0,0.0,0.4,0.0,0.0
2014-15,203922,Glenn Robinson III,1610612755,PHI,35,2,33,7.5,0.2,0.5,0.375,0.4,0.0,0.1,0.333,0.406
2014-15,201609,Goran Dragic,1610612748,MIA,78,41,37,33.8,1.3,3.4,0.364,2.9,0.3,1.0,0.36,0.414
2014-15,202330,Gordon Hayward,1610612762,UTA,76,35,41,34.4,2.2,5.4,0.404,4.7,0.3,1.3,0.248,0.435
2014-15,203476,Gorgui Dieng,1610612750,MIN,73,16,57,30.0,0.2,0.6,0.366,0.4,0.0,0.0,0.0,0.366
2014-15,203511,Grant Jerrett,1610612762,UTA,8,6,2,6.4,0.0,0.1,0.0,0.0,0.0,0.0,,0.0
2014-15,202328,Greg Monroe,1610612765,DET,69,25,44,31.0,0.0,0.1,0.333,0.1,,,,0.333
2014-15,202962,Greg Smith,1610612742,DAL,42,27,15,8.6,0.0,0.0,,0.0,,,,
2014-15,201880,Greg Stiemsma,1610612761,TOR,17,13,4,3.9,0.0,0.0,,0.0,,,,
2014-15,202349,Greivis Vasquez,1610612761,TOR,82,49,33,24.3,1.0,2.8,0.368,2.4,0.3,1.1,0.29,0.428
2014-15,203084,Harrison Barnes,1610612744,GSW,82,67,15,28.3,0.6,1.4,0.409,1.2,0.0,0.1,0.222,0.417
2014-15,202355,Hassan Whiteside,1610612748,MIA,48,18,30,23.8,0.1,0.2,0.6,0.3,,,,0.6
2014-15,2045,Hedo Turkoglu,1610612746,LAC,62,42,20,11.4,0.3,0.9,0.333,0.8,0.2,0.5,0.353,0.439
2014-15,203156,Henry Sims,1610612755,PHI,73,14,59,19.2,0.1,0.2,0.25,0.1,0.0,0.0,,0.25
2014-15,201611,Henry Walker,1610612748,MIA,24,12,12,26.1,0.2,0.7,0.313,0.5,0.1,0.4,0.222,0.375
2014-15,203138,Hollis Thompson,1610612755,PHI,71,13,58,25.0,0.2,0.8,0.304,0.5,0.1,0.3,0.222,0.339
2014-15,203546,Ian Clark,1610612743,DEN,30,9,21,6.4,0.0,0.4,0.083,0.1,0.0,0.1,0.0,0.083
2014-15,101133,Ian Mahinmi,1610612754,IND,61,28,33,18.8,0.0,0.0,0.667,0.1,,,,0.667
2014-15,202697,Iman Shumpert,1610612739,CLE,62,34,28,24.9,0.9,2.3,0.372,1.8,0.0,0.5,0.071,0.379
2014-15,203477,Isaiah Canaan,1610612755,PHI,47,24,23,20.0,1.3,3.3,0.395,3.7,1.1,2.6,0.407,0.554
2014-15,202738,Isaiah Thomas,1610612738,BOS,67,40,27,25.8,1.5,4.3,0.348,3.8,0.8,2.2,0.349,0.436
2014-15,202397,Ish Smith,1610612755,PHI,55,24,31,15.1,0.2,1.1,0.194,0.5,0.1,0.4,0.227,0.234
2014-15,200826,J.J. Barea,1610612742,DAL,77,49,28,17.7,0.8,2.4,0.323,1.8,0.3,1.1,0.253,0.382
2014-15,201581,JJ Hickson,1610612743,DEN,73,26,47,19.3,0.2,0.5,0.325,0.4,0.0,0.0,,0.325
2014-15,200755,JJ Redick,1610612746,LAC,78,55,23,30.9,1.8,3.7,0.486,4.0,0.4,1.0,0.408,0.54
2014-15,2747,JR Smith,1610612739,CLE,70,38,32,29.7,1.7,4.2,0.409,4.0,0.6,1.6,0.351,0.478
2014-15,203960,JaKarr Sampson,1610612755,PHI,74,17,57,15.3,0.1,0.4,0.286,0.2,0.0,0.1,0.2,0.321
2014-15,203210,JaMychal Green,1610612763,MEM,24,10,14,6.8,0.0,0.1,0.5,0.1,0.0,0.0,,0.5
2014-15,201580,JaVale McGee,1610612743,DEN,23,8,15,11.1,0.0,0.1,0.333,0.1,,,,0.333
2014-15,203913,Jabari Brown,1610612747,LAL,19,4,15,29.9,0.9,2.4,0.37,2.0,0.2,0.6,0.364,0.413
2014-15,203953,Jabari Parker,1610612749,MIL,25,13,12,29.5,0.9,2.4,0.367,1.8,0.0,0.0,,0.367
2014-15,204022,Jack Cooley,1610612762,UTA,16,10,6,5.4,0.0,0.0,,0.0,,,,
2014-15,203109,Jae Crowder,1610612738,BOS,82,47,35,20.1,0.4,1.4,0.324,0.9,0.0,0.3,0.08,0.333
2014-15,203479,Jamaal Franklin,1610612743,DEN,3,1,2,4.4,0.3,0.7,0.5,1.0,0.3,0.7,0.5,0.75
2014-15,2037,Jamal Crawford,1610612746,LAC,64,44,20,26.6,2.5,6.8,0.371,5.6,0.6,2.2,0.268,0.415
2014-15,2749,Jameer Nelson,1610612743,DEN,63,25,38,22.3,1.4,3.7,0.372,3.4,0.7,2.0,0.363,0.47
2014-15,203516,James Ennis III,1610612748,MIA,62,27,35,17.0,0.1,0.5,0.3,0.3,0.0,0.1,0.333,0.35
2014-15,201935,James Harden,1610612745,HOU,81,56,25,36.8,2.9,7.4,0.393,7.1,1.3,3.7,0.354,0.482
2014-15,201949,James Johnson,1610612761,TOR,70,40,30,19.6,0.2,0.6,0.359,0.4,0.0,0.1,0.286,0.385
2014-15,2592,James Jones,1610612739,CLE,57,35,22,11.7,0.2,0.6,0.364,0.5,0.1,0.3,0.278,0.439
2014-15,203949,James Michael McAdoo,1610612744,GSW,15,11,4,9.1,0.0,0.0,,0.0,,,,
2014-15,203923,James Young,1610612738,BOS,31,14,17,10.7,0.2,0.7,0.286,0.4,0.0,0.2,0.0,0.286
2014-15,2457,Jannero Pargo,1610612766,CHA,9,2,7,8.1,0.6,2.0,0.278,1.1,0.0,0.8,0.0,0.278
2014-15,203099,Jared Cunningham,1610612746,LAC,19,12,7,4.7,0.1,0.3,0.333,0.3,0.1,0.1,0.5,0.417
2014-15,201162,Jared Dudley,1610612749,MIL,72,39,33,23.8,0.4,0.8,0.441,0.7,0.0,0.0,1.0,0.449
2014-15,203096,Jared Sullinger,1610612738,BOS,58,26,32,27.0,0.4,1.4,0.296,0.9,0.1,0.2,0.3,0.315
2014-15,203950,Jarnell Stokes,1610612763,MEM,19,12,7,6.6,0.1,0.1,1.0,0.1,,,,1.0
2014-15,101127,Jarrett Jack,1610612751,BKN,80,36,44,28.0,2.1,5.3,0.405,4.3,0.1,0.7,0.096,0.411
2014-15,101131,Jason Maxiell,1610612766,CHA,61,22,39,14.4,0.1,0.3,0.222,0.1,,,,0.222
2014-15,2202,Jason Richardson,1610612755,PHI,19,4,15,21.9,0.9,2.4,0.37,2.3,0.5,0.9,0.5,0.467
2014-15,201160,Jason Smith,1610612752,NYK,82,17,65,21.8,0.4,0.9,0.414,0.7,0.0,0.0,0.0,0.414
2014-15,1891,Jason Terry,1610612745,HOU,77,53,24,21.3,0.4,1.1,0.369,0.9,0.1,0.5,0.25,0.429
2014-15,201574,Jason Thompson,1610612758,SAC,81,29,52,24.6,0.1,0.3,0.37,0.2,0.0,0.0,,0.37
2014-15,202399,Jeff Adrien,1610612745,HOU,17,1,16,12.7,0.0,0.2,0.0,0.0,,,,0.0
2014-15,201965,Jeff Ayres,1610612759,SAS,51,33,18,7.5,0.0,0.0,,0.0,,,,
2014-15,201145,Jeff Green,1610612763,MEM,78,41,37,31.5,1.1,2.9,0.357,2.4,0.3,0.7,0.426,0.407
2014-15,201952,Jeff Teague,1610612737,ATL,73,53,20,30.5,1.3,3.3,0.381,3.0,0.4,1.4,0.31,0.445
2014-15,203481,Jeff Withey,1610612740,NOP,37,17,20,7.0,0.0,0.0,1.0,0.1,,,,1.0
2014-15,203106,Jeffery Taylor,1610612766,CHA,29,11,18,14.8,0.2,0.8,0.304,0.5,0.0,0.0,,0.304
2014-15,203924,Jerami Grant,1610612755,PHI,65,18,47,21.2,0.1,0.5,0.167,0.2,0.0,0.1,0.0,0.167
2014-15,202077,Jerel McNeal,1610612756,PHX,6,1,5,6.1,0.2,0.7,0.25,0.3,0.0,0.0,,0.25
2014-15,202379,Jeremy Evans,1610612762,UTA,38,19,19,7.0,0.0,0.1,0.0,0.0,0.0,0.0,0.0,0.0
2014-15,203087,Jeremy Lamb,1610612760,OKC,47,27,20,13.5,0.7,1.9,0.378,1.7,0.3,0.7,0.424,0.456
2014-15,202391,Jeremy Lin,1610612747,LAL,74,19,55,25.8,1.4,3.8,0.378,3.3,0.4,1.1,0.39,0.435
2014-15,202366,Jerome Jordan,1610612751,BKN,44,17,27,8.7,0.0,0.0,0.0,0.0,,,,0.0
2014-15,203968,Jerrelle Benimon,1610612743,DEN,2,2,0,1.4,0.0,0.0,,0.0,,,,
2014-15,201573,Jerryd Bayless,1610612749,MIL,77,39,38,22.3,1.1,2.7,0.415,2.3,0.1,0.2,0.222,0.425
2014-15,202690,Jimmer Fredette,1610612740,NOP,50,27,23,10.2,0.4,1.2,0.328,0.8,0.0,0.3,0.133,0.345
2014-15,202710,Jimmy Butler,1610612741,CHI,65,40,25,38.7,1.4,3.6,0.38,2.9,0.1,0.4,0.31,0.4
2014-15,201149,Joakim Noah,1610612741,CHI,67,39,28,30.6,0.1,0.2,0.467,0.2,0.0,0.0,0.0,0.467
2014-15,201975,Jodie Meeks,1610612765,DET,60,29,31,24.4,0.8,2.4,0.355,1.9,0.2,0.7,0.341,0.404
2014-15,203925,Joe Harris,1610612739,CLE,51,32,19,9.7,0.1,0.3,0.4,0.3,0.1,0.1,0.667,0.533
2014-15,204060,Joe Ingles,1610612762,UTA,79,36,43,21.2,0.5,1.3,0.392,1.1,0.1,0.5,0.222,0.431
2014-15,2207,Joe Johnson,1610612751,BKN,80,38,42,34.9,1.7,4.4,0.394,3.7,0.2,0.8,0.266,0.419
2014-15,201202,Joel Anthony,1610612765,DET,49,25,24,8.3,0.0,0.0,1.0,0.0,,,,1.0
2014-15,200777,Joel Freeland,1610612757,POR,48,34,14,12.8,0.1,0.2,0.444,0.2,,,,0.444
2014-15,201595,Joey Dorsey,1610612745,HOU,69,48,21,12.4,0.0,0.0,0.0,0.0,0.0,0.0,,0.0
2014-15,203530,Joffrey Lauvergne,1610612743,DEN,24,9,15,11.2,0.0,0.0,,0.0,0.0,0.0,,
2014-15,203089,John Henson,1610612749,MIL,67,35,32,18.3,0.0,0.1,0.286,0.1,,,,0.286
2014-15,203098,John Jenkins,1610612737,ATL,24,13,11,12.4,0.5,1.1,0.481,1.2,0.1,0.3,0.333,0.519
2014-15,101249,John Lucas III,1610612765,DET,21,8,13,12.9,1.4,3.2,0.433,2.9,0.1,0.6,0.25,0.455
2014-15,2422,John Salmons,1610612740,NOP,21,9,12,12.8,0.3,1.0,0.333,0.7,0.0,0.1,0.333,0.357
2014-15,202322,John Wall,1610612764,WAS,79,45,34,35.9,3.1,8.0,0.388,6.6,0.4,1.3,0.3,0.412
2014-15,203948,Johnny O'Bryant III,1610612749,MIL,34,17,17,10.8,0.1,0.3,0.3,0.2,,,,0.3
2014-15,202720,Jon Leuer,1610612763,MEM,63,45,18,13.1,0.1,0.4,0.304,0.2,0.0,0.0,,0.304
2014-15,201973,Jonas Jerebko,1610612738,BOS,75,37,38,16.4,0.1,0.5,0.286,0.3,0.0,0.0,0.0,0.286
2014-15,202685,Jonas Valanciunas,1610612761,TOR,80,47,33,26.2,0.1,0.2,0.211,0.1,0.0,0.0,0.0,0.211
2014-15,203919,Jordan Adams,1610612763,MEM,30,14,16,8.3,0.2,0.8,0.292,0.5,0.0,0.1,0.333,0.313
2014-15,203903,Jordan Clarkson,1610612747,LAL,59,11,48,25.0,1.6,3.9,0.403,3.4,0.2,0.7,0.293,0.429
2014-15,200770,Jordan Farmar,1610612746,LAC,36,23,13,14.7,0.7,1.9,0.357,1.7,0.3,0.9,0.294,0.429
2014-15,202706,Jordan Hamilton,1610612746,LAC,14,10,4,8.7,0.2,0.5,0.429,0.6,0.1,0.2,0.667,0.571
2014-15,201941,Jordan Hill,1610612747,LAL,70,19,51,26.8,0.4,1.2,0.309,0.7,0.0,0.0,0.667,0.321
2014-15,203268,Jorge Gutierrez,1610612749,MIL,20,10,10,8.7,0.2,0.4,0.571,0.4,0.0,0.0,,0.571
2014-15,101181,Jose Calderon,1610612752,NYK,42,7,35,30.2,1.3,3.1,0.417,2.9,0.2,0.4,0.588,0.455
2014-15,201177,Josh McRoberts,1610612748,MIA,17,8,9,17.4,0.1,0.1,1.0,0.1,0.0,0.0,,1.0
2014-15,2746,Josh Smith,1610612745,HOU,83,41,42,27.7,0.2,0.8,0.286,0.5,0.0,0.1,0.25,0.31
2014-15,201950,Jrue Holiday,1610612740,NOP,40,20,20,32.6,2.3,6.0,0.386,5.4,0.7,1.9,0.364,0.444
2014-15,203944,Julius Randle,1610612747,LAL,1,0,1,13.6,0.0,0.0,,0.0,,,,
2014-15,203120,Justin Hamilton,1610612750,MIN,41,6,35,17.4,0.0,0.1,0.333,0.1,0.0,0.0,0.0,0.333
2014-15,203200,Justin Holiday,1610612744,GSW,59,49,10,11.1,0.2,0.7,0.293,0.5,0.1,0.2,0.273,0.329
2014-15,203994,Jusuf Nurkic,1610612743,DEN,62,21,41,17.8,0.1,0.1,0.571,0.1,0.0,0.0,,0.571
2014-15,203909,KJ McDaniels,1610612745,HOU,62,19,43,21.8,0.3,1.1,0.246,0.6,0.0,0.2,0.143,0.261
2014-15,203564,Kalin Lucas,1610612763,MEM,1,0,1,5.5,0.0,1.0,0.0,0.0,,,,0.0
2014-15,202695,Kawhi Leonard,1610612759,SAS,64,46,18,31.8,1.7,4.0,0.421,3.4,0.1,0.4,0.16,0.429
2014-15,203482,Kelly Olynyk,1610612738,BOS,64,31,33,22.2,0.4,1.1,0.368,0.8,0.0,0.2,0.143,0.382
2014-15,202689,Kemba Walker,1610612766,CHA,62,21,41,34.2,2.6,7.3,0.361,5.8,0.5,2.0,0.266,0.398
2014-15,203088,Kendall Marshall,1610612749,MIL,28,13,15,14.9,0.5,1.0,0.536,1.3,0.2,0.2,0.833,0.625
2014-15,2570,Kendrick Perkins,1610612739,CLE,68,38,30,16.9,0.0,0.1,0.25,0.0,0.0,0.0,,0.25
2014-15,202702,Kenneth Faried,1610612743,DEN,75,30,45,27.8,0.1,0.3,0.4,0.2,0.0,0.1,0.25,0.425
2014-15,203145,Kent Bazemore,1610612737,ATL,75,53,22,17.6,0.2,0.7,0.28,0.4,0.1,0.3,0.2,0.32
2014-15,203484,Kentavious Caldwell-Pope,1610612765,DET,82,32,50,31.5,1.3,3.5,0.363,2.9,0.4,1.2,0.302,0.414
2014-15,2030,Kenyon Martin,1610612749,MIL,11,7,4,9.5,0.0,0.1,0.0,0.0,,,,0.0
2014-15,201142,Kevin Durant,1610612760,OKC,27,18,9,33.8,3.1,6.4,0.489,7.3,1.0,2.2,0.433,0.563
2014-15,708,Kevin Garnett,1610612750,MIN,47,20,27,20.3,0.7,1.7,0.43,1.4,0.0,0.0,0.0,0.43
2014-15,201567,Kevin Love,1610612739,CLE,75,50,25,33.8,0.5,1.2,0.424,1.1,0.1,0.1,0.364,0.446
2014-15,2755,Kevin Martin,1610612750,MIN,39,11,28,33.4,2.4,5.5,0.44,5.1,0.2,0.7,0.286,0.458
2014-15,202338,Kevin Seraphin,1610612764,WAS,79,45,34,15.6,0.3,0.7,0.421,0.6,0.0,0.0,0.0,0.421
2014-15,203114,Khris Middleton,1610612749,MIL,79,40,39,30.1,1.5,3.3,0.439,3.0,0.1,0.2,0.278,0.449
2014-15,2550,Kirk Hinrich,1610612741,CHI,66,37,29,24.4,0.7,1.9,0.339,1.4,0.1,0.4,0.296,0.37
2014-15,202691,Klay Thompson,1610612744,GSW,77,64,13,31.9,2.4,5.6,0.423,5.5,0.8,1.9,0.399,0.491
2014-15,977,Kobe Bryant,1610612747,LAL,35,10,25,34.5,3.6,9.9,0.364,7.9,0.7,2.6,0.286,0.402
2014-15,201585,Kosta Koufos,1610612763,MEM,81,55,26,16.6,0.0,0.1,0.2,0.0,,,,0.2
2014-15,203123,Kostas Papanikolaou,1610612745,HOU,43,29,14,18.5,0.1,0.4,0.167,0.2,0.0,0.2,0.111,0.194
2014-15,2743,Kris Humphries,1610612764,WAS,64,37,27,21.0,0.2,0.5,0.344,0.3,0.0,0.0,0.0,0.344
2014-15,203937,Kyle Anderson,1610612759,SAS,33,22,11,10.9,0.2,0.7,0.318,0.4,0.0,0.1,0.0,0.318
2014-15,2594,Kyle Korver,1610612737,ATL,75,58,17,32.2,0.6,1.5,0.427,1.6,0.3,0.7,0.462,0.536
2014-15,200768,Kyle Lowry,1610612761,TOR,70,43,27,34.5,2.5,6.8,0.362,5.9,1.0,2.8,0.347,0.435
2014-15,203124,Kyle O'Quinn,1610612753,ORL,51,15,36,16.2,0.1,0.4,0.333,0.2,0.0,0.1,0.0,0.333
2014-15,202713,Kyle Singler,1610612760,OKC,80,36,44,21.8,0.3,1.0,0.321,0.7,0.0,0.1,0.182,0.333
2014-15,202681,Kyrie Irving,1610612739,CLE,75,52,23,36.4,2.9,6.6,0.431,6.6,0.9,2.4,0.379,0.5
2014-15,200746,LaMarcus Aldridge,1610612757,POR,71,48,23,35.4,2.7,6.8,0.4,5.5,0.0,0.2,0.214,0.403
2014-15,202362,Lance Stephenson,1610612766,CHA,61,23,38,25.8,1.3,4.0,0.333,2.7,0.1,0.4,0.174,0.342
2014-15,202498,Lance Thomas,1610612752,NYK,62,20,42,24.0,0.6,1.7,0.365,1.2,0.0,0.0,0.0,0.365
2014-15,202361,Landry Fields,1610612761,TOR,26,16,10,8.3,0.0,0.2,0.25,0.1,0.0,0.0,0.0,0.25
2014-15,204038,Langston Galloway,1610612752,NYK,45,12,33,32.4,1.4,3.8,0.379,3.1,0.2,0.8,0.314,0.411
2014-15,203580,Larry Drew II,1610612755,PHI,12,4,8,18.3,0.6,2.3,0.25,1.3,0.1,0.8,0.1,0.268
2014-15,202336,Larry Sanders,1610612749,MIL,27,12,15,21.7,0.0,0.1,0.0,0.0,,,,0.0
2014-15,202730,Lavoy Allen,1610612754,IND,63,29,34,17.0,0.0,0.1,0.0,0.0,,,,0.0
2014-15,2544,LeBron James,1610612739,CLE,69,50,19,36.1,2.7,7.2,0.377,6.3,0.9,2.8,0.337,0.442
2014-15,2571,Leandro Barbosa,1610612744,GSW,66,54,12,14.9,0.4,1.2,0.325,0.9,0.1,0.3,0.318,0.37
2014-15,201991,Lester Hudson,1610612746,LAC,5,5,0,11.1,0.2,0.6,0.333,0.6,0.2,0.2,1.0,0.5
2014-15,203485,Lorenzo Brown,1610612750,MIN,29,6,23,18.9,0.4,1.3,0.342,1.0,0.1,0.2,0.286,0.368
2014-15,200811,Lou Amundson,1610612752,NYK,53,17,36,17.7,0.1,0.2,0.5,0.2,0.0,0.0,,0.5
2014-15,101150,Lou Williams,1610612761,TOR,80,48,32,25.2,2.5,6.6,0.381,6.1,1.1,3.5,0.313,0.463
2014-15,201601,Luc Mbah a Moute,1610612755,PHI,67,16,51,28.6,0.5,1.4,0.348,1.0,0.0,0.1,0.143,0.353
2014-15,203512,Lucas Nogueira,1610612761,TOR,6,3,3,3.8,0.0,0.0,,0.0,,,,
2014-15,2449,Luis Scola,1610612754,IND,81,37,44,20.5,0.1,0.3,0.476,0.3,0.0,0.0,0.25,0.5
2014-15,202337,Luke Babbitt,1610612740,NOP,63,34,29,13.2,0.1,0.4,0.304,0.3,0.0,0.1,0.5,0.348
2014-15,2557,Luke Ridnour,1610612753,ORL,47,13,34,14.5,1.0,2.1,0.495,2.2,0.1,0.6,0.222,0.526
2014-15,2736,Luol Deng,1610612748,MIA,72,33,39,33.6,0.9,2.3,0.393,1.9,0.1,0.3,0.278,0.408
2014-15,202723,Malcolm Lee,1610612755,PHI,1,0,1,2.0,0.0,0.0,,0.0,,,,
2014-15,202952,Malcolm Thomas,1610612755,PHI,17,2,15,11.4,0.0,0.1,0.0,0.0,0.0,0.0,,0.0
2014-15,1938,Manu Ginobili,1610612759,SAS,70,47,23,22.7,0.5,2.1,0.253,1.3,0.3,1.1,0.225,0.315
2014-15,201188,Marc Gasol,1610612763,MEM,81,55,26,33.2,0.7,1.8,0.365,1.3,0.0,0.1,0.143,0.368
2014-15,101162,Marcin Gortat,1610612764,WAS,82,46,36,29.9,0.3,0.7,0.393,0.5,0.0,0.0,,0.393
2014-15,201158,Marco Belinelli,1610612759,SAS,62,41,21,22.4,0.9,2.4,0.388,2.0,0.2,0.7,0.238,0.422
2014-15,202694,Marcus Morris Sr.,1610612756,PHX,81,39,42,25.2,1.3,2.9,0.437,2.7,0.2,0.5,0.359,0.466
2014-15,203935,Marcus Smart,1610612738,BOS,67,35,32,27.0,0.6,1.9,0.318,1.5,0.3,0.9,0.283,0.384
2014-15,201977,Marcus Thornton,1610612756,PHX,48,19,29,15.0,0.7,2.0,0.351,1.6,0.2,0.7,0.344,0.407
2014-15,201596,Mario Chalmers,1610612748,MIA,80,36,44,29.6,0.5,1.7,0.302,1.1,0.1,0.8,0.092,0.324
2014-15,203900,Markel Brown,1610612751,BKN,47,23,24,16.6,0.3,1.1,0.3,0.7,0.0,0.1,0.4,0.32
2014-15,202693,Markieff Morris,1610612756,PHX,82,39,43,31.5,1.4,3.1,0.44,2.7,0.0,0.1,0.0,0.44
2014-15,201578,Marreese Speights,1610612744,GSW,76,62,14,15.9,0.3,0.9,0.319,0.6,0.0,0.0,0.333,0.326
2014-15,101110,Martell Webster,1610612764,WAS,32,12,20,11.0,0.3,0.8,0.32,0.6,0.1,0.1,0.5,0.36
2014-15,101107,Marvin Williams,1610612766,CHA,78,32,46,26.1,0.2,0.5,0.444,0.4,0.0,0.1,0.4,0.472
2014-15,203486,Mason Plumlee,1610612751,BKN,82,38,44,21.3,0.0,0.1,0.375,0.1,0.0,0.0,0.0,0.375
2014-15,2440,Matt Barnes,1610612746,LAC,76,51,25,29.9,0.1,0.4,0.333,0.3,0.0,0.2,0.176,0.383
2014-15,2588,Matt Bonner,1610612759,SAS,72,49,23,13.0,0.1,0.3,0.5,0.3,0.0,0.0,0.0,0.5
2014-15,203521,Matthew Dellavedova,1610612739,CLE,67,43,24,20.6,0.4,1.2,0.361,1.1,0.2,0.3,0.522,0.434
2014-15,203090,Maurice Harkless,1610612753,ORL,45,9,36,15.0,0.0,0.4,0.063,0.1,0.0,0.3,0.077,0.094
2014-15,203086,Meyers Leonard,1610612757,POR,55,32,23,15.4,0.1,0.4,0.4,0.3,0.0,0.0,0.0,0.4
2014-15,201563,Michael Beasley,1610612748,MIA,24,11,13,21.0,1.1,3.0,0.38,2.3,0.0,0.2,0.0,0.38
2014-15,203487,Michael Carter-Williams,1610612749,MIL,66,21,45,32.6,1.1,3.9,0.288,2.3,0.1,0.4,0.138,0.296
2014-15,203077,Michael Kidd-Gilchrist,1610612766,CHA,55,27,28,28.9,0.7,1.5,0.452,1.4,,,,0.452
2014-15,201144,Mike Conley,1610612763,MEM,70,47,23,31.8,1.8,4.6,0.402,4.3,0.6,1.5,0.383,0.466
2014-15,2399,Mike Dunleavy,1610612741,CHI,63,41,22,29.2,0.5,1.3,0.402,1.3,0.2,0.5,0.517,0.494
2014-15,2034,Mike Miller,1610612739,CLE,52,31,21,13.5,0.1,0.3,0.4,0.3,0.1,0.1,0.429,0.5
2014-15,203488,Mike Muscala,1610612737,ATL,40,26,14,12.6,0.1,0.1,0.667,0.1,0.0,0.0,1.0,0.833
2014-15,203118,Mike Scott,1610612737,ATL,68,52,16,16.5,0.2,0.6,0.4,0.5,0.0,0.1,0.2,0.425
2014-15,203101,Miles Plumlee,1610612749,MIL,73,34,39,16.4,0.1,0.1,0.5,0.1,,,,0.5
2014-15,203545,Miroslav Raduljica,1610612750,MIN,5,0,5,4.6,0.0,0.0,,0.0,,,,
2014-15,203141,Mirza Teletovic,1610612751,BKN,40,16,24,22.3,0.2,0.8,0.281,0.6,0.1,0.4,0.267,0.344
2014-15,203956,Mitch McGary,1610612760,OKC,32,20,12,15.2,0.0,0.0,0.0,0.0,0.0,0.0,,0.0
2014-15,2590,Mo Williams,1610612766,CHA,68,20,48,29.1,3.2,8.0,0.393,7.2,0.9,3.0,0.299,0.449
2014-15,101145,Monta Ellis,1610612742,DAL,80,50,30,33.7,3.0,7.6,0.395,6.4,0.4,1.4,0.281,0.421
2014-15,101126,Nate Robinson,1610612743,DEN,42,22,20,14.1,0.9,2.7,0.339,2.0,0.2,0.9,0.263,0.384
2014-15,203489,Nate Wolters,1610612749,MIL,21,14,7,11.7,0.3,0.8,0.375,0.6,0.0,0.1,0.0,0.375
2014-15,1737,Nazr Mohammed,1610612741,CHI,23,13,10,5.6,0.0,0.1,0.333,0.1,,,,0.333
2014-15,2403,Nene,1610612764,WAS,67,37,30,25.3,0.1,0.5,0.258,0.2,0.0,0.0,,0.258
2014-15,203457,Nerlens Noel,1610612755,PHI,75,18,57,30.8,0.2,0.5,0.333,0.3,,,,0.333
2014-15,201979,Nick Calathes,1610612763,MEM,58,36,22,14.4,0.3,1.0,0.288,0.6,0.1,0.2,0.273,0.314
2014-15,2555,Nick Collison,1610612760,OKC,66,38,28,16.7,0.0,0.1,0.111,0.0,0.0,0.0,0.0,0.111
2014-15,203910,Nick Johnson,1610612745,HOU,28,18,10,9.4,0.1,0.4,0.3,0.3,0.1,0.2,0.4,0.4
2014-15,201156,Nick Young,1610612747,LAL,42,12,30,23.8,2.3,6.5,0.349,5.6,1.0,2.8,0.37,0.429
2014-15,201587,Nicolas Batum,1610612757,POR,71,43,28,33.5,0.9,2.4,0.367,2.1,0.4,0.8,0.431,0.441
2014-15,203917,Nik Stauskas,1610612758,SAC,73,26,47,15.4,0.4,1.2,0.348,0.9,0.1,0.4,0.207,0.382
2014-15,202703,Nikola Mirotic,1610612741,CHI,82,50,32,20.2,0.5,1.6,0.289,1.1,0.2,0.8,0.239,0.348
2014-15,201593,Nikola Pekovic,1610612750,MIN,31,9,22,26.3,0.2,0.3,0.5,0.3,,,,0.5
2014-15,202696,Nikola Vucevic,1610612753,ORL,74,21,53,34.2,0.3,0.8,0.439,0.7,0.0,0.0,,0.439
2014-15,203943,Noah Vonleh,1610612766,CHA,25,8,17,10.3,0.1,0.3,0.429,0.3,0.0,0.0,1.0,0.5
2014-15,202708,Norris Cole,1610612740,NOP,75,37,38,24.4,1.0,2.5,0.419,2.2,0.1,0.4,0.31,0.444
2014-15,201564,O.J. Mayo,1610612749,MIL,71,39,32,23.9,0.9,2.6,0.34,2.0,0.2,0.7,0.354,0.386
2014-15,203136,Ognjen Kuzmic,1610612744,GSW,16,13,3,4.5,0.1,0.1,1.0,0.1,,,,1.0
2014-15,201600,Omer Asik,1610612740,NOP,76,43,33,26.1,0.0,0.0,0.5,0.0,,,,0.5
2014-15,201956,Omri Casspi,1610612758,SAC,67,23,44,21.1,0.2,0.5,0.444,0.6,0.1,0.3,0.474,0.569
2014-15,203490,Otto Porter Jr.,1610612764,WAS,74,41,33,19.4,0.4,1.0,0.361,0.7,0.0,0.1,0.2,0.375
2014-15,200782,P.J. Tucker,1610612756,PHX,78,36,42,30.6,0.4,1.1,0.388,0.9,0.1,0.3,0.4,0.435
2014-15,203798,PJ Hairston,1610612766,CHA,45,19,26,15.3,0.4,1.1,0.353,0.9,0.1,0.2,0.3,0.382
2014-15,203143,Pablo Prigioni,1610612745,HOU,67,25,42,17.9,0.3,1.0,0.348,0.9,0.2,0.7,0.277,0.447
2014-15,201976,Patrick Beverley,1610612745,HOU,56,35,21,30.8,0.4,1.4,0.308,1.0,0.2,0.7,0.225,0.365
2014-15,203565,Patrick Christopher,1610612763,MEM,4,2,2,7.2,0.5,0.8,0.667,1.0,0.0,0.0,,0.667
2014-15,202335,Patrick Patterson,1610612761,TOR,81,49,32,26.6,0.4,0.9,0.493,0.9,0.0,0.0,0.333,0.5
2014-15,201988,Patty Mills,1610612759,SAS,51,37,14,15.7,1.0,2.7,0.382,2.3,0.3,1.0,0.306,0.438
2014-15,2200,Pau Gasol,1610612741,CHI,78,48,30,34.4,0.5,1.3,0.379,1.0,0.0,0.0,0.0,0.379
2014-15,202331,Paul George,1610612754,IND,6,5,1,15.2,1.0,3.2,0.316,2.3,0.3,1.2,0.286,0.368
2014-15,200794,Paul Millsap,1610612737,ATL,73,55,18,32.7,0.5,1.5,0.313,1.0,0.0,0.1,0.1,0.317
2014-15,1718,Paul Pierce,1610612764,WAS,73,40,33,26.2,1.0,2.4,0.418,2.0,0.0,0.2,0.083,0.421
2014-15,203544,Pero Antic,1610612737,ATL,63,46,17,16.5,0.1,0.2,0.308,0.1,0.0,0.0,0.0,0.308
2014-15,203103,Perry Jones III,1610612760,OKC,43,23,20,14.7,0.3,0.7,0.429,0.6,0.0,0.1,0.333,0.464
2014-15,203515,Phil Pressey,1610612738,BOS,50,22,28,12.0,0.4,1.3,0.333,1.0,0.2,0.6,0.3,0.405
2014-15,203112,Quincy Acy,1610612752,NYK,68,12,56,18.9,0.1,0.4,0.296,0.2,0.0,0.1,0.0,0.296
2014-15,203113,Quincy Miller,1610612765,DET,10,2,8,12.0,0.2,0.5,0.4,0.4,0.0,0.1,0.0,0.4
2014-15,202347,Quincy Pondexter,1610612740,NOP,75,48,27,23.9,0.3,0.9,0.324,0.7,0.2,0.4,0.364,0.412
2014-15,200765,Rajon Rondo,1610612742,DAL,68,34,34,29.7,0.9,2.8,0.301,1.8,0.1,0.4,0.231,0.316
2014-15,201196,Ramon Sessions,1610612764,WAS,64,26,38,18.6,0.5,1.4,0.368,1.1,0.1,0.2,0.467,0.408
2014-15,200751,Randy Foye,1610612743,DEN,50,15,35,21.7,0.9,2.5,0.355,2.3,0.5,1.5,0.355,0.464
2014-15,2446,Rasual Butler,1610612764,WAS,75,39,36,20.1,0.5,1.6,0.322,1.1,0.1,0.4,0.233,0.351
2014-15,203492,Ray McCallum,1610612758,SAC,68,22,46,21.1,0.8,2.2,0.367,1.7,0.1,0.4,0.259,0.39
2014-15,101109,Raymond Felton,1610612742,DAL,29,14,15,9.7,0.6,1.7,0.354,1.3,0.1,0.6,0.235,0.396
2014-15,203493,Reggie Bullock Jr.,1610612756,PHX,36,19,17,9.4,0.0,0.3,0.0,0.0,0.0,0.1,0.0,0.0
2014-15,2501,Reggie Evans,1610612758,SAC,47,16,31,16.3,0.0,0.1,0.0,0.0,0.0,0.0,,0.0
2014-15,202704,Reggie Jackson,1610612765,DET,77,37,40,29.5,2.1,5.5,0.385,4.7,0.5,1.5,0.33,0.428
2014-15,202130,Reggie Williams,1610612759,SAS,20,15,5,5.3,0.2,0.5,0.4,0.5,0.1,0.2,0.25,0.45
2014-15,2210,Richard Jefferson,1610612742,DAL,74,46,28,16.8,0.2,0.6,0.409,0.6,0.1,0.3,0.45,0.511
2014-15,203495,Ricky Ledo,1610612752,NYK,17,4,13,14.4,0.4,1.3,0.318,1.0,0.2,0.5,0.333,0.386
2014-15,201937,Ricky Rubio,1610612750,MIN,22,7,15,31.5,1.9,4.7,0.398,4.0,0.2,0.7,0.333,0.422
2014-15,203133,Robbie Hummel,1610612750,MIN,45,5,40,16.5,0.1,0.3,0.286,0.2,0.0,0.0,0.0,0.286
2014-15,203496,Robert Covington,1610612755,PHI,70,18,52,27.9,0.4,1.5,0.301,1.1,0.2,0.8,0.309,0.383
2014-15,203135,Robert Sacre,1610612747,LAL,67,19,48,16.9,0.2,0.6,0.41,0.5,0.0,0.0,,0.41
2014-15,201577,Robin Lopez,1610612757,POR,59,38,21,27.8,0.1,0.2,0.667,0.2,,,,0.667
2014-15,203918,Rodney Hood,1610612762,UTA,50,27,23,21.3,0.9,2.4,0.38,2.1,0.2,0.7,0.297,0.426
2014-15,201155,Rodney Stuckey,1610612754,IND,71,34,37,26.4,1.5,4.0,0.379,3.2,0.2,0.5,0.333,0.402
2014-15,101179,Ronnie Price,1610612747,LAL,43,13,30,22.8,0.4,1.8,0.234,0.9,0.1,0.7,0.1,0.253
2014-15,101142,Ronny Turiaf,1610612750,MIN,2,0,2,9.7,0.0,0.0,,0.0,,,,
2014-15,201579,Roy Hibbert,1610612754,IND,76,34,42,25.3,0.3,0.8,0.344,0.6,0.0,0.0,,0.344
2014-15,200752,Rudy Gay,1610612758,SAC,68,25,43,35.4,2.6,6.0,0.441,5.6,0.4,0.9,0.375,0.47
2014-15,203497,Rudy Gobert,1610612762,UTA,82,38,44,26.3,0.0,0.0,0.0,0.0,0.0,0.0,,0.0
2014-15,203893,Russ Smith,1610612763,MEM,12,7,5,5.4,0.1,0.4,0.2,0.2,0.0,0.2,0.0,0.2
2014-15,201566,Russell Westbrook,1610612760,OKC,67,40,27,34.4,3.9,10.7,0.363,8.6,0.8,3.1,0.259,0.399
2014-15,201583,Ryan Anderson,1610612740,NOP,61,33,28,27.5,0.9,2.8,0.306,1.8,0.1,0.6,0.205,0.329
2014-15,200797,Ryan Hollins,1610612758,SAC,46,13,33,9.6,0.0,0.0,0.5,0.0,,,,0.5
2014-15,203527,Ryan Kelly,1610612747,LAL,52,11,41,23.7,0.3,1.5,0.234,0.7,0.0,0.1,0.286,0.247
2014-15,2223,Samuel Dalembert,1610612752,NYK,32,5,27,17.0,0.1,0.3,0.3,0.2,,,,0.3
2014-15,203930,Sean Kilpatrick,1610612750,MIN,4,2,2,17.9,0.0,0.5,0.0,0.0,0.0,0.3,0.0,0.0
2014-15,2742,Sebastian Telfair,1610612760,OKC,16,4,12,20.4,1.2,3.3,0.358,3.1,0.7,2.2,0.314,0.462
2014-15,201586,Serge Ibaka,1610612760,OKC,64,35,29,33.1,0.4,1.0,0.426,0.8,0.0,0.1,0.4,0.443
2014-15,203508,Sergey Karasev,1610612751,BKN,33,12,21,16.8,0.2,0.5,0.278,0.3,0.0,0.1,0.0,0.278
2014-15,203552,Seth Curry,1610612756,PHX,2,2,0,3.9,0.0,0.5,0.0,0.0,0.0,0.0,,0.0
2014-15,203498,Shabazz Muhammad,1610612750,MIN,38,6,32,22.8,0.4,1.1,0.405,0.9,0.0,0.0,,0.405
2014-15,203894,Shabazz Napier,1610612748,MIA,51,24,27,19.8,0.7,1.8,0.402,1.7,0.2,0.7,0.324,0.467
2014-15,203499,Shane Larkin,1610612752,NYK,76,16,60,24.5,0.7,1.9,0.366,1.4,0.1,0.5,0.171,0.387
2014-15,200769,Shannon Brown,1610612748,MIA,5,3,2,17.8,0.0,0.8,0.0,0.0,0.0,0.4,0.0,0.0
2014-15,2733,Shaun Livingston,1610612744,GSW,78,64,14,18.8,1.1,2.2,0.477,2.1,0.0,0.0,0.0,0.477
2014-15,101183,Shavlik Randolph,1610612756,PHX,21,11,10,6.0,0.1,0.1,1.0,0.2,0.0,0.0,,1.0
2014-15,1890,Shawn Marion,1610612739,CLE,57,36,21,19.3,0.2,0.5,0.4,0.4,0.0,0.0,0.0,0.4
2014-15,200761,Shawne Williams,1610612765,DET,63,26,37,17.2,0.3,0.7,0.442,0.6,0.0,0.1,0.25,0.465
2014-15,203963,Shayne Whittington,1610612754,IND,20,9,11,5.4,0.0,0.1,0.0,0.0,0.0,0.1,0.0,0.0
2014-15,202714,Shelvin Mack,1610612737,ATL,55,37,18,15.1,0.7,2.0,0.373,1.7,0.2,0.9,0.25,0.427
2014-15,204021,Sim Bhullar,1610612758,SAC,3,1,2,0.9,0.0,0.0,,0.0,,,,
2014-15,203524,Solomon Hill,1610612754,IND,82,38,44,29.0,0.4,1.3,0.321,0.9,0.0,0.3,0.136,0.335
2014-15,203915,Spencer Dinwiddie,1610612765,DET,34,12,22,13.4,0.7,2.4,0.301,1.8,0.3,1.2,0.25,0.361
2014-15,201150,Spencer Hawes,1610612746,LAC,73,52,21,17.5,0.2,0.6,0.4,0.5,0.0,0.1,0.4,0.422
2014-15,201939,Stephen Curry,1610612744,GSW,80,67,13,32.7,3.4,7.8,0.436,8.7,1.9,4.5,0.423,0.557
2014-15,2581,Steve Blake,1610612757,POR,81,51,30,18.9,0.5,1.5,0.347,1.3,0.2,0.8,0.328,0.432
2014-15,200779,Steve Novak,1610612760,OKC,35,12,23,5.6,0.0,0.2,0.167,0.1,0.0,0.1,0.25,0.25
2014-15,203500,Steven Adams,1610612760,OKC,70,37,33,25.3,0.0,0.0,0.0,0.0,0.0,0.0,,0.0
2014-15,203933,T.J. Warren,1610612756,PHX,40,17,23,15.4,0.4,1.0,0.436,0.9,0.0,0.1,0.333,0.449
2014-15,201959,Taj Gibson,1610612741,CHI,62,38,24,27.3,0.2,0.4,0.4,0.3,,,,0.4
2014-15,204028,Tarik Black,1610612747,LAL,63,25,38,19.0,0.0,0.0,0.0,0.0,0.0,0.0,,0.0
2014-15,2419,Tayshaun Prince,1610612765,DET,58,27,31,24.1,0.7,1.8,0.358,1.3,0.0,0.1,0.333,0.363
2014-15,203093,Terrence Jones,1610612745,HOU,33,24,9,27.0,0.1,0.6,0.158,0.2,0.1,0.2,0.25,0.211
2014-15,203082,Terrence Ross,1610612761,TOR,82,49,33,25.5,1.1,2.8,0.408,2.5,0.2,0.7,0.273,0.441
2014-15,200757,Thabo Sefolosha,1610612737,ATL,52,43,9,18.8,0.1,0.4,0.368,0.3,0.0,0.0,0.0,0.368
2014-15,201152,Thaddeus Young,1610612751,BKN,76,25,51,32.0,0.5,1.5,0.333,1.1,0.0,0.1,0.375,0.346
2014-15,203080,Thomas Robinson,1610612755,PHI,54,26,28,14.8,0.1,0.5,0.269,0.3,0.0,0.0,,0.269
2014-15,201168,Tiago Splitter,1610612759,SAS,52,34,18,19.8,0.0,0.0,1.0,0.0,,,,1.0
2014-15,1495,Tim Duncan,1610612759,SAS,77,53,24,28.9,0.3,1.0,0.311,0.6,0.0,0.0,,0.311
2014-15,204025,Tim Frazier,1610612757,POR,11,3,8,21.8,0.6,1.8,0.35,1.4,0.1,0.5,0.2,0.375
2014-15,203501,Tim Hardaway Jr.,1610612752,NYK,70,16,54,24.0,0.9,2.5,0.364,2.1,0.3,0.8,0.333,0.419
2014-15,202389,Timofey Mozgov,1610612739,CLE,81,49,32,25.3,0.0,0.1,0.091,0.0,0.0,0.0,,0.091
2014-15,202699,Tobias Harris,1610612753,ORL,68,20,48,34.8,1.0,2.6,0.379,2.0,0.1,0.3,0.25,0.394
2014-15,201962,Toney Douglas,1610612740,NOP,12,7,5,14.7,0.4,1.9,0.217,1.0,0.2,0.8,0.222,0.261
2014-15,2754,Tony Allen,1610612763,MEM,63,46,17,26.2,0.2,0.3,0.524,0.3,0.0,0.0,,0.524
2014-15,2225,Tony Parker,1610612759,SAS,68,48,20,28.7,2.1,4.7,0.445,4.2,0.1,0.1,0.5,0.451
2014-15,203503,Tony Snell,1610612741,CHI,72,43,29,19.6,0.3,0.7,0.4,0.7,0.1,0.3,0.389,0.47
2014-15,203100,Tony Wroten,1610612755,PHI,30,4,26,29.8,0.5,2.3,0.221,1.4,0.4,1.8,0.222,0.309
2014-15,203315,Toure' Murry,1610612762,UTA,5,3,2,3.6,0.0,0.4,0.0,0.0,,,,0.0
2014-15,204037,Travis Wear,1610612752,NYK,51,7,44,13.2,0.5,1.3,0.415,1.1,0.0,0.1,0.25,0.423
2014-15,2772,Trevor Ariza,1610612745,HOU,82,56,26,35.7,0.6,1.8,0.309,1.3,0.2,0.6,0.321,0.366
2014-15,202344,Trevor Booker,1610612762,UTA,79,37,42,19.8,0.1,0.5,0.268,0.3,0.0,0.1,0.286,0.293
2014-15,203504,Trey Burke,1610612762,UTA,76,35,41,30.1,1.8,4.8,0.367,3.7,0.2,1.1,0.173,0.387
2014-15,202684,Tristan Thompson,1610612739,CLE,82,53,29,26.8,0.1,0.3,0.304,0.2,,,,0.304
2014-15,203584,Troy Daniels,1610612766,CHA,47,15,32,8.5,0.4,0.9,0.395,1.0,0.2,0.6,0.407,0.523
2014-15,201951,Ty Lawson,1610612743,DEN,75,29,46,35.5,2.4,6.0,0.4,5.2,0.4,1.1,0.349,0.433
2014-15,203898,Tyler Ennis,1610612749,MIL,33,11,22,12.5,0.4,1.6,0.241,0.9,0.1,0.5,0.235,0.278
2014-15,201946,Tyler Hansbrough,1610612761,TOR,74,45,29,14.3,0.0,0.0,0.5,0.0,0.0,0.0,0.0,0.5
2014-15,204020,Tyler Johnson,1610612748,MIA,32,15,17,18.8,0.3,1.1,0.294,0.7,0.0,0.2,0.2,0.309
2014-15,203092,Tyler Zeller,1610612738,BOS,82,40,42,21.1,0.0,0.1,0.667,0.1,,,,0.667
2014-15,201936,Tyreke Evans,1610612740,NOP,79,43,36,34.0,0.8,2.6,0.322,1.9,0.2,1.0,0.22,0.365
2014-15,200748,Tyrus Thomas,1610612763,MEM,2,2,0,3.3,0.5,0.5,1.0,1.0,,,,1.0
2014-15,2199,Tyson Chandler,1610612742,DAL,75,47,28,30.5,0.0,0.0,0.0,0.0,,,,0.0
2014-15,2617,Udonis Haslem,1610612748,MIA,62,31,31,16.0,0.1,0.2,0.357,0.2,0.0,0.0,,0.357
2014-15,203505,Vander Blue,1610612747,LAL,2,0,2,36.9,0.0,3.5,0.0,0.0,0.0,1.5,0.0,0.0
2014-15,201964,Victor Claver,1610612757,POR,10,6,4,7.6,0.0,0.0,,0.0,0.0,0.0,,
2014-15,203506,Victor Oladipo,1610612753,ORL,72,22,50,35.7,1.7,4.4,0.384,3.8,0.4,1.0,0.361,0.425
2014-15,1713,Vince Carter,1610612763,MEM,66,45,21,16.5,0.5,1.7,0.309,1.2,0.2,0.6,0.238,0.355
2014-15,201961,Wayne Ellington,1610612747,LAL,65,18,47,25.8,1.7,4.3,0.396,4.0,0.6,1.6,0.398,0.469
2014-15,202325,Wesley Johnson,1610612747,LAL,76,20,56,29.5,0.9,2.9,0.317,2.0,0.1,0.6,0.229,0.342
2014-15,202083,Wesley Matthews,1610612757,POR,60,41,19,33.7,1.6,3.7,0.445,3.9,0.6,1.5,0.4,0.527
2014-15,203115,Will Barton,1610612743,DEN,58,30,28,17.0,0.6,1.5,0.375,1.3,0.2,0.4,0.423,0.438
2014-15,101198,Will Bynum,1610612764,WAS,7,4,3,9.5,0.4,2.0,0.214,0.9,0.0,0.4,0.0,0.214
2014-15,203805,Will Cherry,1610612761,TOR,8,6,2,8.7,0.0,0.4,0.0,0.0,0.0,0.1,0.0,0.0
2014-15,2584,Willie Green,1610612753,ORL,52,15,37,18.3,0.7,2.0,0.34,1.6,0.2,0.6,0.281,0.382
2014-15,201163,Wilson Chandler,1610612743,DEN,78,28,50,31.7,0.7,2.1,0.321,1.6,0.2,0.5,0.366,0.367
2014-15,202333,Xavier Henry,1610612747,LAL,9,1,8,9.5,0.0,0.2,0.0,0.0,,,,0.0
2014-15,203897,Zach LaVine,1610612750,MIN,77,15,62,24.7,1.2,3.7,0.319,2.6,0.2,0.9,0.258,0.349
2014-15,2216,Zach Randolph,1610612763,MEM,71,51,20,32.4,0.4,1.5,0.278,0.8,0.0,0.0,0.0,0.278
2014-15,2585,Zaza Pachulia,1610612749,MIL,73,34,39,23.7,0.1,0.3,0.182,0.1,0.0,0.0,0.0,0.182
2014-15,204054,Zoran Dragic,1610612748,MIA,16,6,10,4.7,0.0,0.1,0.0,0.0,0.0,0.0,,0.0
2013-14,201985,AJ Price,1610612750,MIN,28,15,13,3.5,0.3,0.9,0.36,0.6,0.0,0.3,0.0,0.36
2013-14,201166,Aaron Brooks,1610612743,DEN,72,42,30,21.6,0.9,2.6,0.34,2.2,0.4,1.3,0.301,0.415
2013-14,201189,Aaron Gray,1610612758,SAC,37,12,25,9.6,0.0,0.0,0.0,0.0,0.0,0.0,,0.0
2013-14,203519,Adonis Thomas,1610612755,PHI,6,2,4,6.3,0.5,0.5,1.0,1.0,0.0,0.0,,1.0
2013-14,1733,Al Harrington,1610612764,WAS,34,20,14,15.0,0.1,0.5,0.125,0.1,0.0,0.1,0.0,0.125
2013-14,201143,Al Horford,1610612737,ATL,29,16,13,33.0,0.2,0.8,0.25,0.4,0.0,0.1,0.0,0.25
2013-14,2744,Al Jefferson,1610612766,CHA,73,38,35,35.0,0.7,1.7,0.408,1.4,0.0,0.0,1.0,0.416
2013-14,202329,Al-Farouq Aminu,1610612740,NOP,80,33,47,25.6,0.2,0.4,0.343,0.3,0.0,0.0,0.0,0.343
2013-14,101187,Alan Anderson,1610612751,BKN,78,43,35,22.7,0.5,1.5,0.333,1.1,0.1,0.5,0.25,0.376
2013-14,202692,Alec Burks,1610612762,UTA,78,24,54,28.1,1.2,3.3,0.349,2.5,0.1,0.6,0.22,0.37
2013-14,203458,Alex Len,1610612756,PHX,42,24,18,8.6,0.0,0.1,0.333,0.1,,,,0.333
2013-14,203144,Alexey Shved,1610612750,MIN,63,28,35,10.5,0.3,1.2,0.221,0.7,0.2,0.7,0.31,0.305
2013-14,201582,Alexis Ajinca,1610612740,NOP,56,22,34,17.0,0.0,0.1,0.333,0.1,0.0,0.0,0.0,0.333
2013-14,203459,Allen Crabbe,1610612757,POR,15,12,3,6.7,0.2,0.5,0.375,0.5,0.1,0.1,1.0,0.438
2013-14,202087,Alonzo Gee,1610612739,CLE,65,29,36,15.7,0.1,0.7,0.13,0.2,0.0,0.1,0.143,0.141
2013-14,2405,Amar'e Stoudemire,1610612752,NYK,65,26,39,22.6,0.1,0.3,0.294,0.2,,,,0.294
2013-14,101161,Amir Johnson,1610612761,TOR,77,43,34,28.8,0.1,0.2,0.385,0.1,0.0,0.0,0.0,0.385
2013-14,2760,Anderson Varejao,1610612739,CLE,65,25,40,27.7,0.2,0.4,0.407,0.3,0.0,0.0,0.0,0.407
2013-14,101154,Andray Blatche,1610612751,BKN,73,40,33,22.2,0.6,1.8,0.367,1.3,0.0,0.1,0.1,0.371
2013-14,203083,Andre Drummond,1610612765,DET,81,29,52,32.3,0.0,0.1,0.222,0.0,0.0,0.0,,0.222
2013-14,2738,Andre Iguodala,1610612744,GSW,63,41,22,32.4,0.6,1.8,0.345,1.3,0.1,0.5,0.172,0.366
2013-14,1889,Andre Miller,1610612764,WAS,58,32,26,16.9,0.4,1.0,0.386,0.8,0.0,0.1,0.25,0.395
2013-14,203460,Andre Roberson,1610612760,OKC,40,30,10,10.0,0.0,0.1,0.0,0.0,0.0,0.0,,0.0
2013-14,200745,Andrea Bargnani,1610612752,NYK,42,15,27,29.9,0.6,1.7,0.357,1.2,0.0,0.0,0.5,0.364
2013-14,1905,Andrei Kirilenko,1610612751,BKN,45,30,15,19.1,0.0,0.1,0.4,0.1,0.0,0.0,,0.4
2013-14,101106,Andrew Bogut,1610612744,GSW,67,40,27,26.4,0.1,0.1,0.625,0.1,,,,0.625
2013-14,101115,Andrew Bynum,1610612754,IND,26,11,15,19.8,0.2,0.8,0.286,0.5,,,,0.286
2013-14,203094,Andrew Nicholson,1610612753,ORL,76,19,57,15.4,0.1,0.4,0.333,0.3,0.0,0.0,0.0,0.333
2013-14,2740,Andris Biedrins,1610612762,UTA,6,0,6,7.4,0.0,0.0,,0.0,,,,
2013-14,1712,Antawn Jamison,1610612746,LAC,22,15,7,11.3,0.1,0.1,0.667,0.2,0.0,0.0,,0.667
2013-14,203461,Anthony Bennett,1610612739,CLE,52,20,32,12.7,0.1,0.5,0.292,0.3,0.0,0.1,0.2,0.313
2013-14,203076,Anthony Davis,1610612740,NOP,67,29,38,35.2,0.7,1.8,0.407,1.5,0.0,0.0,0.0,0.407
2013-14,201627,Anthony Morrow,1610612740,NOP,76,32,44,18.8,0.9,2.2,0.408,1.9,0.1,0.2,0.4,0.426
2013-14,201576,Anthony Randolph,1610612743,DEN,43,15,28,12.3,0.1,0.6,0.111,0.1,0.0,0.2,0.0,0.111
2013-14,201229,Anthony Tolliver,1610612766,CHA,64,33,31,20.3,0.1,0.2,0.357,0.2,0.0,0.0,0.0,0.357
2013-14,203462,Archie Goodwin,1610612756,PHX,52,32,20,10.2,0.0,0.3,0.143,0.1,0.0,0.2,0.0,0.143
2013-14,202620,Arinze Onuaku,1610612739,CLE,5,2,3,6.0,0.0,0.0,,0.0,,,,
2013-14,203102,Arnett Moultrie,1610612755,PHI,12,0,12,15.6,0.0,0.3,0.0,0.0,,,,0.0
2013-14,203382,Aron Baynes,1610612759,SAS,53,41,12,9.3,0.0,0.2,0.25,0.1,,,,0.25
2013-14,201167,Arron Afflalo,1610612753,ORL,73,21,52,35.0,2.1,4.7,0.452,4.5,0.3,0.6,0.422,0.48
2013-14,201948,Austin Daye,1610612759,SAS,22,16,6,6.7,0.1,0.5,0.273,0.3,0.0,0.0,0.0,0.273
2013-14,203085,Austin Rivers,1610612740,NOP,69,27,42,19.4,0.3,1.3,0.276,0.7,0.0,0.3,0.13,0.293
2013-14,202340,Avery Bradley,1610612738,BOS,60,19,41,30.9,1.9,4.6,0.416,3.9,0.1,0.3,0.333,0.425
2013-14,2732,Ben Gordon,1610612766,CHA,19,8,11,14.7,0.6,2.3,0.256,1.2,0.1,0.4,0.143,0.267
2013-14,203463,Ben McLemore,1610612758,SAC,82,28,54,26.7,0.5,1.5,0.339,1.1,0.1,0.5,0.25,0.384
2013-14,2757,Beno Udrih,1610612763,MEM,41,18,23,15.7,0.8,2.0,0.383,1.6,0.0,0.1,0.333,0.395
2013-14,203108,Bernard James,1610612742,DAL,30,17,13,4.9,0.0,0.0,,0.0,0.0,0.0,,
2013-14,202687,Bismack Biyombo,1610612766,CHA,77,42,35,13.9,0.0,0.0,0.0,0.0,,,,0.0
2013-14,201933,Blake Griffin,1610612746,LAC,80,56,24,35.8,0.5,1.5,0.342,1.1,0.0,0.1,0.25,0.35
2013-14,2564,Boris Diaw,1610612759,SAS,79,60,19,25.0,0.4,0.8,0.446,0.7,0.0,0.1,0.0,0.446
2013-14,203078,Bradley Beal,1610612764,WAS,73,40,33,34.7,2.7,7.1,0.381,5.5,0.2,0.6,0.302,0.393
2013-14,201148,Brandan Wright,1610612742,DAL,58,36,22,18.6,0.1,0.3,0.4,0.2,,,,0.4
2013-14,101138,Brandon Bass,1610612738,BOS,82,25,57,27.6,0.7,1.5,0.455,1.4,0.0,0.0,0.5,0.463
2013-14,203561,Brandon Davies,1610612755,PHI,51,15,36,11.3,0.1,0.1,0.571,0.2,0.0,0.0,,0.571
2013-14,201943,Brandon Jennings,1610612765,DET,80,28,52,34.1,2.5,7.1,0.352,6.3,1.2,3.5,0.357,0.439
2013-14,202688,Brandon Knight,1610612749,MIL,72,13,59,33.3,2.3,6.1,0.368,5.2,0.7,2.2,0.323,0.427
2013-14,201575,Brandon Rush,1610612762,UTA,38,13,25,11.0,0.3,0.9,0.294,0.6,0.1,0.2,0.333,0.338
2013-14,203148,Brian Roberts,1610612740,NOP,72,28,44,23.2,1.7,3.9,0.435,3.6,0.3,0.8,0.317,0.469
2013-14,201572,Brook Lopez,1610612751,BKN,17,7,10,31.4,0.6,1.2,0.476,1.2,0.0,0.0,,0.476
2013-14,201957,Byron Mullens,1610612755,PHI,45,16,29,9.2,0.1,0.3,0.333,0.2,0.0,0.1,0.333,0.375
2013-14,201228,C.J. Watson,1610612754,IND,63,48,15,18.9,0.7,1.8,0.416,1.6,0.1,0.5,0.273,0.456
2013-14,203468,CJ McCollum,1610612757,POR,38,21,17,12.5,0.6,1.9,0.338,1.4,0.1,0.6,0.227,0.373
2013-14,101139,CJ Miles,1610612739,CLE,51,21,30,19.3,0.8,1.7,0.448,1.7,0.2,0.4,0.45,0.5
2013-14,201171,Carl Landry,1610612758,SAC,18,5,13,12.9,0.1,0.3,0.2,0.1,,,,0.2
2013-14,2430,Carlos Boozer,1610612741,CHI,76,43,33,28.2,0.5,1.8,0.279,1.0,0.0,0.0,,0.279
2013-14,2546,Carmelo Anthony,1610612752,NYK,77,35,42,38.7,3.5,8.6,0.41,7.7,0.7,1.9,0.357,0.448
2013-14,2406,Caron Butler,1610612760,OKC,56,21,35,25.3,1.2,3.1,0.378,2.5,0.2,0.7,0.268,0.41
2013-14,203467,Carrick Felix,1610612739,CLE,7,2,5,5.4,0.0,0.3,0.0,0.0,0.0,0.1,0.0,0.0
2013-14,201858,Cartier Martin,1610612737,ATL,59,27,32,14.7,0.3,0.8,0.375,0.7,0.1,0.2,0.25,0.406
2013-14,203810,Casper Ware,1610612755,PHI,9,3,6,12.9,0.3,1.8,0.188,0.9,0.2,1.1,0.2,0.25
2013-14,202718,Chandler Parsons,1610612745,HOU,74,50,24,37.6,0.7,1.9,0.373,1.6,0.1,0.6,0.222,0.408
2013-14,101112,Channing Frye,1610612756,PHX,82,48,34,28.2,0.3,0.8,0.444,0.7,0.0,0.1,0.111,0.452
2013-14,101111,Charlie Villanueva,1610612765,DET,20,5,15,9.0,0.2,0.7,0.308,0.5,0.1,0.4,0.143,0.346
2013-14,201978,Chase Budinger,1610612750,MIN,41,21,20,18.3,0.2,0.7,0.321,0.5,0.1,0.1,0.75,0.375
2013-14,1497,Chauncey Billups,1610612765,DET,19,7,12,16.3,0.6,1.9,0.297,1.4,0.3,1.1,0.238,0.365
2013-14,2365,Chris Andersen,1610612748,MIA,72,49,23,19.4,0.0,0.0,0.5,0.0,0.0,0.0,0.0,0.5
2013-14,203569,Chris Babb,1610612738,BOS,14,3,11,9.5,0.1,0.1,0.5,0.2,0.1,0.1,0.5,0.75
2013-14,2547,Chris Bosh,1610612748,MIA,79,53,26,32.0,0.6,1.4,0.418,1.2,0.0,0.1,0.333,0.432
2013-14,203142,Chris Copeland,1610612754,IND,41,25,16,6.5,0.1,0.3,0.357,0.3,0.1,0.3,0.273,0.464
2013-14,201604,Chris Douglas-Roberts,1610612766,CHA,49,27,22,20.7,0.2,0.7,0.281,0.4,0.1,0.2,0.3,0.328
2013-14,203187,Chris Johnson,1610612738,BOS,40,11,29,19.7,0.2,0.5,0.35,0.4,0.1,0.1,0.5,0.4
2013-14,2549,Chris Kaman,1610612747,LAL,39,13,26,18.9,0.5,1.1,0.5,1.1,0.0,0.0,,0.5
2013-14,101108,Chris Paul,1610612746,LAC,62,44,18,35.0,3.6,8.3,0.437,8.0,0.7,2.1,0.336,0.479
2013-14,202698,Chris Singleton,1610612764,WAS,25,13,12,10.0,0.2,0.6,0.375,0.5,0.0,0.0,,0.375
2013-14,203147,Chris Smith,1610612752,NYK,2,0,2,1.0,0.0,0.0,,0.0,,,,
2013-14,202874,Chris Wright,1610612749,MIL,8,1,7,15.7,0.0,0.0,,0.0,0.0,0.0,,
2013-14,101236,Chuck Hayes,1610612761,TOR,61,33,28,12.4,0.0,0.0,0.0,0.0,0.0,0.0,0.0,0.0
2013-14,203469,Cody Zeller,1610612766,CHA,82,43,39,17.3,0.2,0.6,0.383,0.4,0.0,0.0,,0.383
2013-14,202332,Cole Aldrich,1610612752,NYK,46,26,20,7.2,0.0,0.0,,0.0,,,,
2013-14,201147,Corey Brewer,1610612750,MIN,81,40,41,32.2,0.3,1.2,0.242,0.6,0.0,0.3,0.095,0.253
2013-14,202709,Cory Joseph,1610612759,SAS,68,52,16,13.8,0.5,1.3,0.393,1.0,0.0,0.1,0.25,0.399
2013-14,201584,Courtney Lee,1610612763,MEM,79,47,32,25.0,1.3,2.5,0.518,2.6,0.1,0.2,0.385,0.531
2013-14,201571,D.J. Augustin,1610612741,CHI,71,44,27,27.3,1.7,4.1,0.415,4.3,0.8,2.0,0.415,0.515
2013-14,203474,DJ Stephens,1610612749,MIL,3,0,3,4.9,0.0,0.0,,0.0,,,,
2013-14,201591,DJ White,1610612766,CHA,2,2,0,5.1,0.0,0.0,,0.0,,,,
2013-14,203081,Damian Lillard,1610612757,POR,82,54,28,35.8,2.5,6.2,0.395,6.2,1.2,3.3,0.369,0.494
2013-14,202345,Damion James,1610612759,SAS,5,1,4,10.1,0.2,0.2,1.0,0.4,0.0,0.0,,1.0
2013-14,202350,Daniel Orton,1610612755,PHI,22,7,15,11.4,0.0,0.0,1.0,0.1,,,,1.0
2013-14,101122,Danny Granger,1610612746,LAC,41,31,10,20.7,0.3,1.1,0.304,0.7,0.0,0.1,0.2,0.315
2013-14,201980,Danny Green,1610612759,SAS,68,54,14,24.3,0.7,1.9,0.373,1.8,0.4,0.9,0.441,0.476
2013-14,201967,Dante Cunningham,1610612750,MIN,81,39,42,20.2,0.0,0.2,0.111,0.0,0.0,0.0,0.0,0.111
2013-14,203130,Darius Johnson-Odom,1610612755,PHI,3,0,3,5.1,0.0,1.3,0.0,0.0,0.0,0.0,,0.0
2013-14,203121,Darius Miller,1610612740,NOP,45,14,31,16.1,0.4,1.0,0.413,0.9,0.0,0.1,0.167,0.424
2013-14,202721,Darius Morris,1610612763,MEM,27,16,11,11.6,0.3,1.3,0.265,0.8,0.1,0.5,0.308,0.324
2013-14,201589,Darrell Arthur,1610612743,DEN,68,33,35,17.1,0.2,0.6,0.316,0.4,0.0,0.0,1.0,0.342
2013-14,201954,Darren Collison,1610612746,LAC,80,56,24,25.9,1.4,3.6,0.397,3.0,0.1,0.5,0.256,0.416
2013-14,101135,David Lee,1610612744,GSW,69,42,27,33.2,0.2,0.4,0.483,0.4,,,,0.483
2013-14,2561,David West,1610612754,IND,80,54,26,30.9,0.7,2.0,0.36,1.5,0.0,0.0,0.0,0.36
2013-14,201599,DeAndre Jordan,1610612746,LAC,82,57,25,35.0,0.0,0.0,0.5,0.0,,,,0.5
2013-14,202732,DeAndre Liggins,1610612748,MIA,1,1,0,1.4,0.0,0.0,,0.0,,,,
2013-14,201971,DeJuan Blair,1610612742,DAL,78,46,32,15.6,0.1,0.2,0.375,0.2,0.0,0.0,0.0,0.375
2013-14,201942,DeMar DeRozan,1610612761,TOR,79,45,34,38.2,2.9,7.6,0.384,5.9,0.1,0.5,0.22,0.391
2013-14,202326,DeMarcus Cousins,1610612758,SAC,71,28,43,32.4,0.7,1.8,0.388,1.4,0.0,0.0,0.0,0.388
2013-14,201960,DeMarre Carroll,1610612737,ATL,73,37,36,32.1,0.3,1.1,0.273,0.7,0.1,0.3,0.273,0.312
2013-14,203471,Dennis Schroder,1610612737,ATL,49,21,28,13.1,0.3,1.2,0.259,0.6,0.0,0.3,0.059,0.267
2013-14,965,Derek Fisher,1610612760,OKC,81,59,22,17.6,0.6,1.6,0.398,1.5,0.3,0.7,0.383,0.488
2013-14,101114,Deron Williams,1610612751,BKN,64,37,27,32.2,1.8,4.3,0.416,4.0,0.4,1.5,0.284,0.465
2013-14,202324,Derrick Favors,1610612762,UTA,73,25,48,30.2,0.3,0.7,0.49,0.7,,,,0.49
2013-14,201565,Derrick Rose,1610612741,CHI,10,5,5,31.1,1.2,4.9,0.245,2.8,0.4,1.9,0.211,0.286
2013-14,202682,Derrick Williams,1610612758,SAC,78,29,49,23.3,0.4,1.2,0.333,0.9,0.1,0.2,0.267,0.354
2013-14,2734,Devin Harris,1610612742,DAL,40,24,16,20.4,0.6,2.0,0.316,1.5,0.3,1.1,0.233,0.38
2013-14,203473,Dewayne Dedmon,1610612753,ORL,31,7,24,12.6,0.1,0.1,0.5,0.1,,,,0.5
2013-14,202354,Dexter Pittman,1610612737,ATL,2,0,2,1.5,0.0,0.0,,0.0,,,,
2013-14,203197,Diante Garrett,1610612762,UTA,71,23,48,14.8,0.4,1.2,0.287,0.8,0.1,0.2,0.25,0.31
2013-14,203079,Dion Waiters,1610612739,CLE,70,28,42,29.6,2.2,5.6,0.39,4.6,0.2,1.0,0.239,0.412
2013-14,202091,Dionte Christmas,1610612756,PHX,31,15,16,6.4,0.1,0.5,0.133,0.1,0.0,0.2,0.0,0.133
2013-14,1717,Dirk Nowitzki,1610612742,DAL,80,48,32,32.9,2.5,5.1,0.493,5.2,0.1,0.2,0.474,0.504
2013-14,202388,Donald Sloan,1610612754,IND,48,31,17,8.2,0.2,0.6,0.393,0.5,0.0,0.2,0.222,0.429
2013-14,202700,Donatas Motiejunas,1610612745,HOU,62,42,20,15.4,0.0,0.1,0.333,0.1,0.0,0.0,0.0,0.333
2013-14,2748,Dorell Wright,1610612757,POR,68,48,20,14.5,0.3,0.8,0.298,0.6,0.1,0.3,0.222,0.333
2013-14,203117,Doron Lamb,1610612753,ORL,53,13,40,13.1,0.3,0.8,0.45,0.8,0.1,0.1,0.667,0.5
2013-14,203110,Draymond Green,1610612744,GSW,82,51,31,21.9,0.2,0.5,0.395,0.5,0.1,0.1,0.5,0.453
2013-14,2400,Drew Gooden,1610612764,WAS,22,12,10,18.0,0.2,0.4,0.444,0.4,0.0,0.0,1.0,0.5
2013-14,202779,Dwight Buycks,1610612761,TOR,14,5,9,10.4,0.2,1.5,0.143,0.4,0.0,0.5,0.0,0.143
2013-14,2730,Dwight Howard,1610612745,HOU,71,48,23,33.8,0.0,0.1,0.0,0.0,0.0,0.0,0.0,0.0
2013-14,2548,Dwyane Wade,1610612748,MIA,54,36,18,32.9,2.1,4.8,0.447,4.3,0.0,0.2,0.167,0.451
2013-14,202734,E'Twaun Moore,1610612753,ORL,79,22,57,19.1,0.7,1.6,0.419,1.5,0.1,0.3,0.375,0.453
2013-14,201947,Earl Clark,1610612752,NYK,54,22,32,14.2,0.2,0.9,0.277,0.5,0.0,0.1,0.167,0.287
2013-14,2248,Earl Watson,1610612757,POR,24,17,7,6.7,0.0,0.0,,0.0,0.0,0.0,,
2013-14,202334,Ed Davis,1610612763,MEM,63,38,25,15.2,0.1,0.2,0.364,0.1,,,,0.364
2013-14,202327,Ekpe Udoh,1610612749,MIL,42,7,35,19.1,0.2,0.4,0.533,0.4,,,,0.533
2013-14,203548,Elias Harris,1610612747,LAL,2,1,1,5.7,0.0,0.0,,0.0,,,,
2013-14,202343,Elliot Williams,1610612755,PHI,67,13,54,17.3,0.3,0.8,0.346,0.7,0.1,0.4,0.32,0.423
2013-14,1882,Elton Brand,1610612737,ATL,73,34,39,19.4,0.2,0.4,0.379,0.3,0.0,0.0,,0.379
2013-14,202683,Enes Freedom,1610612762,UTA,80,23,57,26.7,0.2,0.5,0.462,0.5,0.0,0.0,,0.462
2013-14,202339,Eric Bledsoe,1610612756,PHX,43,28,15,32.9,2.0,5.2,0.388,4.7,0.7,1.7,0.387,0.453
2013-14,201569,Eric Gordon,1610612740,NOP,64,26,38,32.1,1.2,3.5,0.356,2.8,0.3,1.1,0.265,0.396
2013-14,201953,Eric Maynor,1610612755,PHI,31,11,20,10.5,0.3,1.4,0.238,0.6,0.0,0.2,0.0,0.238
2013-14,203513,Erik Murphy,1610612741,CHI,24,13,11,2.6,0.0,0.1,0.0,0.0,0.0,0.0,,0.0
2013-14,101141,Ersan Ilyasova,1610612749,MIL,55,10,45,26.9,0.4,1.2,0.338,0.9,0.0,0.2,0.111,0.346
2013-14,203095,Evan Fournier,1610612743,DEN,76,35,41,19.8,0.5,1.5,0.33,1.2,0.2,0.6,0.311,0.391
2013-14,202323,Evan Turner,1610612754,IND,81,29,52,30.3,1.7,4.2,0.394,3.4,0.0,0.3,0.087,0.397
2013-14,101128,Francisco Garcia,1610612745,HOU,55,33,22,19.7,0.2,0.7,0.297,0.5,0.1,0.2,0.364,0.351
2013-14,203539,Gal Mekel,1610612742,DAL,31,18,13,9.4,0.2,0.7,0.304,0.5,0.0,0.2,0.0,0.304
2013-14,202066,Garrett Temple,1610612764,WAS,75,40,35,8.5,0.3,0.8,0.322,0.5,0.0,0.1,0.375,0.347
2013-14,202390,Gary Neal,1610612766,CHA,52,19,33,21.4,1.7,4.3,0.398,3.9,0.5,1.4,0.36,0.459
2013-14,201588,George Hill,1610612754,IND,76,50,26,32.0,0.8,2.7,0.301,1.9,0.2,0.9,0.246,0.342
2013-14,101123,Gerald Green,1610612756,PHX,82,48,34,28.4,1.7,4.3,0.406,4.1,0.6,1.5,0.403,0.477
2013-14,201945,Gerald Henderson,1610612766,CHA,77,40,37,32.0,2.1,5.4,0.396,4.3,0.1,0.2,0.353,0.403
2013-14,2222,Gerald Wallace,1610612738,BOS,58,19,39,24.4,0.0,0.2,0.071,0.1,0.0,0.1,0.143,0.107
2013-14,203507,Giannis Antetokounmpo,1610612749,MIL,77,14,63,24.6,0.2,0.8,0.3,0.6,0.1,0.3,0.458,0.392
2013-14,203540,Gigi Datome,1610612765,DET,34,9,25,7.0,0.3,0.7,0.391,0.5,0.0,0.1,0.0,0.391
2013-14,201175,Glen Davis,1610612746,LAC,68,30,38,24.4,0.3,0.9,0.344,0.6,0.0,0.0,0.5,0.352
2013-14,203318,Glen Rice,1610612764,WAS,11,2,9,9.9,0.1,0.6,0.143,0.3,0.1,0.2,0.5,0.214
2013-14,201609,Goran Dragic,1610612756,PHX,76,45,31,35.1,2.3,5.3,0.422,5.3,0.8,1.8,0.421,0.495
2013-14,202330,Gordon Hayward,1610612762,UTA,77,23,54,36.4,1.8,4.4,0.4,3.8,0.2,0.8,0.283,0.425
2013-14,203476,Gorgui Dieng,1610612750,MIN,60,32,28,13.6,0.1,0.3,0.438,0.3,0.0,0.0,1.0,0.469
2013-14,202328,Greg Monroe,1610612765,DET,82,29,53,32.8,0.1,0.3,0.429,0.2,0.0,0.0,,0.429
2013-14,201141,Greg Oden,1610612748,MIA,23,16,7,9.2,0.0,0.1,0.0,0.0,,,,0.0
2013-14,202962,Greg Smith,1610612745,HOU,11,7,4,9.1,0.0,0.0,,0.0,,,,
2013-14,201880,Greg Stiemsma,1610612740,NOP,55,21,34,18.3,0.0,0.0,0.5,0.0,0.0,0.0,,0.5
2013-14,202349,Greivis Vasquez,1610612761,TOR,79,46,33,22.5,1.0,2.3,0.433,2.2,0.3,0.8,0.333,0.492
2013-14,202970,Gustavo Ayon,1610612737,ATL,26,12,14,16.5,0.0,0.0,0.0,0.0,,,,0.0
2013-14,202380,Hamady Ndiaye,1610612758,SAC,14,5,9,5.3,0.0,0.0,,0.0,,,,
2013-14,203084,Harrison Barnes,1610612744,GSW,78,48,30,28.3,0.6,2.1,0.294,1.3,0.0,0.2,0.2,0.304
2013-14,201934,Hasheem Thabeet,1610612760,OKC,23,18,5,8.4,0.0,0.0,,0.0,,,,
2013-14,2045,Hedo Turkoglu,1610612746,LAC,38,27,11,10.3,0.3,0.9,0.278,0.7,0.1,0.3,0.385,0.347
2013-14,203156,Henry Sims,1610612755,PHI,46,11,35,19.0,0.0,0.2,0.2,0.1,0.0,0.0,0.0,0.2
2013-14,200756,Hilton Armstrong,1610612744,GSW,15,12,3,6.4,0.1,0.3,0.25,0.1,,,,0.25
2013-14,203138,Hollis Thompson,1610612755,PHI,77,18,59,22.6,0.2,0.5,0.324,0.4,0.0,0.1,0.333,0.365
2013-14,203546,Ian Clark,1610612762,UTA,23,3,20,7.5,0.2,0.6,0.308,0.4,0.0,0.1,0.333,0.346
2013-14,101133,Ian Mahinmi,1610612754,IND,77,51,26,16.2,0.0,0.0,,0.0,0.0,0.0,,
2013-14,202697,Iman Shumpert,1610612752,NYK,74,36,38,26.5,0.7,1.9,0.361,1.5,0.1,0.4,0.267,0.389
2013-14,203477,Isaiah Canaan,1610612745,HOU,22,14,8,11.5,0.3,1.0,0.261,0.7,0.2,0.8,0.222,0.348
2013-14,202738,Isaiah Thomas,1610612758,SAC,72,26,46,34.7,2.8,6.8,0.414,6.6,0.9,2.9,0.325,0.483
2013-14,202397,Ish Smith,1610612756,PHX,70,39,31,14.4,0.4,1.0,0.375,0.8,0.0,0.1,0.143,0.382
2013-14,200826,J.J. Barea,1610612750,MIN,79,40,39,18.6,1.2,3.4,0.348,2.9,0.5,1.8,0.303,0.428
2013-14,201581,JJ Hickson,1610612743,DEN,69,31,38,26.9,0.2,0.8,0.259,0.4,0.0,0.0,0.0,0.259
2013-14,200755,JJ Redick,1610612746,LAC,35,24,11,28.2,1.5,3.3,0.457,3.4,0.3,1.0,0.353,0.509
2013-14,2747,JR Smith,1610612752,NYK,74,34,40,32.7,1.9,5.4,0.348,4.1,0.4,1.7,0.228,0.383
2013-14,201580,JaVale McGee,1610612743,DEN,5,1,4,15.9,0.2,0.6,0.333,0.4,,,,0.333
2013-14,203109,Jae Crowder,1610612742,DAL,78,47,31,16.1,0.2,0.6,0.34,0.4,0.0,0.1,0.25,0.362
2013-14,203479,Jamaal Franklin,1610612763,MEM,21,11,10,7.7,0.1,0.5,0.273,0.3,0.0,0.0,1.0,0.318
2013-14,2224,Jamaal Tinsley,1610612762,UTA,8,0,8,13.8,0.1,0.1,1.0,0.3,0.0,0.0,,1.0
2013-14,2037,Jamal Crawford,1610612746,LAC,69,47,22,30.4,2.7,6.4,0.423,6.2,0.7,2.0,0.362,0.481
2013-14,2749,Jameer Nelson,1610612753,ORL,68,21,47,32.0,1.6,4.7,0.343,4.3,1.1,3.0,0.361,0.458
2013-14,202341,James Anderson,1610612755,PHI,80,19,61,28.9,0.5,1.6,0.331,1.3,0.2,0.8,0.258,0.396
2013-14,201935,James Harden,1610612745,HOU,73,48,25,38.0,2.6,6.4,0.4,6.3,1.1,3.2,0.355,0.488
2013-14,201949,James Johnson,1610612763,MEM,52,33,19,18.4,0.2,0.7,0.237,0.4,0.0,0.3,0.067,0.25
2013-14,2592,James Jones,1610612748,MIA,20,15,5,11.8,0.2,0.4,0.375,0.4,0.1,0.2,0.667,0.5
2013-14,203263,James Nunnally,1610612755,PHI,13,3,10,12.7,0.0,0.7,0.0,0.0,0.0,0.2,0.0,0.0
2013-14,203480,James Southerland,1610612740,NOP,4,2,2,7.5,0.0,1.0,0.0,0.0,0.0,0.0,,0.0
2013-14,202686,Jan Vesely,1610612743,DEN,54,22,32,14.4,0.0,0.1,0.25,0.0,,,,0.25
2013-14,2457,Jannero Pargo,1610612766,CHA,29,15,14,8.3,1.1,2.3,0.471,2.5,0.3,0.9,0.32,0.529
2013-14,203099,Jared Cunningham,1610612758,SAC,13,5,8,6.2,0.1,0.4,0.2,0.2,0.0,0.1,0.0,0.2
2013-14,201162,Jared Dudley,1610612746,LAC,74,51,23,23.4,0.3,0.7,0.469,0.6,0.0,0.0,1.0,0.48
2013-14,203096,Jared Sullinger,1610612738,BOS,74,23,51,27.6,0.5,1.5,0.358,1.1,0.0,0.1,0.0,0.358
2013-14,101127,Jarrett Jack,1610612739,CLE,80,32,48,28.2,2.0,5.1,0.399,4.4,0.3,1.0,0.303,0.427
2013-14,202363,Jarvis Varnado,1610612755,PHI,24,5,19,14.1,0.0,0.1,0.333,0.1,,,,0.333
2013-14,2215,Jason Collins,1610612751,BKN,22,16,6,7.8,0.0,0.1,0.333,0.1,0.0,0.0,,0.333
2013-14,101131,Jason Maxiell,1610612753,ORL,34,7,27,14.4,0.1,0.2,0.375,0.2,,,,0.375
2013-14,201160,Jason Smith,1610612740,NOP,31,11,20,26.8,0.2,0.4,0.5,0.4,,,,0.5
2013-14,1891,Jason Terry,1610612751,BKN,35,17,18,16.3,0.4,1.2,0.366,1.1,0.3,0.6,0.455,0.488
2013-14,201574,Jason Thompson,1610612758,SAC,82,28,54,24.5,0.1,0.3,0.455,0.2,,,,0.455
2013-14,202399,Jeff Adrien,1610612749,MIL,53,17,36,18.1,0.1,0.5,0.28,0.3,,,,0.28
2013-14,201965,Jeff Ayres,1610612759,SAS,73,55,18,13.0,0.0,0.0,0.333,0.0,,,,0.333
2013-14,201145,Jeff Green,1610612738,BOS,82,25,57,34.2,1.2,4.2,0.291,2.8,0.3,1.3,0.25,0.33
2013-14,201952,Jeff Teague,1610612737,ATL,79,37,42,32.2,1.6,4.0,0.393,3.6,0.5,1.3,0.36,0.45
2013-14,203481,Jeff Withey,1610612740,NOP,58,21,37,11.8,0.0,0.0,,0.0,0.0,0.0,,
2013-14,203106,Jeffery Taylor,1610612766,CHA,26,12,14,24.2,0.2,1.3,0.182,0.5,0.0,0.1,0.0,0.182
2013-14,202379,Jeremy Evans,1610612762,UTA,66,23,43,18.3,0.1,0.3,0.4,0.2,0.0,0.0,,0.4
2013-14,203087,Jeremy Lamb,1610612760,OKC,78,57,21,19.7,0.9,2.1,0.407,1.9,0.2,0.6,0.267,0.443
2013-14,202391,Jeremy Lin,1610612745,HOU,71,48,23,28.9,0.8,2.5,0.345,1.9,0.2,0.9,0.27,0.394
2013-14,202719,Jeremy Tyler,1610612752,NYK,41,20,21,9.7,0.1,0.2,0.556,0.2,,,,0.556
2013-14,979,Jermaine O'Neal,1610612744,GSW,44,27,17,20.1,0.2,0.4,0.368,0.3,,,,0.368
2013-14,201573,Jerryd Bayless,1610612738,BOS,72,24,48,23.4,1.5,3.8,0.386,3.1,0.2,0.6,0.3,0.408
2013-14,202690,Jimmer Fredette,1610612741,CHI,49,20,29,10.6,1.1,2.2,0.473,2.5,0.4,0.9,0.465,0.564
2013-14,202710,Jimmy Butler,1610612741,CHI,67,43,24,38.7,0.7,2.2,0.32,1.5,0.0,0.4,0.103,0.33
2013-14,201149,Joakim Noah,1610612741,CHI,80,48,32,35.2,0.1,0.3,0.308,0.2,0.0,0.0,0.0,0.308
2013-14,201975,Jodie Meeks,1610612747,LAL,77,25,52,33.2,0.9,2.6,0.351,2.3,0.4,1.2,0.355,0.433
2013-14,2207,Joe Johnson,1610612751,BKN,79,43,36,32.6,1.7,4.1,0.407,3.7,0.3,0.8,0.387,0.443
2013-14,201202,Joel Anthony,1610612738,BOS,33,16,17,5.6,0.0,0.1,0.25,0.1,,,,0.25
2013-14,200777,Joel Freeland,1610612757,POR,52,37,15,14.0,0.0,0.1,0.0,0.0,0.0,0.0,,0.0
2013-14,203089,John Henson,1610612749,MIL,70,12,58,26.5,0.1,0.4,0.258,0.2,0.0,0.0,,0.258
2013-14,203098,John Jenkins,1610612737,ATL,13,6,7,12.1,0.2,0.3,0.5,0.4,0.1,0.2,0.5,0.625
2013-14,101249,John Lucas III,1610612762,UTA,42,10,32,14.1,0.5,1.6,0.318,1.0,0.0,0.1,0.0,0.318
2013-14,2422,John Salmons,1610612761,TOR,78,46,32,22.1,0.8,2.1,0.364,1.6,0.1,0.2,0.235,0.377
2013-14,202322,John Wall,1610612764,WAS,82,44,38,36.3,3.0,8.6,0.341,6.4,0.5,1.8,0.258,0.369
2013-14,202720,Jon Leuer,1610612763,MEM,49,24,25,13.1,0.2,0.4,0.409,0.4,0.0,0.0,,0.409
2013-14,201973,Jonas Jerebko,1610612765,DET,64,23,41,11.6,0.1,0.4,0.333,0.3,0.0,0.0,0.0,0.333
2013-14,202685,Jonas Valanciunas,1610612761,TOR,81,47,34,28.2,0.0,0.1,0.6,0.1,0.0,0.0,,0.6
2013-14,202348,Jordan Crawford,1610612744,GSW,81,39,42,23.0,1.7,4.4,0.391,3.9,0.5,1.6,0.292,0.444
2013-14,200770,Jordan Farmar,1610612747,LAL,41,16,25,22.3,1.4,3.7,0.377,3.5,0.7,1.6,0.418,0.47
2013-14,202706,Jordan Hamilton,1610612745,HOU,60,31,29,17.0,0.5,1.5,0.318,1.2,0.2,0.8,0.292,0.398
2013-14,201941,Jordan Hill,1610612747,LAL,72,24,48,20.8,0.1,0.3,0.227,0.1,0.0,0.0,,0.227
2013-14,203268,Jorge Gutierrez,1610612751,BKN,15,8,7,16.3,0.1,0.3,0.2,0.1,0.0,0.0,,0.2
2013-14,101181,Jose Calderon,1610612742,DAL,81,49,32,30.5,1.5,3.6,0.421,3.4,0.4,1.0,0.385,0.473
2013-14,2735,Josh Childress,1610612740,NOP,4,2,2,6.0,0.0,0.0,,0.0,,,,
2013-14,202725,Josh Harrellson,1610612765,DET,32,12,20,9.9,0.1,0.1,0.75,0.2,0.0,0.0,,0.75
2013-14,201177,Josh McRoberts,1610612766,CHA,78,39,39,30.3,0.2,0.4,0.4,0.4,0.0,0.1,0.333,0.443
2013-14,2694,Josh Powell,1610612745,HOU,1,0,1,19.4,0.0,0.0,,0.0,,,,
2013-14,2746,Josh Smith,1610612765,DET,77,28,49,35.5,0.6,2.3,0.269,1.3,0.0,0.2,0.167,0.277
2013-14,201950,Jrue Holiday,1610612740,NOP,34,15,19,33.6,2.6,6.2,0.412,5.6,0.5,1.4,0.375,0.455
2013-14,202933,Julyan Stone,1610612761,TOR,21,9,12,5.7,0.0,0.0,0.0,0.0,0.0,0.0,,0.0
2013-14,203120,Justin Hamilton,1610612748,MIA,8,4,4,9.0,0.0,0.0,,0.0,0.0,0.0,,
2013-14,202695,Kawhi Leonard,1610612759,SAS,66,54,12,29.1,1.1,2.6,0.436,2.4,0.1,0.4,0.375,0.462
2013-14,2586,Keith Bogans,1610612738,BOS,6,1,5,9.2,0.0,0.0,,0.0,0.0,0.0,,
2013-14,203482,Kelly Olynyk,1610612738,BOS,70,18,52,20.0,0.1,0.6,0.2,0.3,0.0,0.1,0.4,0.225
2013-14,202689,Kemba Walker,1610612766,CHA,73,38,35,35.8,2.8,7.4,0.381,6.2,0.5,1.5,0.348,0.418
2013-14,203088,Kendall Marshall,1610612747,LAL,54,14,40,29.0,0.8,2.4,0.352,1.9,0.3,0.7,0.378,0.406
2013-14,2570,Kendrick Perkins,1610612760,OKC,62,48,14,19.5,0.0,0.1,0.0,0.0,0.0,0.0,0.0,0.0
2013-14,202702,Kenneth Faried,1610612743,DEN,80,36,44,27.2,0.2,0.5,0.317,0.3,0.0,0.0,,0.317
2013-14,203145,Kent Bazemore,1610612747,LAL,67,35,32,13.6,0.7,1.9,0.364,1.7,0.3,1.0,0.328,0.446
2013-14,203484,Kentavious Caldwell-Pope,1610612765,DET,80,28,52,19.8,0.4,1.2,0.323,0.8,0.1,0.2,0.235,0.344
2013-14,2030,Kenyon Martin,1610612752,NYK,32,13,19,19.8,0.0,0.0,0.0,0.0,0.0,0.0,,0.0
2013-14,201142,Kevin Durant,1610612760,OKC,81,58,23,38.5,3.7,8.3,0.439,8.5,1.1,2.8,0.408,0.508
2013-14,708,Kevin Garnett,1610612751,BKN,54,27,27,20.5,0.7,2.0,0.358,1.4,0.0,0.0,0.0,0.358
2013-14,201567,Kevin Love,1610612750,MIN,77,39,38,36.3,1.2,3.5,0.333,2.8,0.5,1.3,0.34,0.399
2013-14,2755,Kevin Martin,1610612750,MIN,68,32,36,32.0,1.8,4.9,0.367,3.9,0.3,0.8,0.37,0.397
2013-14,202338,Kevin Seraphin,1610612764,WAS,53,25,28,10.9,0.0,0.2,0.154,0.1,,,,0.154
2013-14,203114,Khris Middleton,1610612749,MIL,82,15,67,30.0,1.3,3.1,0.411,2.7,0.1,0.3,0.357,0.43
2013-14,2550,Kirk Hinrich,1610612741,CHI,73,45,28,29.0,1.3,3.6,0.366,2.9,0.2,0.9,0.281,0.4
2013-14,202691,Klay Thompson,1610612744,GSW,81,51,30,35.4,1.5,4.0,0.386,3.2,0.2,0.8,0.206,0.406
2013-14,977,Kobe Bryant,1610612747,LAL,6,2,4,29.5,2.3,5.5,0.424,5.0,0.3,1.3,0.25,0.455
2013-14,201585,Kosta Koufos,1610612763,MEM,80,48,32,16.9,0.0,0.2,0.143,0.1,,,,0.143
2013-14,2743,Kris Humphries,1610612738,BOS,69,22,47,19.9,0.3,0.8,0.4,0.6,0.0,0.0,0.0,0.4
2013-14,2594,Kyle Korver,1610612737,ATL,71,37,34,33.9,0.8,2.0,0.414,1.9,0.2,0.5,0.385,0.466
2013-14,200768,Kyle Lowry,1610612761,TOR,79,45,34,36.2,1.9,5.7,0.336,4.9,1.0,3.1,0.332,0.428
2013-14,203124,Kyle O'Quinn,1610612753,ORL,69,20,49,17.2,0.1,0.3,0.421,0.2,0.0,0.0,,0.421
2013-14,202713,Kyle Singler,1610612765,DET,82,29,53,28.5,0.4,1.0,0.369,0.8,0.0,0.2,0.2,0.387
2013-14,202681,Kyrie Irving,1610612739,CLE,71,28,43,35.2,3.6,8.6,0.42,8.3,1.0,2.5,0.418,0.48
2013-14,200746,LaMarcus Aldridge,1610612757,POR,69,46,23,36.2,2.6,6.5,0.396,5.1,0.0,0.1,0.167,0.397
2013-14,202362,Lance Stephenson,1610612754,IND,78,53,25,35.3,1.1,2.7,0.401,2.3,0.2,0.6,0.37,0.442
2013-14,202498,Lance Thomas,1610612740,NOP,5,3,2,8.4,0.0,0.0,,0.0,,,,
2013-14,202361,Landry Fields,1610612761,TOR,30,14,16,10.7,0.0,0.3,0.111,0.1,0.0,0.0,,0.111
2013-14,202336,Larry Sanders,1610612749,MIL,23,3,20,25.4,0.0,0.6,0.077,0.1,0.0,0.0,,0.077
2013-14,202730,Lavoy Allen,1610612754,IND,65,18,47,16.5,0.1,0.1,0.625,0.2,0.0,0.0,,0.625
2013-14,2544,LeBron James,1610612748,MIA,77,52,25,37.7,2.0,5.6,0.367,4.7,0.7,2.0,0.336,0.426
2013-14,2571,Leandro Barbosa,1610612756,PHX,20,12,8,18.4,0.3,1.2,0.25,0.6,0.0,0.1,0.0,0.25
2013-14,203485,Lorenzo Brown,1610612755,PHI,26,2,24,8.6,0.2,0.9,0.25,0.5,0.0,0.4,0.091,0.271
2013-14,200811,Lou Amundson,1610612741,CHI,19,11,8,9.7,0.0,0.0,,0.0,,,,
2013-14,101150,Lou Williams,1610612737,ATL,60,26,34,24.1,1.2,3.6,0.343,3.0,0.6,1.6,0.347,0.423
2013-14,201601,Luc Mbah a Moute,1610612750,MIN,64,31,33,15.7,0.0,0.2,0.182,0.1,0.0,0.0,,0.182
2013-14,2449,Luis Scola,1610612754,IND,82,56,26,17.1,0.1,0.2,0.474,0.2,0.0,0.0,,0.474
2013-14,202337,Luke Babbitt,1610612740,NOP,27,9,18,17.5,0.4,1.0,0.393,0.9,0.1,0.2,0.6,0.446
2013-14,2557,Luke Ridnour,1610612766,CHA,61,22,39,18.7,1.1,2.9,0.386,2.5,0.2,0.7,0.341,0.426
2013-14,2736,Luol Deng,1610612739,CLE,63,29,34,35.1,1.5,3.5,0.427,3.1,0.1,0.3,0.364,0.445
2013-14,203146,Maalik Wayns,1610612746,LAC,2,2,0,4.7,0.5,1.0,0.5,1.0,,,,0.5
2013-14,202952,Malcolm Thomas,1610612762,UTA,8,2,6,7.8,0.0,0.0,,0.0,0.0,0.0,,
2013-14,202412,Manny Harris,1610612747,LAL,9,2,7,20.0,0.7,2.0,0.333,1.6,0.2,0.4,0.5,0.389
2013-14,1938,Manu Ginobili,1610612759,SAS,68,52,16,22.8,0.7,2.0,0.331,1.6,0.3,0.9,0.306,0.399
2013-14,202705,MarShon Brooks,1610612747,LAL,35,13,22,9.0,0.3,1.0,0.278,0.7,0.1,0.3,0.4,0.333
2013-14,201188,Marc Gasol,1610612763,MEM,59,40,19,33.4,0.4,1.0,0.426,0.9,0.0,0.1,0.167,0.434
2013-14,101162,Marcin Gortat,1610612764,WAS,81,44,37,32.8,0.3,0.9,0.391,0.7,0.0,0.0,,0.391
2013-14,201158,Marco Belinelli,1610612759,SAS,80,61,19,25.2,0.8,1.8,0.452,1.8,0.2,0.6,0.295,0.497
2013-14,202694,Marcus Morris Sr.,1610612756,PHX,82,48,34,21.9,0.9,2.4,0.397,1.9,0.1,0.2,0.278,0.41
2013-14,201977,Marcus Thornton,1610612751,BKN,72,33,39,24.2,0.7,2.0,0.356,1.7,0.2,0.8,0.279,0.414
2013-14,201596,Mario Chalmers,1610612748,MIA,73,49,24,29.8,0.4,1.0,0.373,0.9,0.1,0.4,0.313,0.44
2013-14,202693,Markieff Morris,1610612756,PHX,81,47,34,26.6,1.0,2.3,0.433,2.0,0.0,0.1,0.143,0.436
2013-14,203104,Marquis Teague,1610612751,BKN,40,20,20,11.1,0.2,0.9,0.235,0.5,0.1,0.2,0.25,0.265
2013-14,201578,Marreese Speights,1610612744,GSW,79,48,31,12.4,0.2,0.7,0.328,0.5,0.0,0.0,0.0,0.328
2013-14,101110,Martell Webster,1610612764,WAS,78,42,36,27.7,0.3,1.2,0.278,0.7,0.1,0.3,0.16,0.3
2013-14,101107,Marvin Williams,1610612762,UTA,66,24,42,25.4,0.3,0.7,0.413,0.7,0.1,0.2,0.417,0.467
2013-14,203486,Mason Plumlee,1610612751,BKN,70,37,33,18.2,0.0,0.1,0.0,0.0,0.0,0.0,0.0,0.0
2013-14,2440,Matt Barnes,1610612746,LAC,63,45,18,27.5,0.1,0.4,0.28,0.3,0.0,0.2,0.2,0.32
2013-14,2588,Matt Bonner,1610612759,SAS,61,43,18,11.3,0.1,0.3,0.389,0.2,0.0,0.0,1.0,0.417
2013-14,203521,Matthew Dellavedova,1610612739,CLE,72,29,43,17.7,0.4,1.0,0.391,0.8,0.1,0.3,0.318,0.442
2013-14,203090,Maurice Harkless,1610612753,ORL,80,22,58,24.4,0.2,0.7,0.339,0.6,0.1,0.3,0.3,0.393
2013-14,2408,Melvin Ely,1610612740,NOP,2,2,0,13.6,0.0,0.0,,0.0,,,,
2013-14,1897,Metta World Peace,1610612752,NYK,29,10,19,13.4,0.5,1.4,0.35,1.0,0.1,0.4,0.182,0.375
2013-14,203086,Meyers Leonard,1610612757,POR,40,20,20,8.9,0.1,0.2,0.5,0.2,0.0,0.1,0.0,0.5
2013-14,201563,Michael Beasley,1610612748,MIA,55,36,19,15.1,0.4,1.2,0.358,0.9,0.0,0.1,0.167,0.366
2013-14,203487,Michael Carter-Williams,1610612755,PHI,70,18,52,34.5,1.3,3.9,0.336,2.9,0.3,1.1,0.247,0.37
2013-14,203077,Michael Kidd-Gilchrist,1610612766,CHA,62,35,27,24.2,0.1,0.2,0.462,0.2,0.0,0.0,,0.462
2013-14,201144,Mike Conley,1610612763,MEM,73,46,27,33.5,2.1,5.2,0.413,4.7,0.5,1.4,0.343,0.458
2013-14,2399,Mike Dunleavy,1610612741,CHI,82,48,34,31.5,0.8,1.7,0.453,1.7,0.2,0.3,0.607,0.514
2013-14,200839,Mike Harris,1610612762,UTA,20,1,19,11.2,0.2,0.4,0.375,0.3,0.0,0.0,,0.375
2013-14,2229,Mike James,1610612741,CHI,11,3,8,7.0,0.2,0.7,0.25,0.4,0.0,0.0,,0.25
2013-14,2034,Mike Miller,1610612763,MEM,82,50,32,20.8,0.5,1.0,0.474,1.0,0.1,0.1,0.6,0.513
2013-14,203488,Mike Muscala,1610612737,ATL,20,10,10,10.7,0.0,0.3,0.0,0.0,0.0,0.0,,0.0
2013-14,203118,Mike Scott,1610612737,ATL,80,36,44,18.5,0.1,0.3,0.231,0.2,0.0,0.1,0.0,0.231
2013-14,203101,Miles Plumlee,1610612756,PHX,80,47,33,24.5,0.0,0.2,0.143,0.1,,,,0.143
2013-14,203545,Miroslav Raduljica,1610612749,MIL,48,7,41,9.7,0.0,0.0,0.5,0.0,,,,0.5
2013-14,203141,Mirza Teletovic,1610612751,BKN,72,41,31,19.4,0.3,0.7,0.404,0.7,0.1,0.2,0.353,0.462
2013-14,2590,Mo Williams,1610612757,POR,74,49,25,24.8,2.0,4.8,0.408,4.2,0.3,1.1,0.295,0.441
2013-14,101145,Monta Ellis,1610612742,DAL,82,49,33,36.9,2.3,6.0,0.378,4.7,0.2,0.9,0.205,0.393
2013-14,201203,Mustafa Shakur,1610612760,OKC,3,2,1,3.8,0.0,0.0,,0.0,0.0,0.0,,
2013-14,201986,Nando De Colo,1610612761,TOR,47,36,11,10.5,0.4,1.1,0.34,0.8,0.1,0.3,0.333,0.38
2013-14,101126,Nate Robinson,1610612743,DEN,44,22,22,19.7,1.3,3.8,0.352,3.2,0.6,1.5,0.373,0.427
2013-14,203489,Nate Wolters,1610612749,MIL,58,10,48,22.6,0.8,2.2,0.362,1.7,0.1,0.3,0.278,0.381
2013-14,1737,Nazr Mohammed,1610612741,CHI,80,47,33,7.0,0.1,0.1,0.4,0.1,,,,0.4
2013-14,203517,Nemanja Nedovic,1610612744,GSW,24,17,7,5.9,0.1,0.5,0.231,0.3,0.0,0.2,0.2,0.269
2013-14,2403,Nene,1610612764,WAS,53,30,23,29.4,0.2,0.5,0.308,0.3,0.0,0.0,0.0,0.308
2013-14,201979,Nick Calathes,1610612763,MEM,71,42,29,16.5,0.4,1.1,0.321,0.8,0.0,0.2,0.143,0.333
2013-14,2555,Nick Collison,1610612760,OKC,81,58,23,16.7,0.1,0.1,0.417,0.1,0.0,0.0,,0.417
2013-14,201156,Nick Young,1610612747,LAL,64,21,43,28.3,2.5,6.2,0.406,5.7,0.7,1.8,0.362,0.458
2013-14,201587,Nicolas Batum,1610612757,POR,82,54,28,36.0,1.0,2.7,0.376,2.3,0.3,1.0,0.266,0.424
2013-14,201593,Nikola Pekovic,1610612750,MIN,54,27,27,30.8,0.1,0.3,0.389,0.3,,,,0.389
2013-14,202696,Nikola Vucevic,1610612753,ORL,57,19,38,31.8,0.2,0.5,0.357,0.4,,,,0.357
2013-14,202708,Norris Cole,1610612748,MIA,82,54,28,24.6,0.5,1.3,0.402,1.1,0.0,0.1,0.182,0.411
2013-14,201564,O.J. Mayo,1610612749,MIL,52,10,42,25.9,1.5,3.6,0.428,3.4,0.3,1.0,0.36,0.476
2013-14,203136,Ognjen Kuzmic,1610612744,GSW,21,16,5,4.4,0.0,0.1,0.0,0.0,,,,0.0
2013-14,201600,Omer Asik,1610612745,HOU,48,32,16,20.2,0.0,0.0,0.0,0.0,,,,0.0
2013-14,201956,Omri Casspi,1610612745,HOU,71,46,25,18.1,0.2,0.7,0.34,0.5,0.1,0.2,0.313,0.39
2013-14,203111,Orlando Johnson,1610612758,SAC,45,34,11,8.7,0.1,0.4,0.25,0.2,0.0,0.1,0.0,0.25
2013-14,201785,Othyus Jeffers,1610612750,MIN,6,2,4,7.8,0.0,0.0,,0.0,0.0,0.0,,
2013-14,203490,Otto Porter Jr.,1610612764,WAS,37,20,17,8.6,0.1,0.5,0.263,0.3,0.0,0.1,0.5,0.289
2013-14,200782,P.J. Tucker,1610612756,PHX,81,48,33,30.7,0.3,0.8,0.348,0.6,0.0,0.1,0.3,0.371
2013-14,203143,Pablo Prigioni,1610612752,NYK,66,29,37,19.4,0.4,1.0,0.438,1.2,0.3,0.7,0.489,0.617
2013-14,201976,Patrick Beverley,1610612745,HOU,56,39,17,31.3,0.3,1.2,0.292,0.8,0.1,0.5,0.25,0.346
2013-14,202335,Patrick Patterson,1610612761,TOR,65,37,28,23.6,0.2,0.6,0.417,0.5,0.0,0.0,0.0,0.417
2013-14,201988,Patty Mills,1610612759,SAS,81,62,19,18.9,1.7,3.6,0.46,3.9,0.6,1.1,0.484,0.538
2013-14,2200,Pau Gasol,1610612747,LAL,60,21,39,31.4,0.5,1.3,0.364,0.9,0.0,0.0,0.0,0.364
2013-14,202331,Paul George,1610612754,IND,80,54,26,36.2,2.4,6.5,0.37,5.3,0.5,2.0,0.247,0.408
2013-14,200794,Paul Millsap,1610612737,ATL,74,36,38,33.5,0.7,1.9,0.386,1.5,0.1,0.1,0.4,0.4
2013-14,1718,Paul Pierce,1610612751,BKN,75,42,33,28.0,1.0,2.5,0.424,2.1,0.1,0.3,0.208,0.438
2013-14,203544,Pero Antic,1610612737,ATL,50,23,27,18.5,0.1,0.3,0.412,0.3,0.0,0.1,0.25,0.441
2013-14,203103,Perry Jones III,1610612760,OKC,62,45,17,12.3,0.1,0.3,0.381,0.3,0.0,0.1,0.25,0.405
2013-14,203491,Peyton Siva,1610612765,DET,24,9,15,9.3,0.3,0.9,0.381,0.9,0.3,0.7,0.353,0.524
2013-14,203515,Phil Pressey,1610612738,BOS,75,23,52,15.1,0.3,1.1,0.226,0.6,0.1,0.3,0.174,0.25
2013-14,203112,Quincy Acy,1610612758,SAC,63,22,41,13.5,0.0,0.1,0.5,0.1,0.0,0.0,,0.5
2013-14,203113,Quincy Miller,1610612743,DEN,52,21,31,15.2,0.3,1.2,0.29,0.8,0.1,0.3,0.231,0.315
2013-14,202347,Quincy Pondexter,1610612763,MEM,15,7,8,18.0,0.3,0.9,0.357,0.7,0.1,0.2,0.333,0.393
2013-14,200765,Rajon Rondo,1610612738,BOS,30,6,24,33.3,1.5,3.8,0.4,3.6,0.5,1.7,0.32,0.47
2013-14,201196,Ramon Sessions,1610612749,MIL,83,30,53,26.7,0.6,2.0,0.303,1.3,0.1,0.5,0.256,0.333
2013-14,200751,Randy Foye,1610612743,DEN,81,36,45,30.7,1.4,3.4,0.414,3.5,0.7,1.8,0.387,0.513
2013-14,1740,Rashard Lewis,1610612748,MIA,60,41,19,16.2,0.1,0.4,0.364,0.3,0.0,0.0,1.0,0.386
2013-14,2446,Rasual Butler,1610612754,IND,50,30,20,7.6,0.3,0.6,0.571,0.7,0.1,0.1,0.714,0.661
2013-14,951,Ray Allen,1610612748,MIA,73,47,26,26.5,0.6,1.4,0.402,1.2,0.1,0.4,0.222,0.431
2013-14,203492,Ray McCallum,1610612758,SAC,45,16,29,19.9,0.7,2.6,0.261,1.4,0.0,0.2,0.222,0.269
2013-14,101109,Raymond Felton,1610612752,NYK,65,31,34,31.0,1.2,3.4,0.368,2.8,0.3,1.0,0.258,0.407
2013-14,203493,Reggie Bullock Jr.,1610612746,LAC,43,30,13,9.2,0.2,0.5,0.348,0.4,0.0,0.2,0.286,0.391
2013-14,2501,Reggie Evans,1610612758,SAC,54,18,36,16.6,0.0,0.0,,0.0,,,,
2013-14,202704,Reggie Jackson,1610612760,OKC,80,57,23,28.5,1.5,4.1,0.378,3.4,0.3,1.0,0.321,0.418
2013-14,202130,Reggie Williams,1610612760,OKC,3,3,0,5.6,1.3,1.7,0.8,2.7,0.0,0.3,0.0,0.8
2013-14,2210,Richard Jefferson,1610612762,UTA,82,25,57,27.0,0.5,1.4,0.33,1.0,0.1,0.3,0.429,0.371
2013-14,203495,Ricky Ledo,1610612742,DAL,11,5,6,3.0,0.1,0.5,0.2,0.3,0.1,0.2,0.5,0.3
2013-14,201937,Ricky Rubio,1610612750,MIN,82,40,42,32.2,0.7,2.4,0.299,1.5,0.0,0.1,0.273,0.307
2013-14,203133,Robbie Hummel,1610612750,MIN,53,26,27,12.4,0.2,0.6,0.303,0.4,0.0,0.1,0.0,0.303
2013-14,203496,Robert Covington,1610612745,HOU,7,4,3,4.8,0.0,0.0,,0.0,0.0,0.0,,
2013-14,203135,Robert Sacre,1610612747,LAL,65,20,45,16.8,0.1,0.4,0.25,0.2,,,,0.25
2013-14,201577,Robin Lopez,1610612757,POR,82,54,28,31.8,0.1,0.3,0.24,0.1,0.0,0.0,0.0,0.24
2013-14,201155,Rodney Stuckey,1610612765,DET,73,27,46,26.7,1.5,3.8,0.391,3.0,0.0,0.1,0.0,0.391
2013-14,2427,Roger Mason Jr.,1610612748,MIA,25,18,7,10.4,0.4,0.7,0.529,0.9,0.2,0.3,0.571,0.647
2013-14,200758,Ronnie Brewer,1610612741,CHI,24,17,7,6.7,0.0,0.1,0.0,0.0,0.0,0.0,,0.0
2013-14,101179,Ronnie Price,1610612753,ORL,31,9,22,12.2,0.4,1.2,0.289,0.8,0.1,0.5,0.143,0.316
2013-14,101142,Ronny Turiaf,1610612750,MIN,31,16,15,19.5,0.0,0.1,0.5,0.1,,,,0.5
2013-14,201579,Roy Hibbert,1610612754,IND,81,55,26,29.7,0.3,0.7,0.382,0.5,0.0,0.0,1.0,0.391
2013-14,2767,Royal Ivey,1610612760,OKC,2,2,0,2.4,0.0,1.0,0.0,0.0,0.0,0.5,0.0,0.0
2013-14,203091,Royce White,1610612758,SAC,3,1,2,3.0,0.0,0.0,,0.0,,,,
2013-14,200752,Rudy Gay,1610612758,SAC,73,27,46,34.7,2.3,5.6,0.415,4.9,0.3,0.8,0.306,0.438
2013-14,203497,Rudy Gobert,1610612762,UTA,45,7,38,9.6,0.0,0.0,,0.0,,,,
2013-14,201566,Russell Westbrook,1610612760,OKC,46,34,12,30.7,3.4,8.7,0.394,7.9,1.1,3.3,0.336,0.459
2013-14,201583,Ryan Anderson,1610612740,NOP,22,12,10,36.1,1.5,3.3,0.438,3.0,0.1,0.4,0.222,0.452
2013-14,101155,Ryan Gomes,1610612760,OKC,5,3,2,6.9,0.2,0.6,0.333,0.4,0.0,0.0,,0.333
2013-14,200797,Ryan Hollins,1610612746,LAC,61,43,18,7.9,0.0,0.0,,0.0,,,,
2013-14,203527,Ryan Kelly,1610612747,LAL,59,15,44,22.2,0.5,1.2,0.386,0.9,0.0,0.1,0.333,0.393
2013-14,2223,Samuel Dalembert,1610612742,DAL,80,48,32,20.2,0.0,0.1,0.429,0.1,0.0,0.0,0.0,0.429
2013-14,2756,Sasha Vujacic,1610612746,LAC,2,1,1,5.2,0.0,0.0,,0.0,0.0,0.0,,
2013-14,203816,Scotty Hopson,1610612739,CLE,2,2,0,3.4,0.0,1.0,0.0,0.0,0.0,0.5,0.0,0.0
2013-14,201586,Serge Ibaka,1610612760,OKC,81,59,22,32.9,0.3,0.8,0.361,0.6,0.0,0.0,1.0,0.369
2013-14,203508,Sergey Karasev,1610612739,CLE,22,7,15,7.1,0.1,0.3,0.286,0.2,0.0,0.0,,0.286
2013-14,203552,Seth Curry,1610612739,CLE,2,1,1,6.5,0.0,0.5,0.0,0.0,0.0,0.0,,0.0
2013-14,203498,Shabazz Muhammad,1610612750,MIN,37,21,16,7.8,0.4,0.7,0.6,0.8,0.0,0.0,0.0,0.6
2013-14,2203,Shane Battier,1610612748,MIA,73,49,24,20.1,0.0,0.2,0.2,0.1,0.0,0.1,0.125,0.233
2013-14,202197,Shane Edwards,1610612739,CLE,2,0,2,5.9,0.0,0.0,,0.0,,,,
2013-14,203499,Shane Larkin,1610612742,DAL,48,26,22,10.2,0.3,1.0,0.32,0.7,0.1,0.2,0.3,0.35
2013-14,200769,Shannon Brown,1610612752,NYK,29,19,10,8.7,0.2,0.9,0.24,0.4,0.0,0.0,,0.24
2013-14,2733,Shaun Livingston,1610612751,BKN,76,42,34,26.0,1.0,2.2,0.457,2.0,0.0,0.0,0.0,0.457
2013-14,101183,Shavlik Randolph,1610612756,PHX,14,8,6,6.8,0.0,0.0,,0.0,,,,
2013-14,1890,Shawn Marion,1610612742,DAL,76,44,32,31.7,0.4,1.1,0.354,0.8,0.0,0.0,0.0,0.354
2013-14,200761,Shawne Williams,1610612747,LAL,36,14,22,20.9,0.2,0.5,0.333,0.4,0.0,0.1,0.2,0.361
2013-14,202714,Shelvin Mack,1610612737,ATL,73,33,40,20.4,0.8,2.4,0.353,2.0,0.3,0.9,0.304,0.413
2013-14,203524,Solomon Hill,1610612754,IND,28,17,11,8.1,0.2,0.3,0.857,0.5,0.1,0.1,1.0,1.071
2013-14,200780,Solomon Jones,1610612753,ORL,11,2,9,7.7,0.0,0.1,0.0,0.0,,,,0.0
2013-14,201150,Spencer Hawes,1610612739,CLE,80,26,54,30.9,0.5,1.0,0.456,1.0,0.1,0.2,0.385,0.487
2013-14,201939,Stephen Curry,1610612744,GSW,78,50,28,36.5,4.5,10.2,0.446,11.1,2.0,5.0,0.403,0.545
2013-14,1536,Stephen Jackson,1610612746,LAC,9,6,3,11.9,0.1,0.3,0.333,0.2,0.0,0.1,0.0,0.333
2013-14,2581,Steve Blake,1610612744,GSW,55,31,24,27.2,0.8,2.6,0.317,2.0,0.3,1.0,0.296,0.372
2013-14,959,Steve Nash,1610612747,LAL,15,4,11,20.8,1.3,3.8,0.351,2.8,0.1,0.7,0.182,0.368
2013-14,200779,Steve Novak,1610612761,TOR,54,28,26,10.0,0.1,0.6,0.25,0.4,0.1,0.3,0.267,0.313
2013-14,203500,Steven Adams,1610612760,OKC,81,59,22,14.8,0.0,0.0,,0.0,,,,
2013-14,201959,Taj Gibson,1610612741,CHI,82,48,34,28.7,0.3,0.9,0.3,0.5,0.0,0.0,,0.3
2013-14,2419,Tayshaun Prince,1610612763,MEM,76,46,30,25.6,0.3,1.3,0.238,0.6,0.0,0.0,0.0,0.238
2013-14,203093,Terrence Jones,1610612745,HOU,76,51,25,27.3,0.1,0.4,0.265,0.3,0.0,0.1,0.111,0.279
2013-14,203082,Terrence Ross,1610612761,TOR,81,47,34,26.7,0.8,2.3,0.342,1.7,0.2,0.6,0.275,0.38
2013-14,200757,Thabo Sefolosha,1610612760,OKC,61,44,17,26.0,0.3,0.7,0.415,0.6,0.0,0.1,0.429,0.451
2013-14,201152,Thaddeus Young,1610612755,PHI,79,18,61,34.4,0.6,1.9,0.313,1.3,0.1,0.4,0.206,0.337
2013-14,203080,Thomas Robinson,1610612757,POR,70,47,23,12.5,0.1,0.3,0.3,0.2,0.0,0.0,,0.3
2013-14,201168,Tiago Splitter,1610612759,SAS,59,46,13,21.5,0.0,0.1,0.25,0.0,0.0,0.0,0.0,0.25
2013-14,1495,Tim Duncan,1610612759,SAS,74,56,18,29.2,0.3,0.9,0.344,0.6,0.0,0.0,,0.344
2013-14,203501,Tim Hardaway Jr.,1610612752,NYK,81,37,44,23.2,0.8,2.0,0.417,1.9,0.2,0.6,0.348,0.466
2013-14,202389,Timofey Mozgov,1610612743,DEN,82,36,46,21.6,0.0,0.1,0.5,0.1,0.0,0.0,0.0,0.5
2013-14,202699,Tobias Harris,1610612753,ORL,61,16,45,30.3,1.0,2.1,0.45,2.0,0.0,0.2,0.2,0.458
2013-14,201962,Toney Douglas,1610612748,MIA,51,33,18,13.2,0.5,1.4,0.333,1.1,0.2,0.9,0.227,0.406
2013-14,2754,Tony Allen,1610612763,MEM,55,31,24,23.2,0.2,0.7,0.27,0.4,0.0,0.1,0.333,0.284
2013-14,203183,Tony Mitchell,1610612749,MIL,3,0,3,3.3,0.0,0.3,0.0,0.0,0.0,0.3,0.0,0.0
2013-14,203502,Tony Mitchell,1610612765,DET,21,6,15,3.8,0.0,0.0,0.0,0.0,0.0,0.0,,0.0
2013-14,2225,Tony Parker,1610612759,SAS,68,51,17,29.4,2.1,4.7,0.456,4.3,0.0,0.1,0.286,0.459
2013-14,203503,Tony Snell,1610612741,CHI,77,46,31,16.0,0.3,0.7,0.434,0.6,0.0,0.2,0.2,0.462
2013-14,203100,Tony Wroten,1610612755,PHI,72,18,54,24.5,0.3,1.3,0.242,0.8,0.2,1.0,0.176,0.311
2013-14,203129,Tornike Shengelia,1610612741,CHI,26,14,12,6.0,0.0,0.0,0.0,0.0,0.0,0.0,,0.0
2013-14,203315,Toure' Murry,1610612752,NYK,51,26,25,7.3,0.5,1.0,0.481,1.0,0.1,0.1,0.6,0.51
2013-14,2566,Travis Outlaw,1610612758,SAC,63,22,41,16.9,0.6,1.6,0.384,1.2,0.0,0.2,0.182,0.394
2013-14,2772,Trevor Ariza,1610612764,WAS,77,41,36,35.4,0.6,1.7,0.356,1.4,0.2,0.5,0.343,0.402
2013-14,202344,Trevor Booker,1610612764,WAS,72,36,36,21.6,0.2,0.3,0.48,0.3,0.0,0.0,,0.48
2013-14,203504,Trey Burke,1610612762,UTA,70,24,46,32.3,1.9,5.1,0.365,4.0,0.3,0.9,0.318,0.394
2013-14,202684,Tristan Thompson,1610612739,CLE,82,33,49,31.6,0.5,1.1,0.416,0.9,0.0,0.0,,0.416
2013-14,203584,Troy Daniels,1610612745,HOU,5,3,2,15.0,1.0,1.8,0.556,2.8,0.8,1.2,0.667,0.778
2013-14,201951,Ty Lawson,1610612743,DEN,62,29,33,35.8,2.2,5.9,0.375,4.9,0.5,1.3,0.354,0.414
2013-14,201946,Tyler Hansbrough,1610612761,TOR,64,38,26,15.3,0.0,0.0,0.0,0.0,0.0,0.0,0.0,0.0
2013-14,203092,Tyler Zeller,1610612739,CLE,70,27,43,15.0,0.1,0.1,0.571,0.1,0.0,0.0,,0.571
2013-14,201936,Tyreke Evans,1610612740,NOP,72,32,40,28.2,0.4,1.8,0.238,0.9,0.1,0.5,0.139,0.258
2013-14,203116,Tyshawn Taylor,1610612751,BKN,23,11,12,11.7,0.3,1.1,0.28,0.7,0.0,0.2,0.2,0.3
2013-14,2199,Tyson Chandler,1610612752,NYK,55,24,31,30.2,0.1,0.1,0.75,0.1,0.0,0.0,,0.75
2013-14,2617,Udonis Haslem,1610612748,MIA,46,30,16,14.2,0.1,0.1,0.5,0.1,,,,0.5
2013-14,203505,Vander Blue,1610612738,BOS,3,1,2,4.9,0.0,0.3,0.0,0.0,0.0,0.0,,0.0
2013-14,203139,Viacheslav Kravtsov,1610612756,PHX,20,13,7,3.0,0.0,0.0,,0.0,,,,
2013-14,201964,Victor Claver,1610612757,POR,21,13,8,8.7,0.0,0.2,0.0,0.0,0.0,0.1,0.0,0.0
2013-14,203506,Victor Oladipo,1610612753,ORL,80,23,57,31.1,1.4,3.9,0.36,3.0,0.2,0.7,0.281,0.386
2013-14,1713,Vince Carter,1610612742,DAL,81,49,32,24.4,1.1,3.0,0.369,2.7,0.5,1.2,0.374,0.445
2013-14,203543,Vitor Faverani,1610612738,BOS,37,13,24,13.2,0.0,0.1,0.0,0.0,0.0,0.1,0.0,0.0
2013-14,201961,Wayne Ellington,1610612742,DAL,45,23,22,8.7,0.3,0.7,0.375,0.6,0.1,0.2,0.364,0.438
2013-14,202325,Wesley Johnson,1610612747,LAL,79,27,52,28.4,0.4,1.5,0.302,1.0,0.1,0.3,0.333,0.332
2013-14,202083,Wesley Matthews,1610612757,POR,82,54,28,33.9,1.2,3.1,0.387,2.8,0.3,1.0,0.326,0.441
2013-14,203115,Will Barton,1610612757,POR,41,27,14,9.4,0.3,1.1,0.244,0.6,0.1,0.3,0.364,0.289
2013-14,101198,Will Bynum,1610612765,DET,56,17,39,18.8,1.0,2.5,0.383,2.1,0.2,0.4,0.36,0.415
2013-14,2584,Willie Green,1610612746,LAC,55,38,17,15.8,0.3,1.0,0.352,0.7,0.0,0.3,0.133,0.37
2013-14,201163,Wilson Chandler,1610612743,DEN,62,27,35,31.1,0.6,1.9,0.328,1.3,0.1,0.4,0.174,0.345
2013-14,202333,Xavier Henry,1610612747,LAL,43,16,27,21.1,0.8,2.0,0.384,1.6,0.1,0.4,0.222,0.407
2013-14,2216,Zach Randolph,1610612763,MEM,79,49,30,34.2,0.7,1.8,0.394,1.4,0.0,0.1,0.0,0.394
2013-14,2585,Zaza Pachulia,1610612749,MIL,53,10,43,25.0,0.1,0.2,0.25,0.1,0.0,0.0,,0.25
